4.007500 	 0 	 3.05252850E-06 	 3.35403777E-07 
4.012500 	 0 	 4.16286880E-06 	 3.98677739E-07 
4.014400 	 0 	 6.34711482E-07 	 3.51736283E-07 
4.018500 	 0 	 6.74511034E-06 	 5.54675407E-07 
4.020600 	 0 	 9.54372994E-06 	 7.05530598E-07 
4.021500 	 0 	 6.23647039E-06 	 5.55896470E-07 
4.026600 	 0 	 5.80117368E-06 	 5.09523684E-07 
4.030600 	 0 	 3.52471903E-06 	 4.66463635E-07 
4.031400 	 0 	 8.44291492E-06 	 7.36692306E-07 
4.036500 	 0 	 4.90323393E-06 	 4.48465988E-07 
4.041500 	 0 	 5.98552427E-06 	 4.69099473E-07 
4.046600 	 0 	 5.32327982E-06 	 6.10879666E-07 
4.281500 	 0 	 8.68956504E-06 	 5.67006732E-07 
4.301600 	 0 	 6.91834316E-06 	 6.33097405E-07 
4.302600 	 0 	 7.10587872E-06 	 6.45789466E-07 
4.304700 	 0 	 5.13426288E-06 	 8.05358921E-07 
4.305700 	 0 	 8.67608446E-06 	 7.78134302E-07 
4.306600 	 0 	 6.55830806E-06 	 7.74112344E-07 
4.307700 	 0 	 6.70694253E-06 	 7.63886212E-07 
4.308700 	 0 	 7.31704233E-06 	 9.27543005E-07 
4.309600 	 0 	 8.58112787E-06 	 1.74739534E-06 
4.310600 	 0 	 1.93553678E-05 	 3.25539057E-06 
4.312600 	 0 	 2.46201257E-05 	 3.34582795E-06 
4.314600 	 0 	 2.18737914E-05 	 3.20599743E-06 
4.316700 	 0 	 1.56136189E-05 	 3.04732841E-06 
4.318700 	 0 	 2.25575233E-05 	 4.06542069E-06 
4.320800 	 0 	 2.42164490E-05 	 4.23262797E-06 
4.321500 	 0 	 3.49569135E-05 	 4.21684167E-06 
4.322700 	 0 	 2.75231901E-05 	 3.56654108E-06 
4.324600 	 0 	 1.75265276E-05 	 2.89532922E-06 
4.326600 	 0 	 2.39263944E-05 	 3.20035567E-06 
4.328700 	 0 	 2.11503585E-05 	 2.92358908E-06 
4.330700 	 0 	 1.81289316E-05 	 2.91203371E-06 
4.332700 	 0 	 2.79733081E-05 	 3.37900614E-06 
4.334500 	 0 	 1.79151682E-05 	 3.03842322E-06 
4.336700 	 0 	 1.79921260E-05 	 2.70379426E-06 
4.338600 	 0 	 2.04003348E-05 	 1.98500094E-06 
4.340600 	 0 	 1.64001587E-05 	 1.53535592E-06 
4.341600 	 0 	 1.22421415E-05 	 1.70302466E-06 
4.342700 	 0 	 2.19278619E-05 	 1.62777304E-06 
4.344700 	 0 	 2.13930829E-05 	 1.41769298E-06 
4.346700 	 0 	 2.25540421E-05 	 1.41840592E-06 
4.351500 	 0 	 1.83164005E-05 	 1.16277587E-06 
4.356400 	 0 	 1.97390458E-05 	 1.24272687E-06 
4.361500 	 0 	 1.71385536E-05 	 1.07068449E-06 
4.381600 	 0 	 1.38038144E-05 	 9.66249172E-07 
4.401600 	 0 	 1.90421296E-05 	 1.28621518E-06 
4.421500 	 0 	 2.66773950E-05 	 1.60257253E-06 
4.431700 	 0 	 4.10448013E-05 	 2.37270955E-06 
4.441700 	 0 	 4.75941396E-05 	 2.70827341E-06 
4.451500 	 0 	 1.06856533E-04 	 6.07486373E-06 
4.461400 	 0 	 1.58318265E-04 	 8.85720392E-06 
4.466500 	 0 	 4.85797771E-04 	 2.66143450E-05 
4.471600 	 0 	 7.61734069E-04 	 4.09666399E-05 
4.481500 	 0 	 8.40588037E-04 	 4.45462564E-05 
4.489500 	 0 	 7.14038752E-04 	 3.79488011E-05 
4.497600 	 0 	 3.53040013E-04 	 1.88674891E-05 
4.499700 	 0 	 2.67678334E-04 	 1.44019473E-05 
4.501600 	 0 	 3.67400531E-04 	 1.94454673E-05 
4.503700 	 0 	 1.61343247E-04 	 8.64613080E-06 
4.506500 	 0 	 1.07681663E-04 	 5.74931046E-06 
4.511500 	 0 	 6.64379121E-05 	 3.61554806E-06 
4.521700 	 0 	 3.48898069E-05 	 1.98722833E-06 
4.523700 	 0 	 2.75830379E-05 	 1.93152278E-06 
4.526600 	 0 	 2.71372160E-05 	 3.13110395E-06 
4.531600 	 0 	 2.78724259E-05 	 3.46580634E-06 
4.536700 	 0 	 5.24749231E-05 	 6.79630178E-06 
4.540900 	 0 	 4.60689086E-05 	 5.00221381E-06 
4.546600 	 0 	 9.31167144E-05 	 1.20795930E-05 
4.551700 	 0 	 1.35875327E-04 	 1.26345544E-05 
4.561300 	 0 	 3.07717129E-04 	 1.84746290E-05 
4.571700 	 0 	 7.97694619E-04 	 4.50532657E-05 
4.581600 	 0 	 7.60408233E-04 	 4.34106588E-05 
4.591500 	 0 	 3.67535337E-04 	 2.35458535E-05 
4.601600 	 0 	 2.10233300E-04 	 1.26624921E-05 
4.611800 	 0 	 1.03500462E-04 	 7.98208427E-06 
4.621500 	 0 	 9.04554115E-05 	 9.11525225E-06 
4.631700 	 0 	 6.37436484E-05 	 1.26000547E-05 
4.641400 	 0 	 6.22207877E-05 	 8.51123593E-06 
4.646700 	 0 	 4.95495639E-05 	 4.97255026E-06 
4.651500 	 0 	 5.31734689E-05 	 4.86512137E-06 
4.661500 	 0 	 1.11711022E-04 	 7.00327493E-06 
4.681600 	 0 	 7.35358802E-05 	 4.53928332E-06 
4.691700 	 0 	 3.55870934E-05 	 2.27604984E-06 
4.701400 	 0 	 2.52003089E-05 	 1.72457522E-06 
4.721500 	 0 	 2.85320113E-05 	 1.73799747E-06 
4.741500 	 0 	 3.34602732E-05 	 2.05267505E-06 
4.761500 	 0 	 6.70389088E-05 	 3.75549068E-06 
4.766700 	 0 	 1.45563565E-04 	 7.90525087E-06 
4.770400 	 0 	 1.53680798E-04 	 8.33805148E-06 
4.781500 	 0 	 1.97335647E-04 	 1.06596216E-05 
4.786500 	 0 	 1.90382780E-04 	 1.05261331E-05 
4.791700 	 0 	 1.65287427E-04 	 1.08194187E-05 
4.801600 	 0 	 1.50449163E-04 	 9.63423813E-06 
4.811400 	 0 	 1.10179273E-04 	 7.29227239E-06 
4.821500 	 0 	 1.01018406E-04 	 6.72377415E-06 
4.823700 	 0 	 1.02956795E-04 	 5.99883867E-06 
4.826800 	 0 	 9.44418107E-05 	 5.26941150E-06 
4.831600 	 0 	 1.03917471E-04 	 5.50016389E-06 
4.841400 	 0 	 1.00700650E-04 	 5.21302867E-06 
4.861500 	 0 	 1.19668266E-04 	 6.12502099E-06 
4.877800 	 0 	 1.59406340E-04 	 8.13015072E-06 
4.901400 	 0 	 2.60198836E-04 	 1.31206439E-05 
4.911400 	 0 	 3.79767849E-04 	 1.92585956E-05 
4.921600 	 0 	 5.16287577E-04 	 2.60508671E-05 
4.931500 	 0 	 6.47379521E-04 	 3.27113014E-05 
4.937700 	 0 	 8.58438691E-04 	 4.31021173E-05 
4.941700 	 0 	 9.27893290E-04 	 4.66999886E-05 
4.948400 	 0 	 1.14581941E-03 	 5.74739169E-05 
4.958200 	 0 	 1.37175980E-03 	 6.87779701E-05 
4.961800 	 0 	 1.42059356E-03 	 7.13309392E-05 
4.968300 	 0 	 1.54270389E-03 	 7.73429412E-05 
4.973400 	 0 	 1.56556902E-03 	 7.84931142E-05 
4.976200 	 0 	 1.57779783E-03 	 7.91244614E-05 
4.979400 	 0 	 1.54862201E-03 	 7.76784345E-05 
4.981500 	 0 	 1.61438796E-03 	 8.10707696E-05 
4.984300 	 0 	 1.48450038E-03 	 7.43983067E-05 
4.986100 	 0 	 1.41401622E-03 	 7.09513980E-05 
4.996200 	 0 	 1.15698162E-03 	 5.80527056E-05 
5.001600 	 0 	 1.15428551E-03 	 5.80246995E-05 
5.006200 	 0 	 9.39211049E-04 	 4.71336823E-05 
5.016100 	 0 	 7.02415828E-04 	 3.52480064E-05 
5.021500 	 0 	 6.68071466E-04 	 3.36834633E-05 
5.026300 	 0 	 5.81149150E-04 	 2.92481740E-05 
5.029200 	 0 	 5.23282663E-04 	 2.64185275E-05 
5.029400 	 0 	 5.19593281E-04 	 2.62119262E-05 
5.031300 	 0 	 4.95474900E-04 	 2.51755280E-05 
5.036300 	 0 	 4.78711580E-04 	 2.47564733E-05 
5.039300 	 0 	 4.89802688E-04 	 2.54222863E-05 
5.041600 	 0 	 5.45617461E-04 	 2.84560026E-05 
5.044300 	 0 	 5.55727893E-04 	 2.88062877E-05 
5.047400 	 0 	 5.79564812E-04 	 2.99847545E-05 
5.050200 	 0 	 5.97437687E-04 	 3.09395685E-05 
5.053500 	 0 	 6.44730069E-04 	 3.35081539E-05 
5.056300 	 0 	 6.00132321E-04 	 3.10220122E-05 
5.061500 	 0 	 6.46215895E-04 	 3.33891179E-05 
5.066300 	 0 	 5.04432817E-04 	 2.59575960E-05 
5.076400 	 0 	 3.21762853E-04 	 1.66183826E-05 
5.081400 	 0 	 2.98237024E-04 	 1.55122641E-05 
5.086000 	 0 	 2.15824776E-04 	 1.11472541E-05 
5.095700 	 0 	 1.81354497E-04 	 9.50722438E-06 
5.101500 	 0 	 1.69506403E-04 	 8.97242907E-06 
5.105200 	 0 	 1.49225542E-04 	 9.25299590E-06 
5.108300 	 0 	 1.64945228E-04 	 9.76076742E-06 
5.110400 	 0 	 1.75466744E-04 	 1.10967327E-05 
5.111500 	 0 	 1.81565594E-04 	 1.18792171E-05 
5.111900 	 0 	 1.56773184E-04 	 9.85254076E-06 
5.112200 	 0 	 1.64163058E-04 	 1.02192419E-05 
5.114400 	 0 	 1.44436974E-04 	 1.05375398E-05 
5.116400 	 0 	 1.73824632E-04 	 1.17683418E-05 
5.118400 	 0 	 1.40531310E-04 	 1.07373067E-05 
5.120300 	 0 	 1.57279076E-04 	 1.08559274E-05 
5.121500 	 0 	 1.55614743E-04 	 1.12960570E-05 
5.122300 	 0 	 1.36788599E-04 	 9.53359961E-06 
5.125300 	 0 	 1.36670829E-04 	 1.03782073E-05 
5.130300 	 0 	 1.27564032E-04 	 7.97958677E-06 
5.135300 	 0 	 1.14919696E-04 	 8.19503228E-06 
5.140000 	 0 	 9.82422964E-05 	 6.37116489E-06 
5.141400 	 0 	 1.10235566E-04 	 7.44377815E-06 
5.145300 	 0 	 1.14192337E-04 	 6.89123304E-06 
5.150400 	 0 	 2.08988939E-04 	 1.14886313E-05 
5.153200 	 0 	 2.49034400E-04 	 1.33912200E-05 
5.156200 	 0 	 2.80004914E-04 	 1.49272062E-05 
5.159500 	 0 	 2.79387178E-04 	 1.48914586E-05 
5.161500 	 0 	 3.11086532E-04 	 1.67646204E-05 
5.162500 	 0 	 2.81958857E-04 	 1.48495623E-05 
5.168500 	 0 	 2.81140394E-04 	 1.46684984E-05 
5.170900 	 0 	 2.65263681E-04 	 1.37860435E-05 
5.181500 	 0 	 1.84011356E-04 	 9.88900791E-06 
5.201300 	 0 	 1.23398386E-04 	 6.57048992E-06 
5.221500 	 0 	 1.08451241E-04 	 5.97712180E-06 
5.241500 	 0 	 1.27794387E-04 	 7.36797615E-06 
5.251000 	 0 	 1.58476032E-04 	 8.56587750E-06 
5.254600 	 0 	 1.93125559E-04 	 1.10123756E-05 
5.261600 	 0 	 2.75238567E-04 	 1.55743981E-05 
5.271400 	 0 	 4.08845898E-04 	 2.24919189E-05 
5.276500 	 0 	 3.60658761E-04 	 2.10140557E-05 
5.281500 	 0 	 3.75268892E-04 	 2.19025793E-05 
5.286500 	 0 	 3.33253193E-04 	 1.88399107E-05 
5.286500 	 0 	 3.19089699E-04 	 1.96475006E-05 
5.291300 	 0 	 2.76274053E-04 	 1.85224420E-05 
5.296500 	 0 	 2.69370072E-04 	 1.93903388E-05 
5.301700 	 0 	 2.20908139E-04 	 1.59740455E-05 
5.304400 	 0 	 2.48307041E-04 	 1.95356015E-05 
5.309200 	 0 	 2.50968344E-04 	 1.71672425E-05 
5.311200 	 0 	 2.11172496E-04 	 1.46953654E-05 
5.313900 	 0 	 2.50589851E-04 	 1.66088804E-05 
5.319700 	 0 	 2.47596719E-04 	 1.56670912E-05 
5.324400 	 0 	 2.87437008E-04 	 1.73809464E-05 
5.329000 	 0 	 3.22325778E-04 	 1.84682855E-05 
5.334300 	 0 	 3.80457433E-04 	 2.09719539E-05 
5.339200 	 0 	 4.44396846E-04 	 2.39675082E-05 
5.344400 	 0 	 4.57990008E-04 	 2.46395038E-05 
5.344400 	 0 	 4.82042468E-04 	 2.53766999E-05 
5.349000 	 0 	 4.66554618E-04 	 2.43170760E-05 
5.354200 	 0 	 3.91484100E-04 	 2.05173809E-05 
5.354400 	 0 	 4.16772773E-04 	 2.17102044E-05 
5.358400 	 0 	 3.31421464E-04 	 1.73140577E-05 
5.359800 	 0 	 3.48148490E-04 	 1.79959396E-05 
5.360100 	 0 	 3.19504486E-04 	 1.65251532E-05 
5.363600 	 0 	 4.09108103E-04 	 2.16216382E-05 
5.365100 	 0 	 3.81247009E-04 	 1.95157216E-05 
5.369400 	 0 	 3.76356967E-04 	 2.02345138E-05 
5.371300 	 0 	 3.37372916E-04 	 1.82595843E-05 
5.373400 	 0 	 3.34817532E-04 	 1.80830995E-05 
5.375400 	 0 	 3.21769519E-04 	 1.74539462E-05 
5.377500 	 0 	 2.91457479E-04 	 1.59811198E-05 
5.379500 	 0 	 2.67002824E-04 	 1.41726615E-05 
5.381200 	 0 	 2.58836705E-04 	 1.42532356E-05 
5.386300 	 0 	 1.46984951E-04 	 7.87305867E-06 
5.391600 	 0 	 6.42452444E-05 	 3.79115397E-06 
5.394400 	 0 	 3.59844001E-05 	 2.35957911E-06 
5.394800 	 0 	 5.76025050E-05 	 3.29450435E-06 
5.395400 	 0 	 3.22645756E-05 	 2.06741123E-06 
5.397500 	 0 	 2.87522928E-05 	 1.80453319E-06 
5.401400 	 0 	 2.39120991E-05 	 1.51776824E-06 
5.404600 	 0 	 2.54699205E-05 	 1.63549957E-06 
5.414900 	 0 	 3.93415082E-05 	 2.23515776E-06 
5.425600 	 0 	 6.70605370E-05 	 3.61002459E-06 
5.435900 	 0 	 7.67970688E-05 	 4.12435304E-06 
5.446900 	 0 	 6.84628873E-05 	 3.66562092E-06 
5.450800 	 0 	 5.85535523E-05 	 3.21932231E-06 
4.007500 	 15 	 1.96271317E-06 	 4.48748012E-07 
4.012500 	 15 	 5.59088725E-06 	 6.47592485E-07 
4.014400 	 15 	 1.92564475E-06 	 4.64324948E-07 
4.018500 	 15 	 3.43643742E-06 	 5.90918430E-07 
4.020600 	 15 	 4.00279173E-06 	 1.00854226E-06 
4.021500 	 15 	 5.63753959E-06 	 7.05344809E-07 
4.026600 	 15 	 5.71037560E-06 	 7.84254099E-07 
4.030600 	 15 	 6.16953914E-06 	 7.07841325E-07 
4.031400 	 15 	 3.15744873E-06 	 6.30352045E-07 
4.036500 	 15 	 4.26810868E-06 	 6.62976844E-07 
4.041500 	 15 	 6.80660331E-06 	 6.27250870E-07 
4.046600 	 15 	 7.22281670E-06 	 6.38328742E-07 
4.281500 	 15 	 7.49752650E-06 	 7.20731288E-07 
4.301600 	 15 	 6.31914727E-06 	 7.65723133E-07 
4.302600 	 15 	 5.08715824E-06 	 7.97053547E-07 
4.304700 	 15 	 7.53134469E-06 	 1.27420138E-06 
4.305700 	 15 	 5.21723686E-06 	 7.78790423E-07 
4.306600 	 15 	 6.96326024E-06 	 8.92565610E-07 
4.307700 	 15 	 8.32281437E-06 	 1.02028663E-06 
4.308700 	 15 	 6.58142047E-06 	 2.21320312E-06 
4.309600 	 15 	 1.34202968E-05 	 2.54056051E-06 
4.310600 	 15 	 1.45264511E-05 	 4.08371599E-06 
4.312600 	 15 	 1.96458300E-05 	 4.74989231E-06 
4.314600 	 15 	 1.33829747E-05 	 5.34177567E-06 
4.316700 	 15 	 1.18423393E-05 	 3.41420329E-06 
4.318700 	 15 	 2.23550936E-05 	 6.50849458E-06 
4.320800 	 15 	 2.12190781E-05 	 4.93622783E-06 
4.321500 	 15 	 1.25831557E-05 	 5.58804017E-06 
4.322700 	 15 	 1.42280822E-05 	 3.84046153E-06 
4.324600 	 15 	 1.90370885E-05 	 4.17736258E-06 
4.326600 	 15 	 2.25261231E-05 	 4.98220488E-06 
4.328700 	 15 	 1.95990261E-05 	 5.29780904E-06 
4.330700 	 15 	 2.26276665E-05 	 4.35061406E-06 
4.332700 	 15 	 2.35116950E-05 	 4.27699700E-06 
4.334500 	 15 	 2.40425988E-05 	 4.42460030E-06 
4.336700 	 15 	 1.69682381E-05 	 2.94305876E-06 
4.338600 	 15 	 1.51352686E-05 	 2.43493263E-06 
4.340600 	 15 	 1.34324654E-05 	 1.80544878E-06 
4.341600 	 15 	 1.58013519E-05 	 2.46082022E-06 
4.342700 	 15 	 1.97203810E-05 	 1.99953398E-06 
4.344700 	 15 	 2.36817992E-05 	 1.84737660E-06 
4.346700 	 15 	 1.91768698E-05 	 1.77139800E-06 
4.351500 	 15 	 1.95672819E-05 	 1.56853465E-06 
4.356400 	 15 	 1.88452665E-05 	 1.45122808E-06 
4.361500 	 15 	 1.68287284E-05 	 1.29713744E-06 
4.381600 	 15 	 1.32415588E-05 	 1.17148255E-06 
4.401600 	 15 	 1.54404065E-05 	 1.28633787E-06 
4.421500 	 15 	 2.15143471E-05 	 1.65905050E-06 
4.431700 	 15 	 3.56475248E-05 	 2.49104051E-06 
4.441700 	 15 	 4.40932505E-05 	 2.94160316E-06 
4.451500 	 15 	 9.91102947E-05 	 6.44471335E-06 
4.461400 	 15 	 1.61141875E-04 	 1.00979984E-05 
4.466500 	 15 	 4.37985963E-04 	 2.64256717E-05 
4.471600 	 15 	 7.20343531E-04 	 4.15369335E-05 
4.481500 	 15 	 7.61464705E-04 	 4.31465817E-05 
4.489500 	 15 	 6.35813859E-04 	 3.62667494E-05 
4.497600 	 15 	 3.18488817E-04 	 1.82893077E-05 
4.499700 	 15 	 2.57164637E-04 	 1.48322369E-05 
4.501600 	 15 	 3.09790835E-04 	 1.76676202E-05 
4.503700 	 15 	 1.41546318E-04 	 8.29240211E-06 
4.506500 	 15 	 1.00568370E-04 	 5.79063935E-06 
4.511500 	 15 	 5.84124942E-05 	 3.54274390E-06 
4.521700 	 15 	 3.00563633E-05 	 1.96819602E-06 
4.523700 	 15 	 2.36706341E-05 	 2.30169163E-06 
4.526600 	 15 	 2.71277407E-05 	 3.49219303E-06 
4.531600 	 15 	 2.80728243E-05 	 4.25958485E-06 
4.536700 	 15 	 3.81824223E-05 	 9.76543004E-06 
4.540900 	 15 	 3.99822260E-05 	 7.37427945E-06 
4.546600 	 15 	 7.92875717E-05 	 1.30396962E-05 
4.551700 	 15 	 1.04749483E-04 	 1.66614954E-05 
4.561300 	 15 	 2.65199339E-04 	 1.93357758E-05 
4.571700 	 15 	 6.96591302E-04 	 4.52152409E-05 
4.581600 	 15 	 6.93177655E-04 	 4.55941808E-05 
4.591500 	 15 	 3.88576109E-04 	 2.89317464E-05 
4.601600 	 15 	 2.11388993E-04 	 1.56275748E-05 
4.611800 	 15 	 1.04390246E-04 	 1.06570597E-05 
4.621500 	 15 	 8.65780308E-05 	 1.18060716E-05 
4.631700 	 15 	 7.31175757E-05 	 1.56282206E-05 
4.641400 	 15 	 6.64131861E-05 	 1.14791417E-05 
4.646700 	 15 	 4.39494078E-05 	 6.36609750E-06 
4.651500 	 15 	 4.82981958E-05 	 6.30164145E-06 
4.661500 	 15 	 9.91600093E-05 	 8.07942309E-06 
4.681600 	 15 	 6.66592238E-05 	 5.09612617E-06 
4.691700 	 15 	 3.25089571E-05 	 2.80320849E-06 
4.701400 	 15 	 2.97692495E-05 	 2.47489586E-06 
4.721500 	 15 	 2.89572312E-05 	 2.04637673E-06 
4.741500 	 15 	 3.25205602E-05 	 2.47614959E-06 
4.761500 	 15 	 5.41886434E-05 	 3.57534309E-06 
4.766700 	 15 	 1.31493499E-04 	 8.12400081E-06 
4.770400 	 15 	 1.43544440E-04 	 8.59409475E-06 
4.781500 	 15 	 1.69379485E-04 	 1.01199766E-05 
4.786500 	 15 	 1.76596524E-04 	 1.12236241E-05 
4.791700 	 15 	 1.60354542E-04 	 1.26785236E-05 
4.801600 	 15 	 1.48367952E-04 	 1.52739578E-05 
4.811400 	 15 	 1.08459889E-04 	 9.90408227E-06 
4.821500 	 15 	 1.00450886E-04 	 8.80842100E-06 
4.823700 	 15 	 9.51576160E-05 	 6.60585943E-06 
4.826800 	 15 	 9.30785018E-05 	 5.84008309E-06 
4.831600 	 15 	 9.24985590E-05 	 5.26102747E-06 
4.841400 	 15 	 9.03677242E-05 	 4.88615540E-06 
4.861500 	 15 	 1.07394059E-04 	 5.66677868E-06 
4.877800 	 15 	 1.47642766E-04 	 7.72084134E-06 
4.901400 	 15 	 2.33746446E-04 	 1.19300981E-05 
4.911400 	 15 	 3.51985712E-04 	 1.81451175E-05 
4.921600 	 15 	 4.68810392E-04 	 2.39431127E-05 
4.931500 	 15 	 6.16838187E-04 	 3.15476940E-05 
4.937700 	 15 	 7.75936835E-04 	 3.91715754E-05 
4.941700 	 15 	 8.56295976E-04 	 4.34354131E-05 
4.948400 	 15 	 1.05502870E-03 	 5.31288646E-05 
4.958200 	 15 	 1.25576439E-03 	 6.31758234E-05 
4.961800 	 15 	 1.26850468E-03 	 6.40420456E-05 
4.968300 	 15 	 1.42699949E-03 	 7.17849916E-05 
4.973400 	 15 	 1.44916708E-03 	 7.28806649E-05 
4.976200 	 15 	 1.45000082E-03 	 7.29743156E-05 
4.979400 	 15 	 1.41621123E-03 	 7.13165794E-05 
4.981500 	 15 	 1.41218686E-03 	 7.13251787E-05 
4.984300 	 15 	 1.36504672E-03 	 6.86112092E-05 
4.986100 	 15 	 1.31148147E-03 	 6.60767147E-05 
4.996200 	 15 	 1.07987513E-03 	 5.44034510E-05 
5.001600 	 15 	 1.00718649E-03 	 5.09930605E-05 
5.006200 	 15 	 8.59391001E-04 	 4.33300984E-05 
5.016100 	 15 	 6.61942156E-04 	 3.33612629E-05 
5.021500 	 15 	 5.94027510E-04 	 3.02844512E-05 
5.026300 	 15 	 5.32040249E-04 	 2.70035132E-05 
5.029200 	 15 	 4.91316044E-04 	 2.51029163E-05 
5.029400 	 15 	 4.98654618E-04 	 2.54356387E-05 
5.031300 	 15 	 5.05007161E-04 	 2.60855780E-05 
5.036300 	 15 	 4.85304239E-04 	 2.60551091E-05 
5.039300 	 15 	 4.79013531E-04 	 2.61030349E-05 
5.041600 	 15 	 4.69417873E-04 	 2.60135035E-05 
5.044300 	 15 	 5.58099086E-04 	 3.00699070E-05 
5.047400 	 15 	 5.96159056E-04 	 3.19755714E-05 
5.050200 	 15 	 6.35790100E-04 	 3.39815597E-05 
5.053500 	 15 	 6.33876642E-04 	 3.44134466E-05 
5.056300 	 15 	 6.21314593E-04 	 3.33292090E-05 
5.061500 	 15 	 5.79351404E-04 	 3.11930801E-05 
5.066300 	 15 	 5.06598266E-04 	 2.68305043E-05 
5.076400 	 15 	 3.13464302E-04 	 1.68135013E-05 
5.081400 	 15 	 2.60396251E-04 	 1.43163039E-05 
5.086000 	 15 	 2.20407514E-04 	 1.17978979E-05 
5.095700 	 15 	 1.73482180E-04 	 9.61227508E-06 
5.101500 	 15 	 1.55324216E-04 	 8.89319502E-06 
5.105200 	 15 	 1.54169299E-04 	 1.13653736E-05 
5.108300 	 15 	 1.62605076E-04 	 1.23728497E-05 
5.110400 	 15 	 1.52940728E-04 	 1.23141587E-05 
5.111500 	 15 	 1.58493782E-04 	 1.36301701E-05 
5.111900 	 15 	 1.52527987E-04 	 1.35811944E-05 
5.112200 	 15 	 1.51176784E-04 	 1.30281400E-05 
5.114400 	 15 	 1.44654498E-04 	 1.41577137E-05 
5.116400 	 15 	 1.37289962E-04 	 1.36754840E-05 
5.118400 	 15 	 1.43592788E-04 	 1.50554925E-05 
5.120300 	 15 	 1.37687726E-04 	 1.38031493E-05 
5.121500 	 15 	 1.26526546E-04 	 1.24059323E-05 
5.122300 	 15 	 1.22806684E-04 	 1.38566050E-05 
5.125300 	 15 	 1.23099059E-04 	 1.33111640E-05 
5.130300 	 15 	 1.28866008E-04 	 1.11893913E-05 
5.135300 	 15 	 9.85484616E-05 	 9.72999868E-06 
5.140000 	 15 	 1.01271753E-04 	 8.37292150E-06 
5.141400 	 15 	 9.50179576E-05 	 8.48460981E-06 
5.145300 	 15 	 1.14947031E-04 	 8.08793498E-06 
5.150400 	 15 	 2.04248480E-04 	 1.25714293E-05 
5.153200 	 15 	 2.55500603E-04 	 1.47908080E-05 
5.156200 	 15 	 2.72869706E-04 	 1.56169044E-05 
5.159500 	 15 	 2.65826836E-04 	 1.52611533E-05 
5.161500 	 15 	 2.79303059E-04 	 1.64823850E-05 
5.162500 	 15 	 2.79640607E-04 	 1.56749919E-05 
5.168500 	 15 	 2.67767488E-04 	 1.47809567E-05 
5.170900 	 15 	 2.52468830E-04 	 1.37614546E-05 
5.181500 	 15 	 1.48782209E-04 	 8.99880008E-06 
5.201300 	 15 	 9.94792604E-05 	 5.84530484E-06 
5.221500 	 15 	 9.24565316E-05 	 5.75700527E-06 
5.241500 	 15 	 1.14081458E-04 	 8.01593095E-06 
5.251000 	 15 	 1.50709415E-04 	 9.01567966E-06 
5.254600 	 15 	 1.64383493E-04 	 1.12525334E-05 
5.261600 	 15 	 2.51913945E-04 	 1.68791809E-05 
5.271400 	 15 	 3.39127092E-04 	 2.14024034E-05 
5.276500 	 15 	 3.32498120E-04 	 2.31819089E-05 
5.281500 	 15 	 3.32347461E-04 	 2.35577620E-05 
5.286500 	 15 	 3.25745003E-04 	 2.11693282E-05 
5.286500 	 15 	 3.17871167E-04 	 2.41462586E-05 
5.291300 	 15 	 2.51741789E-04 	 2.48776769E-05 
5.296500 	 15 	 2.09834009E-04 	 2.57813965E-05 
5.301700 	 15 	 2.04699406E-04 	 2.35658325E-05 
5.304400 	 15 	 2.32236511E-04 	 2.59938382E-05 
5.309200 	 15 	 1.99090071E-04 	 2.05376006E-05 
5.311200 	 15 	 1.98208233E-04 	 2.14052769E-05 
5.313900 	 15 	 1.84194730E-04 	 2.05249379E-05 
5.319700 	 15 	 2.06098577E-04 	 1.65318624E-05 
5.324400 	 15 	 2.61189040E-04 	 1.98598761E-05 
5.329000 	 15 	 2.62573985E-04 	 1.82092463E-05 
5.334300 	 15 	 3.11175690E-04 	 1.98311198E-05 
5.339200 	 15 	 3.69701698E-04 	 2.23986200E-05 
5.344400 	 15 	 4.29286342E-04 	 2.52571805E-05 
5.344400 	 15 	 4.07155157E-04 	 2.32606783E-05 
5.349000 	 15 	 3.98152619E-04 	 2.21093835E-05 
5.354200 	 15 	 3.82537518E-04 	 2.11602935E-05 
5.354400 	 15 	 3.66942705E-04 	 2.00110246E-05 
5.358400 	 15 	 3.41055368E-04 	 1.85651516E-05 
5.359800 	 15 	 3.12674325E-04 	 1.68781664E-05 
5.360100 	 15 	 3.06906752E-04 	 1.65138628E-05 
5.363600 	 15 	 3.88913248E-04 	 2.18189402E-05 
5.365100 	 15 	 3.36370361E-04 	 1.77928231E-05 
5.369400 	 15 	 3.48870998E-04 	 2.03707777E-05 
5.371300 	 15 	 3.30139533E-04 	 1.93903038E-05 
5.373400 	 15 	 3.06025558E-04 	 1.84382450E-05 
5.375400 	 15 	 2.90076537E-04 	 1.73423669E-05 
5.377500 	 15 	 2.70772008E-04 	 1.66360471E-05 
5.379500 	 15 	 2.50567139E-04 	 1.41721442E-05 
5.381200 	 15 	 2.56950612E-04 	 1.54253690E-05 
5.386300 	 15 	 1.30300217E-04 	 7.76019766E-06 
5.391600 	 15 	 5.41723582E-05 	 3.86564898E-06 
5.394400 	 15 	 3.33135312E-05 	 2.96521312E-06 
5.394800 	 15 	 5.15172828E-05 	 3.65296502E-06 
5.395400 	 15 	 3.15501053E-05 	 2.40861173E-06 
5.397500 	 15 	 2.54898061E-05 	 2.17380769E-06 
5.401400 	 15 	 2.13417714E-05 	 1.71769996E-06 
5.404600 	 15 	 2.07785300E-05 	 1.76835948E-06 
5.414900 	 15 	 3.20322312E-05 	 2.38898201E-06 
5.425600 	 15 	 5.94128159E-05 	 3.58693322E-06 
5.435900 	 15 	 6.64583550E-05 	 4.04765803E-06 
5.446900 	 15 	 5.72366672E-05 	 3.38183801E-06 
5.450800 	 15 	 5.27804519E-05 	 3.28412955E-06 
4.007500 	 30 	 2.04106367E-06 	 4.79482425E-07 
4.012500 	 30 	 6.38438808E-06 	 6.09328473E-07 
4.014400 	 30 	 7.11181070E-06 	 6.49805362E-07 
4.018500 	 30 	 5.65154103E-06 	 7.13850439E-07 
4.020600 	 30 	 8.55424798E-06 	 1.01804292E-06 
4.021500 	 30 	 6.45927203E-06 	 7.69817482E-07 
4.026600 	 30 	 7.13987210E-06 	 7.05882004E-07 
4.030600 	 30 	 8.78154266E-06 	 7.29369874E-07 
4.031400 	 30 	 4.16610859E-06 	 6.09054400E-07 
4.036500 	 30 	 7.68483864E-06 	 7.99486688E-07 
4.041500 	 30 	 6.04962596E-06 	 7.80383082E-07 
4.046600 	 30 	 7.47659273E-06 	 6.57646001E-07 
4.281500 	 30 	 8.39971374E-06 	 8.01194719E-07 
4.301600 	 30 	 1.04797538E-05 	 8.37141915E-07 
4.302600 	 30 	 7.35725919E-06 	 8.62257205E-07 
4.304700 	 30 	 6.57510915E-06 	 9.20293616E-07 
4.305700 	 30 	 7.99916790E-06 	 8.69385861E-07 
4.306600 	 30 	 7.93435756E-06 	 1.07587641E-06 
4.307700 	 30 	 6.13101111E-06 	 1.01615250E-06 
4.308700 	 30 	 1.01005981E-05 	 1.23465193E-06 
4.309600 	 30 	 1.33044780E-05 	 2.87279297E-06 
4.310600 	 30 	 9.81313970E-06 	 3.12472808E-06 
4.312600 	 30 	 2.84401996E-05 	 5.77214502E-06 
4.314600 	 30 	 1.97386553E-05 	 4.29072912E-06 
4.316700 	 30 	 2.37291590E-05 	 5.26327898E-06 
4.318700 	 30 	 2.21916350E-05 	 4.58400750E-06 
4.320800 	 30 	 2.61097815E-05 	 4.57985073E-06 
4.321500 	 30 	 2.23349136E-05 	 4.23591046E-06 
4.322700 	 30 	 1.78258950E-05 	 5.08417771E-06 
4.324600 	 30 	 2.17913394E-05 	 4.52004523E-06 
4.326600 	 30 	 1.60982102E-05 	 5.11764534E-06 
4.328700 	 30 	 2.57424430E-05 	 5.40848714E-06 
4.330700 	 30 	 2.40699729E-05 	 4.91635213E-06 
4.332700 	 30 	 2.57421065E-05 	 4.67824336E-06 
4.334500 	 30 	 2.14161006E-05 	 4.04531273E-06 
4.336700 	 30 	 1.29806226E-05 	 2.79233993E-06 
4.338600 	 30 	 1.43858682E-05 	 2.52833335E-06 
4.340600 	 30 	 1.27561818E-05 	 1.94332555E-06 
4.341600 	 30 	 1.65157007E-05 	 2.93539314E-06 
4.342700 	 30 	 1.69876984E-05 	 1.82337845E-06 
4.344700 	 30 	 1.94021401E-05 	 1.74631573E-06 
4.346700 	 30 	 2.03914128E-05 	 1.56993524E-06 
4.351500 	 30 	 1.77871720E-05 	 1.48180089E-06 
4.356400 	 30 	 1.81180316E-05 	 1.37385253E-06 
4.361500 	 30 	 1.78405222E-05 	 1.32572982E-06 
4.381600 	 30 	 1.24538755E-05 	 9.90311429E-07 
4.401600 	 30 	 1.61380188E-05 	 1.28681330E-06 
4.421500 	 30 	 2.16897210E-05 	 1.65297326E-06 
4.431700 	 30 	 3.30086173E-05 	 2.38919688E-06 
4.441700 	 30 	 4.65677847E-05 	 3.03871480E-06 
4.451500 	 30 	 9.20138238E-05 	 6.08794126E-06 
4.461400 	 30 	 1.65203953E-04 	 1.01415813E-05 
4.466500 	 30 	 4.41054588E-04 	 2.65789402E-05 
4.471600 	 30 	 6.96345202E-04 	 4.06867084E-05 
4.481500 	 30 	 7.76863452E-04 	 4.41282949E-05 
4.489500 	 30 	 6.53332324E-04 	 3.72408993E-05 
4.497600 	 30 	 3.33433434E-04 	 1.92021505E-05 
4.499700 	 30 	 2.52773424E-04 	 1.46312596E-05 
4.501600 	 30 	 3.18694785E-04 	 1.81360121E-05 
4.503700 	 30 	 1.43983426E-04 	 8.39062592E-06 
4.506500 	 30 	 1.05335690E-04 	 5.98899406E-06 
4.511500 	 30 	 5.69101468E-05 	 3.43037693E-06 
4.521700 	 30 	 3.13139103E-05 	 2.03608444E-06 
4.523700 	 30 	 2.73555412E-05 	 2.54376710E-06 
4.526600 	 30 	 2.26166066E-05 	 3.39372567E-06 
4.531600 	 30 	 3.18531278E-05 	 4.55966219E-06 
4.536700 	 30 	 3.39644833E-05 	 7.13179293E-06 
4.540900 	 30 	 3.92271832E-05 	 6.22644502E-06 
4.546600 	 30 	 8.54334126E-05 	 1.32950581E-05 
4.551700 	 30 	 1.31469741E-04 	 1.89269273E-05 
4.561300 	 30 	 2.88385566E-04 	 2.03756130E-05 
4.571700 	 30 	 7.05188802E-04 	 4.57180132E-05 
4.581600 	 30 	 7.19184599E-04 	 4.63545829E-05 
4.591500 	 30 	 3.93905905E-04 	 2.90333612E-05 
4.601600 	 30 	 2.05386133E-04 	 1.54511935E-05 
4.611800 	 30 	 1.03937225E-04 	 1.02480613E-05 
4.621500 	 30 	 1.01716399E-04 	 1.24794130E-05 
4.631700 	 30 	 7.71838897E-05 	 1.45393738E-05 
4.641400 	 30 	 6.89641190E-05 	 1.34230365E-05 
4.646700 	 30 	 4.46839345E-05 	 6.80373699E-06 
4.651500 	 30 	 4.94016130E-05 	 6.81161629E-06 
4.661500 	 30 	 9.60062585E-05 	 7.77488554E-06 
4.681600 	 30 	 7.26243890E-05 	 5.30962141E-06 
4.691700 	 30 	 3.41643910E-05 	 3.08367814E-06 
4.701400 	 30 	 2.75703894E-05 	 2.26772426E-06 
4.721500 	 30 	 2.57542180E-05 	 1.85937132E-06 
4.741500 	 30 	 3.51554865E-05 	 2.62425629E-06 
4.761500 	 30 	 5.77249126E-05 	 3.76976750E-06 
4.766700 	 30 	 1.37096900E-04 	 8.34957149E-06 
4.770400 	 30 	 1.45724544E-04 	 8.86144643E-06 
4.781500 	 30 	 1.76108659E-04 	 1.05110592E-05 
4.786500 	 30 	 1.87777534E-04 	 1.16663665E-05 
4.791700 	 30 	 1.56515362E-04 	 1.27048264E-05 
4.801600 	 30 	 1.37777687E-04 	 1.17092175E-05 
4.811400 	 30 	 1.04402013E-04 	 9.22824436E-06 
4.821500 	 30 	 1.01194652E-04 	 8.53772823E-06 
4.823700 	 30 	 9.58437253E-05 	 6.49655460E-06 
4.826800 	 30 	 9.21138236E-05 	 5.67955793E-06 
4.831600 	 30 	 9.52851629E-05 	 5.38122512E-06 
4.841400 	 30 	 9.06085586E-05 	 4.89392966E-06 
4.861500 	 30 	 1.05986767E-04 	 5.59964516E-06 
4.877800 	 30 	 1.46040031E-04 	 7.63030157E-06 
4.901400 	 30 	 2.34892151E-04 	 1.19790515E-05 
4.911400 	 30 	 3.55487315E-04 	 1.83254835E-05 
4.921600 	 30 	 4.79241282E-04 	 2.44545301E-05 
4.931500 	 30 	 6.22448592E-04 	 3.18153484E-05 
4.937700 	 30 	 7.79104503E-04 	 3.93228943E-05 
4.941700 	 30 	 8.50230141E-04 	 4.31315628E-05 
4.948400 	 30 	 1.05387012E-03 	 5.30716512E-05 
4.958200 	 30 	 1.27853140E-03 	 6.43055666E-05 
4.961800 	 30 	 1.29898684E-03 	 6.55672643E-05 
4.968300 	 30 	 1.40067276E-03 	 7.04499193E-05 
4.973400 	 30 	 1.47419883E-03 	 7.41502635E-05 
4.976200 	 30 	 1.42870110E-03 	 7.19009475E-05 
4.979400 	 30 	 1.45512425E-03 	 7.32645760E-05 
4.981500 	 30 	 1.44186871E-03 	 7.28085783E-05 
4.984300 	 30 	 1.34541093E-03 	 6.76307994E-05 
4.986100 	 30 	 1.34195326E-03 	 6.76165350E-05 
4.996200 	 30 	 1.07471374E-03 	 5.41474088E-05 
5.001600 	 30 	 1.02639208E-03 	 5.20019401E-05 
5.006200 	 30 	 8.67460692E-04 	 4.37316291E-05 
5.016100 	 30 	 6.72133226E-04 	 3.38694448E-05 
5.021500 	 30 	 6.15277235E-04 	 3.13559407E-05 
5.026300 	 30 	 5.32009026E-04 	 2.69985782E-05 
5.029200 	 30 	 5.12161517E-04 	 2.61268142E-05 
5.029400 	 30 	 5.08387574E-04 	 2.59055637E-05 
5.031300 	 30 	 5.11493927E-04 	 2.64077418E-05 
5.036300 	 30 	 4.85670567E-04 	 2.59801427E-05 
5.039300 	 30 	 4.91773614E-04 	 2.66033201E-05 
5.041600 	 30 	 4.92609227E-04 	 2.72212214E-05 
5.044300 	 30 	 5.50748563E-04 	 2.96433929E-05 
5.047400 	 30 	 5.93814736E-04 	 3.17321754E-05 
5.050200 	 30 	 6.31436635E-04 	 3.36553811E-05 
5.053500 	 30 	 6.42471480E-04 	 3.46602397E-05 
5.056300 	 30 	 6.29626476E-04 	 3.36489335E-05 
5.061500 	 30 	 6.04829152E-04 	 3.24764081E-05 
5.066300 	 30 	 5.15942674E-04 	 2.72820011E-05 
5.076400 	 30 	 3.19428677E-04 	 1.71209018E-05 
5.081400 	 30 	 2.67914768E-04 	 1.46773869E-05 
5.086000 	 30 	 2.19445182E-04 	 1.17172036E-05 
5.095700 	 30 	 1.75622331E-04 	 9.72812257E-06 
5.101500 	 30 	 1.59713763E-04 	 9.10533494E-06 
5.105200 	 30 	 1.52478886E-04 	 1.13330800E-05 
5.108300 	 30 	 1.62728113E-04 	 1.16769804E-05 
5.110400 	 30 	 1.47028146E-04 	 1.23883394E-05 
5.111500 	 30 	 1.58434309E-04 	 1.36959412E-05 
5.111900 	 30 	 1.49959669E-04 	 1.25614614E-05 
5.112200 	 30 	 1.53824836E-04 	 1.26192476E-05 
5.114400 	 30 	 1.45091132E-04 	 1.32962212E-05 
5.116400 	 30 	 1.48934392E-04 	 1.45038511E-05 
5.118400 	 30 	 1.33609064E-04 	 1.34878610E-05 
5.120300 	 30 	 1.34732205E-04 	 1.36887779E-05 
5.121500 	 30 	 1.32322385E-04 	 1.28234047E-05 
5.122300 	 30 	 1.30022079E-04 	 1.19940025E-05 
5.125300 	 30 	 1.23973565E-04 	 1.21851383E-05 
5.130300 	 30 	 1.13654451E-04 	 1.01626473E-05 
5.135300 	 30 	 1.03667053E-04 	 9.02325004E-06 
5.140000 	 30 	 1.05909813E-04 	 9.05028470E-06 
5.141400 	 30 	 1.00216549E-04 	 8.65539836E-06 
5.145300 	 30 	 1.28434241E-04 	 8.77218651E-06 
5.150400 	 30 	 2.07661106E-04 	 1.27217865E-05 
5.153200 	 30 	 2.53731062E-04 	 1.46188189E-05 
5.156200 	 30 	 2.69039838E-04 	 1.52790477E-05 
5.159500 	 30 	 2.73622231E-04 	 1.57242188E-05 
5.161500 	 30 	 2.87323694E-04 	 1.68344380E-05 
5.162500 	 30 	 2.86471721E-04 	 1.59553111E-05 
5.168500 	 30 	 2.73622266E-04 	 1.50750481E-05 
5.170900 	 30 	 2.53825380E-04 	 1.37862422E-05 
5.181500 	 30 	 1.62709076E-04 	 9.63588919E-06 
5.201300 	 30 	 1.04094435E-04 	 6.05196265E-06 
5.221500 	 30 	 9.67659070E-05 	 5.90915261E-06 
5.241500 	 30 	 1.12674602E-04 	 7.80517095E-06 
5.251000 	 30 	 1.59401546E-04 	 9.57084469E-06 
5.254600 	 30 	 1.65553175E-04 	 1.12079160E-05 
5.261600 	 30 	 2.45922904E-04 	 1.67037975E-05 
5.271400 	 30 	 3.71981308E-04 	 2.34872358E-05 
5.276500 	 30 	 3.62704984E-04 	 2.46496951E-05 
5.281500 	 30 	 3.42983135E-04 	 2.44509787E-05 
5.286500 	 30 	 3.26846968E-04 	 2.17448203E-05 
5.286500 	 30 	 3.00924444E-04 	 2.42554121E-05 
5.291300 	 30 	 2.89693002E-04 	 2.66597575E-05 
5.296500 	 30 	 2.31609375E-04 	 3.03742766E-05 
5.301700 	 30 	 2.27992813E-04 	 2.52872363E-05 
5.304400 	 30 	 2.13643970E-04 	 2.53283358E-05 
5.309200 	 30 	 1.68533072E-04 	 1.97564038E-05 
5.311200 	 30 	 2.37380186E-04 	 2.58080873E-05 
5.313900 	 30 	 1.80271360E-04 	 1.98859328E-05 
5.319700 	 30 	 2.16546903E-04 	 1.75187327E-05 
5.324400 	 30 	 2.47113794E-04 	 1.87937153E-05 
5.329000 	 30 	 2.81149010E-04 	 2.00478691E-05 
5.334300 	 30 	 3.28852955E-04 	 2.05158816E-05 
5.339200 	 30 	 3.86200399E-04 	 2.28193474E-05 
5.344400 	 30 	 4.52589439E-04 	 2.63908465E-05 
5.344400 	 30 	 4.16771861E-04 	 2.35304357E-05 
5.349000 	 30 	 4.09803782E-04 	 2.25523908E-05 
5.354200 	 30 	 3.82788758E-04 	 2.10802522E-05 
5.354400 	 30 	 3.66563538E-04 	 1.98817401E-05 
5.358400 	 30 	 3.31244939E-04 	 1.80737717E-05 
5.359800 	 30 	 3.19830197E-04 	 1.71619392E-05 
5.360100 	 30 	 3.13769887E-04 	 1.67825871E-05 
5.363600 	 30 	 3.86188085E-04 	 2.16435104E-05 
5.365100 	 30 	 3.43395277E-04 	 1.81103516E-05 
5.369400 	 30 	 3.57618930E-04 	 2.07504509E-05 
5.371300 	 30 	 3.26665864E-04 	 1.90380449E-05 
5.373400 	 30 	 3.11654594E-04 	 1.83653080E-05 
5.375400 	 30 	 2.93594006E-04 	 1.74460227E-05 
5.377500 	 30 	 2.76345711E-04 	 1.68053034E-05 
5.379500 	 30 	 2.59407285E-04 	 1.46663339E-05 
5.381200 	 30 	 2.55048637E-04 	 1.52103258E-05 
5.386300 	 30 	 1.37546509E-04 	 8.07156909E-06 
5.391600 	 30 	 5.81863599E-05 	 4.12459901E-06 
5.394400 	 30 	 3.53651491E-05 	 2.71144111E-06 
5.394800 	 30 	 4.96781618E-05 	 3.27013177E-06 
5.395400 	 30 	 3.15119550E-05 	 2.41529052E-06 
5.397500 	 30 	 2.43542706E-05 	 1.96109285E-06 
5.401400 	 30 	 2.17143347E-05 	 1.66390116E-06 
5.404600 	 30 	 2.29612907E-05 	 1.81402029E-06 
5.414900 	 30 	 3.26032498E-05 	 2.22358248E-06 
5.425600 	 30 	 5.79907034E-05 	 3.44196405E-06 
5.435900 	 30 	 6.55528131E-05 	 3.88433293E-06 
5.446900 	 30 	 5.84491529E-05 	 3.39775282E-06 
5.450800 	 30 	 5.19138769E-05 	 3.19623797E-06 
4.007500 	 45 	 1.33382453E-06 	 1.20229318E-06 
4.012500 	 45 	 5.97256874E-06 	 5.49683341E-07 
4.014400 	 45 	 5.64561824E-06 	 5.98847872E-07 
4.018500 	 45 	 5.53841766E-06 	 6.54612977E-07 
4.020600 	 45 	 8.31219709E-06 	 9.19571070E-07 
4.021500 	 45 	 5.45835283E-06 	 8.63129904E-07 
4.026600 	 45 	 8.94998090E-06 	 7.70001972E-07 
4.030600 	 45 	 8.87573042E-06 	 7.33787086E-07 
4.031400 	 45 	 6.13597103E-06 	 7.39138169E-07 
4.036500 	 45 	 4.11674793E-06 	 7.15430478E-07 
4.041500 	 45 	 8.49715331E-06 	 7.06608487E-07 
4.046600 	 45 	 3.97814348E-06 	 4.85075054E-07 
4.281500 	 45 	 7.63641144E-06 	 7.00564365E-07 
4.301600 	 45 	 9.72168455E-06 	 7.96912270E-07 
4.302600 	 45 	 7.62356374E-06 	 8.35112392E-07 
4.304700 	 45 	 5.84037679E-06 	 8.31028527E-07 
4.305700 	 45 	 8.17343767E-06 	 9.69316432E-07 
4.306600 	 45 	 6.38929051E-06 	 1.09647170E-06 
4.307700 	 45 	 5.53106757E-06 	 9.39621698E-07 
4.308700 	 45 	 7.78630507E-06 	 1.22521359E-06 
4.309600 	 45 	 1.66166744E-05 	 2.59214032E-06 
4.310600 	 45 	 1.80171965E-05 	 3.54066457E-06 
4.312600 	 45 	 2.61058086E-05 	 6.06302286E-06 
4.314600 	 45 	 2.27910110E-05 	 5.23008236E-06 
4.316700 	 45 	 2.75401951E-05 	 4.86183909E-06 
4.318700 	 45 	 2.27416157E-05 	 4.37438137E-06 
4.320800 	 45 	 2.67615281E-05 	 6.52856369E-06 
4.321500 	 45 	 2.34871941E-05 	 4.29478733E-06 
4.322700 	 45 	 2.11565876E-05 	 4.16249382E-06 
4.324600 	 45 	 2.68086432E-05 	 5.00223338E-06 
4.326600 	 45 	 2.39455045E-05 	 4.52230570E-06 
4.328700 	 45 	 2.30954170E-05 	 4.10275469E-06 
4.330700 	 45 	 2.10831330E-05 	 4.77436645E-06 
4.332700 	 45 	 1.75156067E-05 	 3.68201058E-06 
4.334500 	 45 	 1.81032549E-05 	 3.54857592E-06 
4.336700 	 45 	 1.60417826E-05 	 3.15741240E-06 
4.338600 	 45 	 1.46169153E-05 	 2.65973502E-06 
4.340600 	 45 	 1.55183772E-05 	 2.36885267E-06 
4.341600 	 45 	 1.18536859E-05 	 2.29632285E-06 
4.342700 	 45 	 2.12482381E-05 	 1.92637965E-06 
4.344700 	 45 	 2.17924616E-05 	 1.88090285E-06 
4.346700 	 45 	 2.07749243E-05 	 1.74754089E-06 
4.351500 	 45 	 1.83668467E-05 	 1.40983869E-06 
4.356400 	 45 	 1.79431617E-05 	 1.33158043E-06 
4.361500 	 45 	 1.73402659E-05 	 1.24603708E-06 
4.381600 	 45 	 1.22476281E-05 	 9.91711350E-07 
4.401600 	 45 	 1.48198871E-05 	 1.24104132E-06 
4.421500 	 45 	 2.31350843E-05 	 1.65776062E-06 
4.431700 	 45 	 3.22116805E-05 	 2.26093402E-06 
4.441700 	 45 	 4.62456935E-05 	 2.95870682E-06 
4.451500 	 45 	 1.00467930E-04 	 6.54855135E-06 
4.461400 	 45 	 1.59228612E-04 	 9.76289254E-06 
4.466500 	 45 	 4.46406232E-04 	 2.65971150E-05 
4.471600 	 45 	 7.05338543E-04 	 4.12507059E-05 
4.481500 	 45 	 7.63147379E-04 	 4.31943854E-05 
4.489500 	 45 	 6.21246167E-04 	 3.60086398E-05 
4.497600 	 45 	 3.23727292E-04 	 1.85166663E-05 
4.499700 	 45 	 2.48821632E-04 	 1.44753626E-05 
4.501600 	 45 	 3.07438686E-04 	 1.75273609E-05 
4.503700 	 45 	 1.43122209E-04 	 8.26358728E-06 
4.506500 	 45 	 1.00158042E-04 	 5.72776819E-06 
4.511500 	 45 	 6.12016261E-05 	 3.62660703E-06 
4.521700 	 45 	 2.99911700E-05 	 1.92921853E-06 
4.523700 	 45 	 2.30436069E-05 	 2.16250253E-06 
4.526600 	 45 	 2.39538773E-05 	 3.65982161E-06 
4.531600 	 45 	 3.02374901E-05 	 4.64428398E-06 
4.536700 	 45 	 3.68421258E-05 	 8.42616313E-06 
4.540900 	 45 	 4.23222501E-05 	 8.27236605E-06 
4.546600 	 45 	 8.16061945E-05 	 1.38876429E-05 
4.551700 	 45 	 1.13978912E-04 	 1.78200566E-05 
4.561300 	 45 	 2.79642617E-04 	 1.95840655E-05 
4.571700 	 45 	 7.15262241E-04 	 4.64953082E-05 
4.581600 	 45 	 6.70429084E-04 	 4.44127983E-05 
4.591500 	 45 	 3.79806466E-04 	 2.82416059E-05 
4.601600 	 45 	 1.98971544E-04 	 1.46352353E-05 
4.611800 	 45 	 1.10742012E-04 	 1.05347187E-05 
4.621500 	 45 	 9.26598025E-05 	 1.26718070E-05 
4.631700 	 45 	 7.78500567E-05 	 1.45244155E-05 
4.641400 	 45 	 7.28998445E-05 	 1.19505234E-05 
4.646700 	 45 	 4.14709678E-05 	 7.27099884E-06 
4.651500 	 45 	 5.15205274E-05 	 6.09506276E-06 
4.661500 	 45 	 1.02846766E-04 	 8.18755844E-06 
4.681600 	 45 	 7.10007522E-05 	 5.11571361E-06 
4.691700 	 45 	 2.90366772E-05 	 2.59932398E-06 
4.701400 	 45 	 2.73664913E-05 	 2.28502920E-06 
4.721500 	 45 	 2.40342237E-05 	 1.70742914E-06 
4.741500 	 45 	 3.15967215E-05 	 2.27856765E-06 
4.761500 	 45 	 5.86427621E-05 	 3.87562081E-06 
4.766700 	 45 	 1.28593085E-04 	 7.90368969E-06 
4.770400 	 45 	 1.45598971E-04 	 8.81730758E-06 
4.781500 	 45 	 1.76502403E-04 	 1.05546035E-05 
4.786500 	 45 	 1.78054583E-04 	 1.11135626E-05 
4.791700 	 45 	 1.68071189E-04 	 1.31830268E-05 
4.801600 	 45 	 1.44000319E-04 	 1.17300627E-05 
4.811400 	 45 	 1.05329879E-04 	 9.01738154E-06 
4.821500 	 45 	 9.59356298E-05 	 7.81202103E-06 
4.823700 	 45 	 9.33111997E-05 	 6.27510713E-06 
4.826800 	 45 	 9.42255638E-05 	 5.77968282E-06 
4.831600 	 45 	 9.12585638E-05 	 5.17595668E-06 
4.841400 	 45 	 9.26589530E-05 	 4.96591782E-06 
4.861500 	 45 	 1.06447414E-04 	 5.60183973E-06 
4.877800 	 45 	 1.42793812E-04 	 7.46458556E-06 
4.901400 	 45 	 2.29379283E-04 	 1.17005450E-05 
4.911400 	 45 	 3.51258195E-04 	 1.81054144E-05 
4.921600 	 45 	 4.63768104E-04 	 2.36918288E-05 
4.931500 	 45 	 6.04100135E-04 	 3.08593988E-05 
4.937700 	 45 	 7.68166584E-04 	 3.87737343E-05 
4.941700 	 45 	 8.41610573E-04 	 4.26971937E-05 
4.948400 	 45 	 1.03956967E-03 	 5.23549691E-05 
4.958200 	 45 	 1.26067394E-03 	 6.34270337E-05 
4.961800 	 45 	 1.27014545E-03 	 6.41232646E-05 
4.968300 	 45 	 1.42662233E-03 	 7.17541430E-05 
4.973400 	 45 	 1.45238896E-03 	 7.30354540E-05 
4.976200 	 45 	 1.45598215E-03 	 7.32729038E-05 
4.979400 	 45 	 1.41789092E-03 	 7.14034604E-05 
4.981500 	 45 	 1.39439473E-03 	 7.04429131E-05 
4.984300 	 45 	 1.36583182E-03 	 6.86486829E-05 
4.986100 	 45 	 1.31766091E-03 	 6.63890523E-05 
4.996200 	 45 	 1.09187761E-03 	 5.50006171E-05 
5.001600 	 45 	 9.93137658E-04 	 5.02875096E-05 
5.006200 	 45 	 8.57360188E-04 	 4.32246314E-05 
5.016100 	 45 	 6.64013938E-04 	 3.34565084E-05 
5.021500 	 45 	 5.96382508E-04 	 3.03986905E-05 
5.026300 	 45 	 5.28489468E-04 	 2.68132185E-05 
5.029200 	 45 	 4.98503989E-04 	 2.54479310E-05 
5.029400 	 45 	 4.99693483E-04 	 2.54700809E-05 
5.031300 	 45 	 5.09758023E-04 	 2.62878662E-05 
5.036300 	 45 	 4.94988087E-04 	 2.64598420E-05 
5.039300 	 45 	 4.90030649E-04 	 2.65135613E-05 
5.041600 	 45 	 4.76389153E-04 	 2.63335815E-05 
5.044300 	 45 	 5.52298403E-04 	 2.97885415E-05 
5.047400 	 45 	 6.03571386E-04 	 3.22387829E-05 
5.050200 	 45 	 6.27070800E-04 	 3.35073703E-05 
5.053500 	 45 	 6.40553683E-04 	 3.45495842E-05 
5.056300 	 45 	 6.34640865E-04 	 3.39241863E-05 
5.061500 	 45 	 5.85457634E-04 	 3.14462085E-05 
5.066300 	 45 	 5.17029248E-04 	 2.73761240E-05 
5.076400 	 45 	 3.22381786E-04 	 1.72295160E-05 
5.081400 	 45 	 2.64272531E-04 	 1.44508804E-05 
5.086000 	 45 	 2.20972735E-04 	 1.18088521E-05 
5.095700 	 45 	 1.69354952E-04 	 9.36866107E-06 
5.101500 	 45 	 1.51786268E-04 	 8.64553227E-06 
5.105200 	 45 	 1.58417487E-04 	 1.12721485E-05 
5.108300 	 45 	 1.57566935E-04 	 1.14273335E-05 
5.110400 	 45 	 1.46939364E-04 	 1.16262931E-05 
5.111500 	 45 	 1.59578041E-04 	 1.35957092E-05 
5.111900 	 45 	 1.52937134E-04 	 1.33048245E-05 
5.112200 	 45 	 1.41993110E-04 	 1.28415104E-05 
5.114400 	 45 	 1.53492671E-04 	 1.39317987E-05 
5.116400 	 45 	 1.51662740E-04 	 1.47814278E-05 
5.118400 	 45 	 1.47481313E-04 	 1.39921210E-05 
5.120300 	 45 	 1.38123133E-04 	 1.26561420E-05 
5.121500 	 45 	 1.30170950E-04 	 1.32173886E-05 
5.122300 	 45 	 1.42065948E-04 	 1.45481572E-05 
5.125300 	 45 	 1.39451852E-04 	 1.25647335E-05 
5.130300 	 45 	 1.18409085E-04 	 1.07309109E-05 
5.135300 	 45 	 1.02196744E-04 	 9.44730397E-06 
5.140000 	 45 	 1.01512397E-04 	 7.67984630E-06 
5.141400 	 45 	 9.96321277E-05 	 9.38713047E-06 
5.145300 	 45 	 1.20418765E-04 	 8.04822493E-06 
5.150400 	 45 	 2.13220002E-04 	 1.29843518E-05 
5.153200 	 45 	 2.50053403E-04 	 1.44272250E-05 
5.156200 	 45 	 2.68325151E-04 	 1.52368719E-05 
5.159500 	 45 	 2.70735986E-04 	 1.55162124E-05 
5.161500 	 45 	 2.76047886E-04 	 1.62302222E-05 
5.162500 	 45 	 2.76843590E-04 	 1.53978762E-05 
5.168500 	 45 	 2.72531908E-04 	 1.49865226E-05 
5.170900 	 45 	 2.54303713E-04 	 1.37974716E-05 
5.181500 	 45 	 1.54232487E-04 	 9.04306427E-06 
5.201300 	 45 	 1.00396836E-04 	 5.89201204E-06 
5.221500 	 45 	 9.44008814E-05 	 5.82847214E-06 
5.241500 	 45 	 1.09530948E-04 	 7.70637512E-06 
5.251000 	 45 	 1.56325746E-04 	 9.40767153E-06 
5.254600 	 45 	 1.74106725E-04 	 1.19333963E-05 
5.261600 	 45 	 2.66792670E-04 	 1.80467804E-05 
5.271400 	 45 	 3.39449049E-04 	 2.15605275E-05 
5.276500 	 45 	 3.51213775E-04 	 2.45164930E-05 
5.281500 	 45 	 3.47011415E-04 	 2.47224592E-05 
5.286500 	 45 	 3.15383487E-04 	 2.11762252E-05 
5.286500 	 45 	 3.06523168E-04 	 2.44083774E-05 
5.291300 	 45 	 2.54121592E-04 	 2.51732402E-05 
5.296500 	 45 	 2.40381607E-04 	 2.66952881E-05 
5.301700 	 45 	 2.02016239E-04 	 2.21038772E-05 
5.304400 	 45 	 2.27404271E-04 	 2.43636952E-05 
5.309200 	 45 	 2.15766872E-04 	 1.95717420E-05 
5.311200 	 45 	 2.14217708E-04 	 2.32936218E-05 
5.313900 	 45 	 1.92904123E-04 	 1.99177623E-05 
5.319700 	 45 	 2.26514435E-04 	 1.73820389E-05 
5.324400 	 45 	 2.51551807E-04 	 1.97098786E-05 
5.329000 	 45 	 2.83197096E-04 	 1.92452629E-05 
5.334300 	 45 	 3.24742904E-04 	 1.97729756E-05 
5.339200 	 45 	 3.77080171E-04 	 2.21493432E-05 
5.344400 	 45 	 4.35999477E-04 	 2.55198608E-05 
5.344400 	 45 	 3.99330824E-04 	 2.26687947E-05 
5.349000 	 45 	 4.06954163E-04 	 2.23437591E-05 
5.354200 	 45 	 3.78915948E-04 	 2.08152312E-05 
5.354400 	 45 	 3.63490473E-04 	 1.97116298E-05 
5.358400 	 45 	 3.31705142E-04 	 1.80386472E-05 
5.359800 	 45 	 3.09028901E-04 	 1.65957308E-05 
5.360100 	 45 	 3.05251632E-04 	 1.63115278E-05 
5.363600 	 45 	 3.87101969E-04 	 2.16040787E-05 
5.365100 	 45 	 3.32978879E-04 	 1.75197504E-05 
5.369400 	 45 	 3.60762006E-04 	 2.07940575E-05 
5.371300 	 45 	 3.28803139E-04 	 1.91223789E-05 
5.373400 	 45 	 3.05640831E-04 	 1.79026046E-05 
5.375400 	 45 	 2.94374411E-04 	 1.73969976E-05 
5.377500 	 45 	 2.70970295E-04 	 1.65353778E-05 
5.379500 	 45 	 2.60113221E-04 	 1.46113848E-05 
5.381200 	 45 	 2.61154208E-04 	 1.56600985E-05 
5.386300 	 45 	 1.39429120E-04 	 8.10669924E-06 
5.391600 	 45 	 5.57276826E-05 	 3.88979587E-06 
5.394400 	 45 	 3.32522914E-05 	 2.58407382E-06 
5.394800 	 45 	 4.70012334E-05 	 3.12407063E-06 
5.395400 	 45 	 2.98970256E-05 	 2.29661144E-06 
5.397500 	 45 	 2.45681865E-05 	 1.91344492E-06 
5.401400 	 45 	 2.14791504E-05 	 1.65362589E-06 
5.404600 	 45 	 2.22235395E-05 	 1.76638705E-06 
5.414900 	 45 	 3.18167224E-05 	 2.13215425E-06 
5.425600 	 45 	 5.82581202E-05 	 3.43399787E-06 
5.435900 	 45 	 6.43648970E-05 	 3.81294632E-06 
5.446900 	 45 	 5.75515255E-05 	 3.30619715E-06 
5.450800 	 45 	 5.19894435E-05 	 3.18220689E-06 
4.007500 	 90 	 1.99378561E-06 	 3.91762890E-07 
4.012500 	 90 	 1.26497068E-06 	 4.25898619E-07 
4.014400 	 90 	 3.96020986E-06 	 6.23599124E-07 
4.018500 	 90 	 3.44906774E-06 	 7.02518059E-07 
4.020600 	 90 	 3.22167932E-06 	 8.54894236E-07 
4.021500 	 90 	 3.01162260E-06 	 8.65649093E-07 
4.026600 	 90 	 3.08845440E-06 	 6.86200327E-07 
4.030600 	 90 	 3.36129715E-06 	 5.63734036E-07 
4.031400 	 90 	 3.85021433E-06 	 7.13357116E-07 
4.036500 	 90 	 2.52483604E-06 	 7.23951657E-07 
4.041500 	 90 	 2.34749427E-06 	 5.57557124E-07 
4.046600 	 90 	 2.08948251E-06 	 5.32391174E-07 
4.281500 	 90 	 7.44761408E-06 	 8.53900328E-07 
4.301600 	 90 	 4.44996978E-06 	 8.91657504E-07 
4.302600 	 90 	 8.38520375E-06 	 1.06350041E-06 
4.304700 	 90 	 7.59176686E-06 	 1.02816682E-06 
4.305700 	 90 	 3.00353016E-06 	 9.82431866E-07 
4.306600 	 90 	 5.44804351E-06 	 9.82086609E-07 
4.307700 	 90 	 6.06947424E-06 	 1.24645285E-06 
4.308700 	 90 	 3.69078046E-06 	 1.23233779E-06 
4.309600 	 90 	 9.64334940E-06 	 2.70844200E-06 
4.310600 	 90 	 1.50179772E-05 	 4.11351875E-06 
4.312600 	 90 	 1.33858365E-05 	 5.41775912E-06 
4.314600 	 90 	 1.54626984E-05 	 5.58680488E-06 
4.316700 	 90 	 1.26645051E-05 	 4.44253365E-06 
4.318700 	 90 	 1.51460823E-05 	 5.80531493E-06 
4.320800 	 90 	 1.17588152E-05 	 6.02784619E-06 
4.321500 	 90 	 1.47675955E-05 	 6.14168306E-06 
4.322700 	 90 	 1.60099136E-05 	 4.70461854E-06 
4.324600 	 90 	 1.22241211E-05 	 4.54027700E-06 
4.326600 	 90 	 2.02816410E-05 	 5.70749381E-06 
4.328700 	 90 	 1.53353991E-05 	 4.85247578E-06 
4.330700 	 90 	 1.61085993E-05 	 5.25392265E-06 
4.332700 	 90 	 1.29513239E-05 	 4.60978365E-06 
4.334500 	 90 	 1.43756622E-05 	 4.49539287E-06 
4.336700 	 90 	 1.66989693E-05 	 3.99755811E-06 
4.338600 	 90 	 1.29811935E-05 	 2.96222919E-06 
4.340600 	 90 	 7.50350050E-06 	 1.94326574E-06 
4.341600 	 90 	 7.99002090E-06 	 2.55770803E-06 
4.342700 	 90 	 1.72970979E-05 	 2.41099225E-06 
4.344700 	 90 	 1.25520603E-05 	 1.88859419E-06 
4.346700 	 90 	 1.58384609E-05 	 1.53355434E-06 
4.351500 	 90 	 1.57519278E-05 	 1.52097776E-06 
4.356400 	 90 	 1.99302329E-05 	 1.72378222E-06 
4.361500 	 90 	 1.53279399E-05 	 1.50765708E-06 
4.381600 	 90 	 1.07910527E-05 	 1.49352062E-06 
4.401600 	 90 	 1.33335043E-05 	 1.37263195E-06 
4.421500 	 90 	 2.22450806E-05 	 2.04888832E-06 
4.431700 	 90 	 3.00743557E-05 	 2.45556735E-06 
4.441700 	 90 	 4.36943018E-05 	 3.30057880E-06 
4.451500 	 90 	 9.05640670E-05 	 7.02974355E-06 
4.461400 	 90 	 1.54201294E-04 	 1.10687096E-05 
4.466500 	 90 	 3.90526369E-04 	 2.76053234E-05 
4.471600 	 90 	 6.53999140E-04 	 4.36456524E-05 
4.481500 	 90 	 7.40782431E-04 	 4.68659675E-05 
4.489500 	 90 	 5.80154873E-04 	 3.76649747E-05 
4.497600 	 90 	 2.96910629E-04 	 1.90339826E-05 
4.499700 	 90 	 2.24488244E-04 	 1.45757282E-05 
4.501600 	 90 	 2.90599331E-04 	 1.85240329E-05 
4.503700 	 90 	 1.34859234E-04 	 8.64567709E-06 
4.506500 	 90 	 9.38299154E-05 	 6.12616217E-06 
4.511500 	 90 	 5.81503862E-05 	 3.87350994E-06 
4.521700 	 90 	 3.44841752E-05 	 2.43063258E-06 
4.523700 	 90 	 2.07864228E-05 	 2.74433307E-06 
4.526600 	 90 	 2.39519538E-05 	 4.57086761E-06 
4.531600 	 90 	 2.68260603E-05 	 6.60676869E-06 
4.536700 	 90 	 3.08612175E-05 	 1.05225210E-05 
4.540900 	 90 	 2.50412591E-05 	 7.90716049E-06 
4.546600 	 90 	 8.34907925E-05 	 2.03661894E-05 
4.551700 	 90 	 9.80403298E-05 	 2.47454413E-05 
4.561300 	 90 	 2.58533474E-04 	 2.28836633E-05 
4.571700 	 90 	 6.54334897E-04 	 5.17461583E-05 
4.581600 	 90 	 6.52847848E-04 	 5.23088244E-05 
4.591500 	 90 	 3.45441240E-04 	 3.35278112E-05 
4.601600 	 90 	 1.66265235E-04 	 1.72057790E-05 
4.611800 	 90 	 9.14305325E-05 	 1.06505641E-05 
4.621500 	 90 	 9.81811101E-05 	 1.65775918E-05 
4.631700 	 90 	 4.34879095E-05 	 1.57264452E-05 
4.641400 	 90 	 5.91669254E-05 	 1.36425492E-05 
4.646700 	 90 	 2.61902840E-05 	 7.75158447E-06 
4.651500 	 90 	 4.05905655E-05 	 7.52143195E-06 
4.661500 	 90 	 1.11423443E-04 	 1.00049512E-05 
4.681600 	 90 	 6.26776973E-05 	 5.71601862E-06 
4.691700 	 90 	 3.34133017E-05 	 4.18544254E-06 
4.701400 	 90 	 2.80446388E-05 	 2.80824230E-06 
4.721500 	 90 	 2.39795039E-05 	 2.31368813E-06 
4.741500 	 90 	 3.13323995E-05 	 2.59036819E-06 
4.761500 	 90 	 5.50508609E-05 	 4.62926649E-06 
4.766700 	 90 	 1.27444976E-04 	 8.89521043E-06 
4.770400 	 90 	 1.52029079E-04 	 9.66407290E-06 
4.781500 	 90 	 1.63967728E-04 	 1.09012670E-05 
4.786500 	 90 	 1.73411312E-04 	 1.24385537E-05 
4.791700 	 90 	 1.56132988E-04 	 1.51149202E-05 
4.801600 	 90 	 1.35256005E-04 	 1.49178373E-05 
4.811400 	 90 	 1.09781759E-04 	 1.06635598E-05 
4.821500 	 90 	 9.39650548E-05 	 9.12753911E-06 
4.823700 	 90 	 8.47549023E-05 	 6.70822115E-06 
4.826800 	 90 	 9.55720642E-05 	 6.36959899E-06 
4.831600 	 90 	 8.27502411E-05 	 5.24154838E-06 
4.841400 	 90 	 8.74750830E-05 	 5.01300542E-06 
4.861500 	 90 	 1.00821990E-04 	 5.58480049E-06 
4.877800 	 90 	 1.35957702E-04 	 7.44268452E-06 
4.901400 	 90 	 2.25595120E-04 	 1.17029687E-05 
4.911400 	 90 	 3.28749452E-04 	 1.74395779E-05 
4.921600 	 90 	 4.37278944E-04 	 2.27916863E-05 
4.931500 	 90 	 5.94639846E-04 	 3.09696180E-05 
4.937700 	 90 	 7.23095430E-04 	 3.68340224E-05 
4.941700 	 90 	 7.76749074E-04 	 3.99564238E-05 
4.948400 	 90 	 9.66631618E-04 	 4.89978671E-05 
4.958200 	 90 	 1.19324172E-03 	 6.03701881E-05 
4.961800 	 90 	 1.21559875E-03 	 6.18444449E-05 
4.968300 	 90 	 1.36987958E-03 	 6.92628229E-05 
4.973400 	 90 	 1.40314765E-03 	 7.09049740E-05 
4.976200 	 90 	 1.39106808E-03 	 7.03764810E-05 
4.979400 	 90 	 1.35707209E-03 	 6.87724212E-05 
4.981500 	 90 	 1.37543026E-03 	 7.00292013E-05 
4.984300 	 90 	 1.28981644E-03 	 6.51246914E-05 
4.986100 	 90 	 1.27111037E-03 	 6.44514410E-05 
4.996200 	 90 	 1.04847900E-03 	 5.31535935E-05 
5.001600 	 90 	 9.71972963E-04 	 4.97018461E-05 
5.006200 	 90 	 8.00838100E-04 	 4.06797238E-05 
5.016100 	 90 	 6.28659728E-04 	 3.19031211E-05 
5.021500 	 90 	 5.79246457E-04 	 3.00326727E-05 
5.026300 	 90 	 4.89855581E-04 	 2.52410509E-05 
5.029200 	 90 	 4.74347510E-04 	 2.46465606E-05 
5.029400 	 90 	 4.73188649E-04 	 2.45406785E-05 
5.031300 	 90 	 4.60578230E-04 	 2.45205268E-05 
5.036300 	 90 	 4.58408711E-04 	 2.60335336E-05 
5.039300 	 90 	 4.56646086E-04 	 2.64808649E-05 
5.041600 	 90 	 4.67917486E-04 	 2.79737903E-05 
5.044300 	 90 	 5.13902070E-04 	 2.94894970E-05 
5.047400 	 90 	 5.74335564E-04 	 3.25661906E-05 
5.050200 	 90 	 6.03394256E-04 	 3.39858961E-05 
5.053500 	 90 	 6.04027490E-04 	 3.47503304E-05 
5.056300 	 90 	 5.93051489E-04 	 3.32826047E-05 
5.061500 	 90 	 5.58180056E-04 	 3.17944484E-05 
5.066300 	 90 	 4.80640252E-04 	 2.67713371E-05 
5.076400 	 90 	 3.07125155E-04 	 1.73411773E-05 
5.081400 	 90 	 2.66475498E-04 	 1.57841279E-05 
5.086000 	 90 	 2.04105341E-04 	 1.15481925E-05 
5.095700 	 90 	 1.58333435E-04 	 9.62284894E-06 
5.101500 	 90 	 1.65006993E-04 	 1.02097300E-05 
5.105200 	 90 	 1.71866985E-04 	 1.36964188E-05 
5.108300 	 90 	 1.58049558E-04 	 1.43175488E-05 
5.110400 	 90 	 1.50682682E-04 	 1.44258628E-05 
5.111500 	 90 	 1.35574189E-04 	 1.49843796E-05 
5.111900 	 90 	 1.40360720E-04 	 1.44944984E-05 
5.112200 	 90 	 1.50255506E-04 	 1.87177366E-05 
5.114400 	 90 	 1.42745782E-04 	 2.01926794E-05 
5.116400 	 90 	 1.39753936E-04 	 1.39323475E-05 
5.118400 	 90 	 1.36431262E-04 	 1.68895705E-05 
5.120300 	 90 	 1.19820546E-04 	 1.59259453E-05 
5.121500 	 90 	 1.43041064E-04 	 1.43620324E-05 
5.122300 	 90 	 1.23217140E-04 	 1.71980249E-05 
5.125300 	 90 	 1.28756002E-04 	 1.37182160E-05 
5.130300 	 90 	 1.19652442E-04 	 1.14758869E-05 
5.135300 	 90 	 9.68755025E-05 	 1.20195252E-05 
5.140000 	 90 	 9.03752343E-05 	 8.89760319E-06 
5.141400 	 90 	 9.08300905E-05 	 1.03492525E-05 
5.145300 	 90 	 1.19649744E-04 	 9.33674778E-06 
5.150400 	 90 	 1.81560809E-04 	 1.31751409E-05 
5.153200 	 90 	 2.43366290E-04 	 1.58251681E-05 
5.156200 	 90 	 2.52684982E-04 	 1.58126516E-05 
5.159500 	 90 	 2.61499405E-04 	 1.66239901E-05 
5.161500 	 90 	 2.77435107E-04 	 1.83393173E-05 
5.162500 	 90 	 2.67544335E-04 	 1.63318435E-05 
5.168500 	 90 	 2.61187119E-04 	 1.56518428E-05 
5.170900 	 90 	 2.36876494E-04 	 1.38282577E-05 
5.181500 	 90 	 1.46177188E-04 	 9.82668600E-06 
5.201300 	 90 	 9.96414487E-05 	 6.39964383E-06 
5.221500 	 90 	 9.00447523E-05 	 6.21517277E-06 
5.241500 	 90 	 9.87599836E-05 	 7.76651526E-06 
5.251000 	 90 	 1.40120755E-04 	 9.40922048E-06 
5.254600 	 90 	 1.71468596E-04 	 1.28692438E-05 
5.261600 	 90 	 2.44944735E-04 	 1.79393639E-05 
5.271400 	 90 	 2.91581959E-04 	 2.13840190E-05 
5.276500 	 90 	 3.46378618E-04 	 2.70935247E-05 
5.281500 	 90 	 3.41227996E-04 	 2.90408368E-05 
5.286500 	 90 	 2.88117382E-04 	 2.22449212E-05 
5.286500 	 90 	 3.02227572E-04 	 2.68171943E-05 
5.291300 	 90 	 2.54801391E-04 	 2.78552238E-05 
5.296500 	 90 	 2.24314366E-04 	 3.57391484E-05 
5.301700 	 90 	 1.88488733E-04 	 2.84309023E-05 
5.304400 	 90 	 1.93153033E-04 	 4.67026994E-05 
5.309200 	 90 	 1.89914632E-04 	 2.44924571E-05 
5.311200 	 90 	 1.79850279E-04 	 2.36713833E-05 
5.313900 	 90 	 1.87810979E-04 	 2.67013291E-05 
5.319700 	 90 	 2.08337374E-04 	 2.08567134E-05 
5.324400 	 90 	 2.38694698E-04 	 2.08632715E-05 
5.329000 	 90 	 2.69534346E-04 	 2.15987335E-05 
5.334300 	 90 	 3.22573551E-04 	 2.29767097E-05 
5.339200 	 90 	 3.58112220E-04 	 2.39162418E-05 
5.344400 	 90 	 3.96965070E-04 	 2.61254526E-05 
5.344400 	 90 	 3.80395782E-04 	 2.39026510E-05 
5.349000 	 90 	 4.00035146E-04 	 2.36356601E-05 
5.354200 	 90 	 3.45575609E-04 	 2.07219238E-05 
5.354400 	 90 	 3.43408614E-04 	 2.01064140E-05 
5.358400 	 90 	 3.05252762E-04 	 1.78956270E-05 
5.359800 	 90 	 2.92353269E-04 	 1.68952713E-05 
5.360100 	 90 	 2.85392546E-04 	 1.63680244E-05 
5.363600 	 90 	 3.63195187E-04 	 2.26915983E-05 
5.365100 	 90 	 3.25197914E-04 	 1.80526219E-05 
5.369400 	 90 	 3.49721692E-04 	 2.20868288E-05 
5.371300 	 90 	 3.09405048E-04 	 2.10616058E-05 
5.373400 	 90 	 2.87351925E-04 	 1.89971727E-05 
5.375400 	 90 	 2.84585226E-04 	 1.87519306E-05 
5.377500 	 90 	 2.56390740E-04 	 1.79783863E-05 
5.379500 	 90 	 2.38708004E-04 	 1.50826934E-05 
5.381200 	 90 	 2.42928835E-04 	 1.65370381E-05 
5.386300 	 90 	 1.24485900E-04 	 8.40026243E-06 
5.391600 	 90 	 5.31509100E-05 	 4.94886234E-06 
5.394400 	 90 	 3.26923257E-05 	 3.04815800E-06 
5.394800 	 90 	 4.57523406E-05 	 3.87473905E-06 
5.395400 	 90 	 2.85405345E-05 	 2.70957285E-06 
5.397500 	 90 	 2.41851324E-05 	 2.43284671E-06 
5.401400 	 90 	 2.12039849E-05 	 2.05332267E-06 
5.404600 	 90 	 2.40551490E-05 	 2.22002733E-06 
5.414900 	 90 	 2.70103617E-05 	 2.46739829E-06 
5.425600 	 90 	 5.45530314E-05 	 3.91729976E-06 
5.435900 	 90 	 6.16531259E-05 	 4.28542736E-06 
5.446900 	 90 	 5.38540527E-05 	 3.51938826E-06 
5.450800 	 90 	 4.72195739E-05 	 3.41340442E-06 
4.007500 	 75 	 3.84841069E-06 	 3.42376695E-07 
4.012500 	 75 	 4.20874182E-06 	 4.30751271E-07 
4.014400 	 75 	 7.62729320E-06 	 5.95459186E-07 
4.018500 	 75 	 7.09065459E-06 	 6.41257317E-07 
4.020600 	 75 	 8.13232288E-06 	 8.18054667E-07 
4.021500 	 75 	 9.05333745E-06 	 7.51333449E-07 
4.026600 	 75 	 5.99874676E-06 	 6.12403221E-07 
4.030600 	 75 	 7.65993856E-06 	 6.01004893E-07 
4.031400 	 75 	 7.21290275E-06 	 8.15929939E-07 
4.036500 	 75 	 6.81527179E-06 	 6.73013023E-07 
4.041500 	 75 	 7.04805230E-06 	 5.68752401E-07 
4.046600 	 75 	 4.80428650E-06 	 4.91959987E-07 
4.281500 	 75 	 6.99266415E-06 	 5.89050047E-07 
4.301600 	 75 	 7.42814206E-06 	 6.61685881E-07 
4.302600 	 75 	 4.87118868E-06 	 9.08764969E-07 
4.304700 	 75 	 3.76423489E-06 	 5.67091322E-07 
4.305700 	 75 	 5.26917847E-06 	 7.74157584E-07 
4.306600 	 75 	 5.69416536E-06 	 7.02718676E-07 
4.307700 	 75 	 5.56797191E-06 	 8.24480813E-07 
4.308700 	 75 	 1.00642120E-05 	 1.10690529E-06 
4.309600 	 75 	 1.06711868E-05 	 2.09792976E-06 
4.310600 	 75 	 1.27112540E-05 	 2.86558682E-06 
4.312600 	 75 	 2.46030674E-05 	 4.36695349E-06 
4.314600 	 75 	 2.34017385E-05 	 3.58437526E-06 
4.316700 	 75 	 2.62926839E-05 	 4.25658074E-06 
4.318700 	 75 	 2.49924796E-05 	 3.54157585E-06 
4.320800 	 75 	 1.82717142E-05 	 3.60057994E-06 
4.321500 	 75 	 2.42363281E-05 	 5.00664893E-06 
4.322700 	 75 	 2.37746266E-05 	 3.93002919E-06 
4.324600 	 75 	 2.39046816E-05 	 3.49146141E-06 
4.326600 	 75 	 1.51585800E-05 	 3.39020636E-06 
4.328700 	 75 	 2.03367262E-05 	 3.45373182E-06 
4.330700 	 75 	 2.10303212E-05 	 3.31304630E-06 
4.332700 	 75 	 1.77880723E-05 	 3.15566012E-06 
4.334500 	 75 	 1.67730888E-05 	 2.92317264E-06 
4.336700 	 75 	 1.17685017E-05 	 2.04332590E-06 
4.338600 	 75 	 1.53134995E-05 	 2.02011241E-06 
4.340600 	 75 	 1.26559915E-05 	 1.58571912E-06 
4.341600 	 75 	 1.01334294E-05 	 1.92541282E-06 
4.342700 	 75 	 2.08709918E-05 	 1.82637468E-06 
4.344700 	 75 	 1.94298267E-05 	 1.48229638E-06 
4.346700 	 75 	 1.77892941E-05 	 1.35961711E-06 
4.351500 	 75 	 1.68815776E-05 	 1.23030987E-06 
4.356400 	 75 	 1.60254522E-05 	 1.37298270E-06 
4.361500 	 75 	 1.60049555E-05 	 1.14451649E-06 
4.381600 	 75 	 1.07539042E-05 	 9.00076777E-07 
4.401600 	 75 	 1.52205249E-05 	 1.14078326E-06 
4.421500 	 75 	 2.14744772E-05 	 1.58763021E-06 
4.431700 	 75 	 3.28669827E-05 	 2.22495973E-06 
4.441700 	 75 	 4.51203063E-05 	 2.75901536E-06 
4.451500 	 75 	 8.84172831E-05 	 5.65341895E-06 
4.461400 	 75 	 1.52553969E-04 	 9.22829026E-06 
4.466500 	 75 	 4.08499498E-04 	 2.41927980E-05 
4.471600 	 75 	 6.66459220E-04 	 3.79906364E-05 
4.481500 	 75 	 7.51705143E-04 	 4.19230194E-05 
4.489500 	 75 	 6.05696179E-04 	 3.40163050E-05 
4.497600 	 75 	 3.05519482E-04 	 1.73429633E-05 
4.499700 	 75 	 2.45020335E-04 	 1.38205607E-05 
4.501600 	 75 	 3.11790847E-04 	 1.73561679E-05 
4.503700 	 75 	 1.33922602E-04 	 7.66141065E-06 
4.506500 	 75 	 9.68351981E-05 	 5.42825719E-06 
4.511500 	 75 	 5.62563831E-05 	 3.27256503E-06 
4.521700 	 75 	 3.13247437E-05 	 1.98097889E-06 
4.523700 	 75 	 2.44000009E-05 	 2.16260485E-06 
4.526600 	 75 	 2.41054526E-05 	 3.00965140E-06 
4.531600 	 75 	 2.84931013E-05 	 4.70363609E-06 
4.536700 	 75 	 3.53930802E-05 	 6.12694593E-06 
4.540900 	 75 	 3.51477059E-05 	 6.60823262E-06 
4.546600 	 75 	 6.50565639E-05 	 1.16213770E-05 
4.551700 	 75 	 1.15394279E-04 	 1.64841189E-05 
4.561300 	 75 	 2.66176694E-04 	 1.82591954E-05 
4.571700 	 75 	 6.96176650E-04 	 4.36958657E-05 
4.581600 	 75 	 6.89467049E-04 	 4.32859867E-05 
4.591500 	 75 	 3.54284675E-04 	 2.55284872E-05 
4.601600 	 75 	 2.01596274E-04 	 1.44184940E-05 
4.611800 	 75 	 8.84453484E-05 	 8.84372464E-06 
4.621500 	 75 	 1.08258493E-04 	 1.34956850E-05 
4.631700 	 75 	 7.11090089E-05 	 1.33756110E-05 
4.641400 	 75 	 7.18482661E-05 	 1.01513798E-05 
4.646700 	 75 	 3.97305738E-05 	 5.30180549E-06 
4.651500 	 75 	 5.20088926E-05 	 6.08384868E-06 
4.661500 	 75 	 9.56530292E-05 	 7.37704314E-06 
4.681600 	 75 	 6.79854843E-05 	 4.62000792E-06 
4.691700 	 75 	 2.98221480E-05 	 2.41351118E-06 
4.701400 	 75 	 2.71748393E-05 	 2.17793720E-06 
4.721500 	 75 	 2.51228111E-05 	 1.69143957E-06 
4.741500 	 75 	 2.86681971E-05 	 1.96623723E-06 
4.761500 	 75 	 5.67799602E-05 	 3.59895174E-06 
4.766700 	 75 	 1.28144372E-04 	 7.58078787E-06 
4.770400 	 75 	 1.42414841E-04 	 8.29024564E-06 
4.781500 	 75 	 1.65374634E-04 	 9.63944419E-06 
4.786500 	 75 	 1.70495839E-04 	 1.04102500E-05 
4.791700 	 75 	 1.46708419E-04 	 1.08443756E-05 
4.801600 	 75 	 1.34237724E-04 	 1.08913281E-05 
4.811400 	 75 	 1.01179515E-04 	 8.53505066E-06 
4.821500 	 75 	 9.94720078E-05 	 7.08833720E-06 
4.823700 	 75 	 8.57206525E-05 	 5.82514675E-06 
4.826800 	 75 	 8.77235033E-05 	 5.22666884E-06 
4.831600 	 75 	 8.74897933E-05 	 4.92953859E-06 
4.841400 	 75 	 8.66293847E-05 	 4.62571674E-06 
4.861500 	 75 	 1.01696132E-04 	 5.31867732E-06 
4.877800 	 75 	 1.35221297E-04 	 7.02095135E-06 
4.901400 	 75 	 2.21104638E-04 	 1.12442766E-05 
4.911400 	 75 	 3.33021937E-04 	 1.70984764E-05 
4.921600 	 75 	 4.40717063E-04 	 2.24344345E-05 
4.931500 	 75 	 5.90415094E-04 	 3.00740518E-05 
4.937700 	 75 	 7.32200808E-04 	 3.69079160E-05 
4.941700 	 75 	 7.81097916E-04 	 3.95680876E-05 
4.948400 	 75 	 9.78806449E-04 	 4.92351909E-05 
4.958200 	 75 	 1.21647946E-03 	 6.11237607E-05 
4.961800 	 75 	 1.22785476E-03 	 6.18739961E-05 
4.968300 	 75 	 1.38496230E-03 	 6.95874569E-05 
4.973400 	 75 	 1.40513728E-03 	 7.05910281E-05 
4.976200 	 75 	 1.40745487E-03 	 7.07417140E-05 
4.979400 	 75 	 1.37719031E-03 	 6.92714966E-05 
4.981500 	 75 	 1.38706354E-03 	 6.99213391E-05 
4.984300 	 75 	 1.30848413E-03 	 6.57102752E-05 
4.986100 	 75 	 1.26986650E-03 	 6.39018075E-05 
4.996200 	 75 	 1.05337576E-03 	 5.29924504E-05 
5.001600 	 75 	 9.74868973E-04 	 4.92474105E-05 
5.006200 	 75 	 8.15532964E-04 	 4.10628257E-05 
5.016100 	 75 	 6.34968418E-04 	 3.19562357E-05 
5.021500 	 75 	 5.87411322E-04 	 2.98343140E-05 
5.026300 	 75 	 4.99190919E-04 	 2.52754166E-05 
5.029200 	 75 	 4.74073533E-04 	 2.41375817E-05 
5.029400 	 75 	 4.81445227E-04 	 2.44681394E-05 
5.031300 	 75 	 4.63422537E-04 	 2.38551607E-05 
5.036300 	 75 	 4.49020968E-04 	 2.38819670E-05 
5.039300 	 75 	 4.59123291E-04 	 2.46392374E-05 
5.041600 	 75 	 4.88109476E-04 	 2.64450948E-05 
5.044300 	 75 	 5.15369600E-04 	 2.75034752E-05 
5.047400 	 75 	 5.66753645E-04 	 3.00487220E-05 
5.050200 	 75 	 5.95629052E-04 	 3.15388705E-05 
5.053500 	 75 	 5.89127398E-04 	 3.15075806E-05 
5.056300 	 75 	 5.79027933E-04 	 3.07524558E-05 
5.061500 	 75 	 5.62633870E-04 	 2.99056216E-05 
5.066300 	 75 	 4.74672849E-04 	 2.49162067E-05 
5.076400 	 75 	 3.02112551E-04 	 1.59997251E-05 
5.081400 	 75 	 2.56447923E-04 	 1.38534122E-05 
5.086000 	 75 	 2.06573855E-04 	 1.09234658E-05 
5.095700 	 75 	 1.55318468E-04 	 8.46089328E-06 
5.101500 	 75 	 1.48779015E-04 	 8.27214520E-06 
5.105200 	 75 	 1.41273435E-04 	 9.56539703E-06 
5.108300 	 75 	 1.51286490E-04 	 1.01333633E-05 
5.110400 	 75 	 1.45503395E-04 	 1.08911955E-05 
5.111500 	 75 	 1.37095653E-04 	 1.07171618E-05 
5.111900 	 75 	 1.44830769E-04 	 1.17172953E-05 
5.112200 	 75 	 1.45088819E-04 	 1.13234397E-05 
5.114400 	 75 	 1.39444933E-04 	 1.19872348E-05 
5.116400 	 75 	 1.33680521E-04 	 1.16454070E-05 
5.118400 	 75 	 1.36964223E-04 	 1.22377878E-05 
5.120300 	 75 	 1.21465016E-04 	 1.05247356E-05 
5.121500 	 75 	 1.24734369E-04 	 1.08547121E-05 
5.122300 	 75 	 1.35278733E-04 	 1.18567141E-05 
5.125300 	 75 	 1.35385193E-04 	 1.06378325E-05 
5.130300 	 75 	 1.08793422E-04 	 8.57321540E-06 
5.135300 	 75 	 1.00285214E-04 	 8.76948568E-06 
5.140000 	 75 	 9.68403370E-05 	 7.18144699E-06 
5.141400 	 75 	 9.30512302E-05 	 7.53256919E-06 
5.145300 	 75 	 1.13858507E-04 	 7.55952916E-06 
5.150400 	 75 	 2.00201048E-04 	 1.19483658E-05 
5.153200 	 75 	 2.37203395E-04 	 1.34884179E-05 
5.156200 	 75 	 2.55604398E-04 	 1.43219955E-05 
5.159500 	 75 	 2.62433510E-04 	 1.47736833E-05 
5.161500 	 75 	 2.58061847E-04 	 1.48632268E-05 
5.162500 	 75 	 2.70147179E-04 	 1.47628002E-05 
5.168500 	 75 	 2.54209551E-04 	 1.38745409E-05 
5.170900 	 75 	 2.32704286E-04 	 1.25436565E-05 
5.181500 	 75 	 1.56121371E-04 	 9.04871321E-06 
5.201300 	 75 	 1.01039868E-04 	 5.76188290E-06 
5.221500 	 75 	 9.29874927E-05 	 5.53089160E-06 
5.241500 	 75 	 1.02201547E-04 	 6.74127455E-06 
5.251000 	 75 	 1.46204804E-04 	 8.40363894E-06 
5.254600 	 75 	 1.61772128E-04 	 1.04681317E-05 
5.261600 	 75 	 2.52601448E-04 	 1.64215648E-05 
5.271400 	 75 	 3.28681087E-04 	 2.01547453E-05 
5.276500 	 75 	 3.47466615E-04 	 2.23414217E-05 
5.281500 	 75 	 3.14246312E-04 	 2.10898414E-05 
5.286500 	 75 	 2.72551033E-04 	 1.74654373E-05 
5.286500 	 75 	 3.00673553E-04 	 2.15575231E-05 
5.291300 	 75 	 2.60549515E-04 	 2.20853772E-05 
5.296500 	 75 	 2.24892185E-04 	 2.24785908E-05 
5.301700 	 75 	 2.18377468E-04 	 2.00488352E-05 
5.304400 	 75 	 1.96618023E-04 	 2.05472951E-05 
5.309200 	 75 	 2.04073104E-04 	 1.65853221E-05 
5.311200 	 75 	 1.94185124E-04 	 1.75491678E-05 
5.313900 	 75 	 2.01857977E-04 	 1.87744486E-05 
5.319700 	 75 	 2.07159828E-04 	 1.49457728E-05 
5.324400 	 75 	 2.41922953E-04 	 1.63960013E-05 
5.329000 	 75 	 2.78595522E-04 	 1.78291284E-05 
5.334300 	 75 	 3.08116721E-04 	 1.84232091E-05 
5.339200 	 75 	 3.58867307E-04 	 2.06598731E-05 
5.344400 	 75 	 3.98092890E-04 	 2.26854731E-05 
5.344400 	 75 	 3.95646300E-04 	 2.19133461E-05 
5.349000 	 75 	 3.89293308E-04 	 2.10929869E-05 
5.354200 	 75 	 3.46910696E-04 	 1.90128873E-05 
5.354400 	 75 	 3.45850524E-04 	 1.85848970E-05 
5.358400 	 75 	 2.96935357E-04 	 1.60230967E-05 
5.359800 	 75 	 2.94341249E-04 	 1.56771875E-05 
5.360100 	 75 	 2.85464708E-04 	 1.51810879E-05 
5.363600 	 75 	 3.63038294E-04 	 2.00814304E-05 
5.365100 	 75 	 3.21728492E-04 	 1.68313986E-05 
5.369400 	 75 	 3.35083907E-04 	 1.90472184E-05 
5.371300 	 75 	 3.07318427E-04 	 1.75242600E-05 
5.373400 	 75 	 2.89192598E-04 	 1.65889861E-05 
5.375400 	 75 	 2.69191538E-04 	 1.55614312E-05 
5.377500 	 75 	 2.58761085E-04 	 1.52428504E-05 
5.379500 	 75 	 2.39663779E-04 	 1.33106826E-05 
5.381200 	 75 	 2.46676963E-04 	 1.43678341E-05 
5.386300 	 75 	 1.28055394E-04 	 7.37880787E-06 
5.391600 	 75 	 5.39621131E-05 	 3.63954888E-06 
5.394400 	 75 	 3.21335532E-05 	 2.35153076E-06 
5.394800 	 75 	 4.79140335E-05 	 3.03648169E-06 
5.395400 	 75 	 2.90035113E-05 	 2.04079866E-06 
5.397500 	 75 	 2.22066288E-05 	 1.72063260E-06 
5.401400 	 75 	 1.95289823E-05 	 1.41886322E-06 
5.404600 	 75 	 1.84903372E-05 	 1.50388143E-06 
5.414900 	 75 	 3.08677590E-05 	 2.01820870E-06 
5.425600 	 75 	 5.69359484E-05 	 3.34613658E-06 
5.435900 	 75 	 6.20122189E-05 	 3.59353570E-06 
5.446900 	 75 	 5.35818653E-05 	 3.05600143E-06 
5.450800 	 75 	 4.88678080E-05 	 3.08387701E-06 
4.007500 	 60 	 4.57126571E-06 	 3.61971611E-07 
4.012500 	 60 	 5.57351269E-06 	 5.02504806E-07 
4.014400 	 60 	 3.71489914E-06 	 1.55726432E-06 
4.018500 	 60 	 7.12643944E-06 	 6.80122096E-07 
4.020600 	 60 	 7.43011574E-06 	 6.80304084E-07 
4.021500 	 60 	 4.80887098E-06 	 5.59988940E-07 
4.026600 	 60 	 4.52316741E-06 	 5.48030854E-07 
4.030600 	 60 	 8.19573276E-06 	 6.29021431E-07 
4.031400 	 60 	 6.80945058E-06 	 6.43292923E-07 
4.036500 	 60 	 7.61615347E-06 	 6.52719425E-07 
4.041500 	 60 	 6.42880334E-06 	 5.33953015E-07 
4.046600 	 60 	 4.75709947E-06 	 5.46416125E-07 
4.281500 	 60 	 7.49637317E-06 	 6.34840066E-07 
4.301600 	 60 	 7.89696160E-06 	 6.21924984E-07 
4.302600 	 60 	 5.93883514E-06 	 6.35726665E-07 
4.304700 	 60 	 5.48744254E-06 	 6.07081336E-07 
4.305700 	 60 	 5.55671132E-06 	 6.72278056E-07 
4.306600 	 60 	 6.82788717E-06 	 7.79097363E-07 
4.307700 	 60 	 7.60823474E-06 	 8.69080801E-07 
4.308700 	 60 	 6.72957777E-06 	 9.33464190E-07 
4.309600 	 60 	 1.27980824E-05 	 2.21819163E-06 
4.310600 	 60 	 1.57689148E-05 	 2.92508334E-06 
4.312600 	 60 	 2.39039274E-05 	 4.68723127E-06 
4.314600 	 60 	 2.36441895E-05 	 3.84224214E-06 
4.316700 	 60 	 2.01301301E-05 	 3.53111911E-06 
4.318700 	 60 	 2.37460729E-05 	 4.44553832E-06 
4.320800 	 60 	 2.33590727E-05 	 3.72269356E-06 
4.321500 	 60 	 2.48634021E-05 	 3.68011131E-06 
4.322700 	 60 	 2.27647975E-05 	 4.45865690E-06 
4.324600 	 60 	 2.30999043E-05 	 4.06815107E-06 
4.326600 	 60 	 2.14762165E-05 	 3.94332666E-06 
4.328700 	 60 	 2.33844245E-05 	 4.12686432E-06 
4.330700 	 60 	 2.44361481E-05 	 4.62801209E-06 
4.332700 	 60 	 2.38540543E-05 	 3.23943688E-06 
4.334500 	 60 	 2.50744596E-05 	 3.48510752E-06 
4.336700 	 60 	 1.86192192E-05 	 2.43237277E-06 
4.338600 	 60 	 1.46947152E-05 	 2.76255734E-06 
4.340600 	 60 	 1.67422264E-05 	 1.76614821E-06 
4.341600 	 60 	 1.59562036E-05 	 2.07988927E-06 
4.342700 	 60 	 1.92250288E-05 	 1.73145207E-06 
4.344700 	 60 	 1.95312008E-05 	 1.56058339E-06 
4.346700 	 60 	 1.87367267E-05 	 1.32102558E-06 
4.351500 	 60 	 1.71204345E-05 	 1.20813485E-06 
4.356400 	 60 	 1.73184438E-05 	 1.20534179E-06 
4.361500 	 60 	 1.71648472E-05 	 1.13286263E-06 
4.381600 	 60 	 1.18328084E-05 	 8.92305893E-07 
4.401600 	 60 	 1.51394587E-05 	 1.05389703E-06 
4.421500 	 60 	 2.35977794E-05 	 1.53682400E-06 
4.431700 	 60 	 3.54761129E-05 	 2.26218411E-06 
4.441700 	 60 	 4.62140976E-05 	 2.76206979E-06 
4.451500 	 60 	 9.35869212E-05 	 5.77257432E-06 
4.461400 	 60 	 1.63575810E-04 	 9.48489261E-06 
4.466500 	 60 	 4.46340189E-04 	 2.57512781E-05 
4.471600 	 60 	 7.16786099E-04 	 4.01345495E-05 
4.481500 	 60 	 7.94178869E-04 	 4.35630650E-05 
4.489500 	 60 	 6.14864508E-04 	 3.42184287E-05 
4.497600 	 60 	 3.35454473E-04 	 1.85782463E-05 
4.499700 	 60 	 2.55980214E-04 	 1.42498803E-05 
4.501600 	 60 	 3.27921318E-04 	 1.79944115E-05 
4.503700 	 60 	 1.41596856E-04 	 7.92457704E-06 
4.506500 	 60 	 1.00420538E-04 	 5.55022414E-06 
4.511500 	 60 	 5.78641069E-05 	 3.27116935E-06 
4.521700 	 60 	 3.25109717E-05 	 1.95484476E-06 
4.523700 	 60 	 2.57245712E-05 	 1.98637981E-06 
4.526600 	 60 	 2.47979899E-05 	 2.95028305E-06 
4.531600 	 60 	 3.26467646E-05 	 4.56575757E-06 
4.536700 	 60 	 4.35567750E-05 	 6.76285612E-06 
4.540900 	 60 	 3.72273899E-05 	 5.53095809E-06 
4.546600 	 60 	 7.27243297E-05 	 1.13413437E-05 
4.551700 	 60 	 1.25509441E-04 	 1.56439277E-05 
4.561300 	 60 	 2.80589080E-04 	 1.81380434E-05 
4.571700 	 60 	 7.11286976E-04 	 4.33310945E-05 
4.581600 	 60 	 7.29170466E-04 	 4.44548895E-05 
4.591500 	 60 	 3.82533358E-04 	 2.60575121E-05 
4.601600 	 60 	 2.05060295E-04 	 1.39710184E-05 
4.611800 	 60 	 1.04656374E-04 	 8.79259623E-06 
4.621500 	 60 	 1.12812802E-04 	 1.28518071E-05 
4.631700 	 60 	 7.75586838E-05 	 1.17378790E-05 
4.641400 	 60 	 6.15891055E-05 	 8.38792145E-06 
4.646700 	 60 	 4.05993216E-05 	 5.45518409E-06 
4.651500 	 60 	 4.61389693E-05 	 4.66314020E-06 
4.661500 	 60 	 1.08925594E-04 	 7.29993025E-06 
4.681600 	 60 	 7.12681357E-05 	 4.74060401E-06 
4.691700 	 60 	 3.13610146E-05 	 2.33831364E-06 
4.701400 	 60 	 2.96341562E-05 	 2.12239023E-06 
4.721500 	 60 	 2.58398009E-05 	 1.71396423E-06 
4.741500 	 60 	 3.04947147E-05 	 2.01445988E-06 
4.761500 	 60 	 6.01810505E-05 	 3.60778526E-06 
4.766700 	 60 	 1.33445769E-04 	 7.71238804E-06 
4.770400 	 60 	 1.52463473E-04 	 8.65578385E-06 
4.781500 	 60 	 1.80358041E-04 	 1.01921083E-05 
4.786500 	 60 	 1.79294124E-04 	 1.06156094E-05 
4.791700 	 60 	 1.57773618E-04 	 1.12926629E-05 
4.801600 	 60 	 1.44130452E-04 	 1.04101907E-05 
4.811400 	 60 	 1.09084405E-04 	 8.14391688E-06 
4.821500 	 60 	 9.96506736E-05 	 6.77713976E-06 
4.823700 	 60 	 9.64045243E-05 	 5.93625054E-06 
4.826800 	 60 	 8.99980355E-05 	 5.18691294E-06 
4.831600 	 60 	 9.03130985E-05 	 4.95368436E-06 
4.841400 	 60 	 9.10063611E-05 	 4.78954810E-06 
4.861500 	 60 	 1.08436323E-04 	 5.62321438E-06 
4.877800 	 60 	 1.44079083E-04 	 7.42867609E-06 
4.901400 	 60 	 2.36191659E-04 	 1.19697087E-05 
4.911400 	 60 	 3.57710737E-04 	 1.82698646E-05 
4.921600 	 60 	 4.70277688E-04 	 2.38669277E-05 
4.931500 	 60 	 6.29650374E-04 	 3.19800250E-05 
4.937700 	 60 	 7.75363031E-04 	 3.90352513E-05 
4.941700 	 60 	 8.25539113E-04 	 4.17238801E-05 
4.948400 	 60 	 1.04243917E-03 	 5.23939507E-05 
4.958200 	 60 	 1.28167157E-03 	 6.43651921E-05 
4.961800 	 60 	 1.29913028E-03 	 6.53998116E-05 
4.968300 	 60 	 1.46764078E-03 	 7.36964072E-05 
4.973400 	 60 	 1.49346526E-03 	 7.49806721E-05 
4.976200 	 60 	 1.48726573E-03 	 7.47085439E-05 
4.979400 	 60 	 1.45993577E-03 	 7.33603242E-05 
4.981500 	 60 	 1.46087109E-03 	 7.35638295E-05 
4.984300 	 60 	 1.38339277E-03 	 6.94320560E-05 
4.986100 	 60 	 1.35144674E-03 	 6.79440498E-05 
4.996200 	 60 	 1.11905396E-03 	 5.62486258E-05 
5.001600 	 60 	 1.04129092E-03 	 5.25256731E-05 
5.006200 	 60 	 8.69111528E-04 	 4.37061352E-05 
5.016100 	 60 	 6.74639133E-04 	 3.39170745E-05 
5.021500 	 60 	 6.23671376E-04 	 3.15985964E-05 
5.026300 	 60 	 5.32673030E-04 	 2.69036002E-05 
5.029200 	 60 	 5.05463687E-04 	 2.56430710E-05 
5.029400 	 60 	 5.10591089E-04 	 2.58729569E-05 
5.031300 	 60 	 5.05299087E-04 	 2.58439428E-05 
5.036300 	 60 	 4.84254946E-04 	 2.54286772E-05 
5.039300 	 60 	 4.99297369E-04 	 2.63988048E-05 
5.041600 	 60 	 5.01421953E-04 	 2.68211487E-05 
5.044300 	 60 	 5.53983496E-04 	 2.91441017E-05 
5.047400 	 60 	 6.04307638E-04 	 3.16480084E-05 
5.050200 	 60 	 6.35521911E-04 	 3.32698993E-05 
5.053500 	 60 	 6.57010486E-04 	 3.46198148E-05 
5.056300 	 60 	 6.21892422E-04 	 3.26315150E-05 
5.061500 	 60 	 5.94596730E-04 	 3.12351697E-05 
5.066300 	 60 	 5.15637144E-04 	 2.68342618E-05 
5.076400 	 60 	 3.21478172E-04 	 1.68387680E-05 
5.081400 	 60 	 2.70192717E-04 	 1.43825861E-05 
5.086000 	 60 	 2.19321746E-04 	 1.14689697E-05 
5.095700 	 60 	 1.71420683E-04 	 9.17924962E-06 
5.101500 	 60 	 1.62758201E-04 	 8.90117476E-06 
5.105200 	 60 	 1.57032889E-04 	 1.00628051E-05 
5.108300 	 60 	 1.60102195E-04 	 1.01485822E-05 
5.110400 	 60 	 1.54171397E-04 	 1.09270171E-05 
5.111500 	 60 	 1.53373996E-04 	 1.16547018E-05 
5.111900 	 60 	 1.60309034E-04 	 1.13388508E-05 
5.112200 	 60 	 1.53413437E-04 	 1.15634320E-05 
5.114400 	 60 	 1.50869682E-04 	 1.19131396E-05 
5.116400 	 60 	 1.40758806E-04 	 1.09990681E-05 
5.118400 	 60 	 1.44108794E-04 	 1.11576758E-05 
5.120300 	 60 	 1.37771193E-04 	 1.09103089E-05 
5.121500 	 60 	 1.36694738E-04 	 1.06748219E-05 
5.122300 	 60 	 1.41635125E-04 	 1.15970493E-05 
5.125300 	 60 	 1.37725330E-04 	 1.02709783E-05 
5.130300 	 60 	 1.26045859E-04 	 8.97977472E-06 
5.135300 	 60 	 1.12760024E-04 	 8.33380333E-06 
5.140000 	 60 	 9.78041672E-05 	 6.71795527E-06 
5.141400 	 60 	 9.38041543E-05 	 7.01595490E-06 
5.145300 	 60 	 1.21222927E-04 	 7.75403536E-06 
5.150400 	 60 	 2.16408403E-04 	 1.23951088E-05 
5.153200 	 60 	 2.52747943E-04 	 1.39557305E-05 
5.156200 	 60 	 2.70713451E-04 	 1.47892463E-05 
5.159500 	 60 	 2.73785439E-04 	 1.50832209E-05 
5.161500 	 60 	 2.84579201E-04 	 1.60259564E-05 
5.162500 	 60 	 2.85199426E-04 	 1.53386336E-05 
5.168500 	 60 	 2.73623696E-04 	 1.46596114E-05 
5.170900 	 60 	 2.53978258E-04 	 1.34650802E-05 
5.181500 	 60 	 1.58269354E-04 	 8.96786312E-06 
5.201300 	 60 	 1.03820690E-04 	 5.77657335E-06 
5.221500 	 60 	 9.62227578E-05 	 5.56566425E-06 
5.241500 	 60 	 1.09804594E-04 	 6.94380923E-06 
5.251000 	 60 	 1.56091718E-04 	 8.83750337E-06 
5.254600 	 60 	 1.69214309E-04 	 1.05143780E-05 
5.261600 	 60 	 2.52556185E-04 	 1.56703534E-05 
5.271400 	 60 	 3.51090152E-04 	 2.09332697E-05 
5.276500 	 60 	 3.64409025E-04 	 2.30527388E-05 
5.281500 	 60 	 3.51041237E-04 	 2.26288688E-05 
5.286500 	 60 	 3.08311700E-04 	 1.89089404E-05 
5.286500 	 60 	 3.07078354E-04 	 2.18230475E-05 
5.291300 	 60 	 2.94768110E-04 	 2.37664388E-05 
5.296500 	 60 	 2.28896207E-04 	 2.13405008E-05 
5.301700 	 60 	 2.24643215E-04 	 2.00474296E-05 
5.304400 	 60 	 2.18673071E-04 	 1.98500236E-05 
5.309200 	 60 	 2.20917531E-04 	 1.77950867E-05 
5.311200 	 60 	 2.08480199E-04 	 1.71260880E-05 
5.313900 	 60 	 2.06812381E-04 	 1.76232808E-05 
5.319700 	 60 	 2.32679693E-04 	 1.57543416E-05 
5.324400 	 60 	 2.68504408E-04 	 1.72134219E-05 
5.329000 	 60 	 3.04808794E-04 	 1.84366081E-05 
5.334300 	 60 	 3.27975719E-04 	 1.91855912E-05 
5.339200 	 60 	 3.77256373E-04 	 2.12854958E-05 
5.344400 	 60 	 4.27624604E-04 	 2.38640033E-05 
5.344400 	 60 	 4.12987737E-04 	 2.24435639E-05 
5.349000 	 60 	 4.07915982E-04 	 2.17713902E-05 
5.354200 	 60 	 3.68739383E-04 	 1.97342063E-05 
5.354400 	 60 	 3.70238545E-04 	 1.95620111E-05 
5.358400 	 60 	 3.31409816E-04 	 1.75757485E-05 
5.359800 	 60 	 3.18457993E-04 	 1.67235438E-05 
5.360100 	 60 	 3.08624662E-04 	 1.61636863E-05 
5.363600 	 60 	 3.91875131E-04 	 2.11455589E-05 
5.365100 	 60 	 3.42544155E-04 	 1.77391385E-05 
5.369400 	 60 	 3.59374799E-04 	 1.98600881E-05 
5.371300 	 60 	 3.28406405E-04 	 1.82688377E-05 
5.373400 	 60 	 3.10823222E-04 	 1.74137585E-05 
5.375400 	 60 	 2.95032847E-04 	 1.66292031E-05 
5.377500 	 60 	 2.69498363E-04 	 1.55021602E-05 
5.379500 	 60 	 2.52248759E-04 	 1.37057610E-05 
5.381200 	 60 	 2.68804153E-04 	 1.51331675E-05 
5.386300 	 60 	 1.36582788E-04 	 7.60911819E-06 
5.391600 	 60 	 5.65519557E-05 	 3.60355838E-06 
5.394400 	 60 	 3.50275620E-05 	 2.42643957E-06 
5.394800 	 60 	 4.97458586E-05 	 3.04176570E-06 
5.395400 	 60 	 3.15191177E-05 	 2.08934227E-06 
5.397500 	 60 	 2.54832518E-05 	 1.76641996E-06 
5.401400 	 60 	 1.95641231E-05 	 1.33196692E-06 
5.404600 	 60 	 1.94132609E-05 	 1.43225324E-06 
5.414900 	 60 	 3.02884615E-05 	 1.88291429E-06 
5.425600 	 60 	 5.63767208E-05 	 3.17472165E-06 
5.435900 	 60 	 6.52112085E-05 	 3.64987469E-06 
5.446900 	 60 	 5.64027623E-05 	 3.10448971E-06 
5.450800 	 60 	 4.94361988E-05 	 2.86050583E-06 
