4.007500 	 0 	 4.01009473E-05 	 2.10726186E-06 
4.012500 	 0 	 3.91362040E-05 	 2.13021270E-06 
4.014400 	 0 	 3.55889918E-05 	 1.96269907E-06 
4.018500 	 0 	 3.56730561E-05 	 1.99968713E-06 
4.020600 	 0 	 3.51843176E-05 	 2.02193857E-06 
4.021500 	 0 	 3.44925945E-05 	 2.01973586E-06 
4.026600 	 0 	 3.31270619E-05 	 1.87558486E-06 
4.030600 	 0 	 2.97860717E-05 	 1.66150574E-06 
4.031400 	 0 	 2.37190881E-05 	 1.42716635E-06 
4.036500 	 0 	 1.89436088E-05 	 1.22792129E-06 
4.041500 	 0 	 1.39167998E-05 	 9.29530099E-07 
4.046600 	 0 	 8.79964593E-06 	 6.67341496E-07 
4.281500 	 0 	 2.04569824E-05 	 1.21909682E-06 
4.301600 	 0 	 4.25640643E-05 	 2.29577742E-06 
4.302600 	 0 	 6.22010149E-05 	 3.32321414E-06 
4.304700 	 0 	 5.68582363E-05 	 3.06409160E-06 
4.305700 	 0 	 5.69085238E-05 	 3.10418173E-06 
4.306600 	 0 	 5.51434968E-05 	 3.03379398E-06 
4.307700 	 0 	 5.57379902E-05 	 3.13414015E-06 
4.308700 	 0 	 5.27517104E-05 	 3.07084455E-06 
4.309600 	 0 	 5.07417206E-05 	 3.73305740E-06 
4.310600 	 0 	 4.85650050E-05 	 4.26966201E-06 
4.312600 	 0 	 4.91211892E-05 	 4.91614894E-06 
4.314600 	 0 	 3.93493324E-05 	 4.04059607E-06 
4.316700 	 0 	 4.02764140E-05 	 4.33815366E-06 
4.318700 	 0 	 4.37990220E-05 	 5.00925312E-06 
4.320800 	 0 	 3.62595640E-05 	 4.14752089E-06 
4.321500 	 0 	 4.65661303E-05 	 4.51225519E-06 
4.322700 	 0 	 3.43046099E-05 	 3.66966596E-06 
4.324600 	 0 	 2.35808514E-05 	 3.08644752E-06 
4.326600 	 0 	 2.23138435E-05 	 3.28954955E-06 
4.328700 	 0 	 2.25789860E-05 	 3.70300917E-06 
4.330700 	 0 	 2.13072299E-05 	 3.39074162E-06 
4.332700 	 0 	 2.04199682E-05 	 2.91718021E-06 
4.334500 	 0 	 1.86793295E-05 	 2.71231142E-06 
4.336700 	 0 	 2.32254935E-05 	 2.53682142E-06 
4.338600 	 0 	 2.47258096E-05 	 2.48676412E-06 
4.340600 	 0 	 2.40238348E-05 	 1.97918588E-06 
4.341600 	 0 	 1.56750283E-05 	 1.93673842E-06 
4.342700 	 0 	 2.52884686E-05 	 1.89527137E-06 
4.344700 	 0 	 3.70875813E-05 	 2.25300827E-06 
4.346700 	 0 	 3.60981259E-05 	 2.14159257E-06 
4.351500 	 0 	 3.73498102E-05 	 2.12144141E-06 
4.356400 	 0 	 3.29645447E-05 	 1.94878795E-06 
4.361500 	 0 	 3.14828976E-05 	 1.84117177E-06 
4.381600 	 0 	 2.60449396E-05 	 1.57005995E-06 
4.401600 	 0 	 2.63505496E-05 	 1.63064056E-06 
4.421500 	 0 	 2.75595002E-05 	 1.73865510E-06 
4.431700 	 0 	 3.07037648E-05 	 2.01535155E-06 
4.441700 	 0 	 2.92059307E-05 	 1.87009742E-06 
4.451500 	 0 	 2.50608799E-05 	 2.36612774E-06 
4.461400 	 0 	 2.74900042E-05 	 2.68600686E-06 
4.466500 	 0 	 1.69404175E-05 	 4.03960312E-06 
4.471600 	 0 	 1.69922158E-05 	 3.84643249E-06 
4.481500 	 0 	 2.21048157E-05 	 4.26204903E-06 
4.489500 	 0 	 2.33089103E-05 	 4.92400122E-06 
4.497600 	 0 	 3.65226561E-05 	 3.57552573E-06 
4.499700 	 0 	 4.06255130E-05 	 3.61920184E-06 
4.501600 	 0 	 3.87784720E-05 	 3.46443239E-06 
4.503700 	 0 	 4.37752812E-05 	 2.99150805E-06 
4.506500 	 0 	 4.89798231E-05 	 2.90849231E-06 
4.511500 	 0 	 4.64471021E-05 	 2.69054315E-06 
4.521700 	 0 	 5.43345800E-05 	 2.96642017E-06 
4.523700 	 0 	 5.56100052E-05 	 3.36662292E-06 
4.526600 	 0 	 5.05257864E-05 	 4.03511864E-06 
4.531600 	 0 	 3.79542316E-05 	 4.29283391E-06 
4.536700 	 0 	 3.28305166E-05 	 5.93956695E-06 
4.540900 	 0 	 3.21517431E-05 	 4.26280172E-06 
4.546600 	 0 	 7.70101483E-06 	 3.99840867E-06 
4.551700 	 0 	 1.78571395E-05 	 9.06885517E-06 
4.561300 	 0 	 2.98485534E-05 	 4.67319178E-06 
4.571700 	 0 	 9.76996834E-06 	 4.19214925E-06 
4.581600 	 0 	 1.16277467E-05 	 7.64545480E-06 
4.591500 	 0 	 1.71100569E-05 	 7.50884178E-06 
4.601600 	 0 	 2.40541583E-05 	 4.16810221E-06 
4.611800 	 0 	 3.40204746E-05 	 4.59638772E-06 
4.621500 	 0 	 2.26205325E-05 	 5.83346835E-06 
4.631700 	 0 	 2.49426071E-05 	 7.73241923E-06 
4.641400 	 0 	 2.06538159E-05 	 4.70517749E-06 
4.646700 	 0 	 3.21623186E-05 	 5.01761299E-06 
4.651500 	 0 	 8.48977341E-05 	 6.30081694E-06 
4.661500 	 0 	 8.25981055E-05 	 5.77774338E-06 
4.681600 	 0 	 6.26489622E-05 	 3.98360807E-06 
4.691700 	 0 	 6.01964207E-05 	 3.63711994E-06 
4.701400 	 0 	 5.45920607E-05 	 3.20975855E-06 
4.721500 	 0 	 5.90067865E-05 	 3.22727757E-06 
4.741500 	 0 	 6.45168304E-05 	 3.59412733E-06 
4.761500 	 0 	 8.04870011E-05 	 4.48344514E-06 
4.766700 	 0 	 1.08254126E-04 	 6.20167795E-06 
4.770400 	 0 	 1.20939314E-04 	 6.83638564E-06 
4.781500 	 0 	 1.46489903E-04 	 8.21271571E-06 
4.786500 	 0 	 1.42519779E-04 	 8.42380090E-06 
4.791700 	 0 	 1.30650415E-04 	 9.32974119E-06 
4.801600 	 0 	 2.59781414E-04 	 1.53862427E-05 
4.811400 	 0 	 5.34837930E-04 	 2.83721496E-05 
4.821500 	 0 	 5.02210398E-04 	 2.63454094E-05 
4.823700 	 0 	 3.40388198E-04 	 1.77531907E-05 
4.826800 	 0 	 2.23433037E-04 	 1.16678551E-05 
4.831600 	 0 	 1.11771015E-04 	 5.94463549E-06 
4.841400 	 0 	 7.05845694E-05 	 3.75967982E-06 
4.861500 	 0 	 6.98642493E-05 	 3.70127361E-06 
4.877800 	 0 	 7.45408802E-05 	 3.96392819E-06 
4.901400 	 0 	 8.29832474E-05 	 4.31937915E-06 
4.911400 	 0 	 8.68432997E-05 	 4.72555208E-06 
4.921600 	 0 	 8.86573193E-05 	 4.80899411E-06 
4.931500 	 0 	 8.46679870E-05 	 4.74971630E-06 
4.937700 	 0 	 8.55737019E-05 	 4.57083211E-06 
4.941700 	 0 	 9.04601159E-05 	 4.98741339E-06 
4.948400 	 0 	 8.97250117E-05 	 4.79557104E-06 
4.958200 	 0 	 8.05340512E-05 	 4.36841932E-06 
4.961800 	 0 	 8.60380520E-05 	 4.79681172E-06 
4.968300 	 0 	 8.35265900E-05 	 4.55993895E-06 
4.973400 	 0 	 8.15644057E-05 	 4.46735362E-06 
4.976200 	 0 	 8.23085746E-05 	 4.53578570E-06 
4.979400 	 0 	 8.13430759E-05 	 4.51115004E-06 
4.981500 	 0 	 9.68345439E-05 	 5.37884900E-06 
4.984300 	 0 	 8.89400517E-05 	 4.76608554E-06 
4.986100 	 0 	 8.48298567E-05 	 4.69021884E-06 
4.996200 	 0 	 8.83623927E-05 	 4.76460575E-06 
5.001600 	 0 	 1.08139738E-04 	 5.88129376E-06 
5.006200 	 0 	 9.67663428E-05 	 5.13807896E-06 
5.016100 	 0 	 9.78404021E-05 	 5.10290217E-06 
5.021500 	 0 	 1.11395477E-04 	 5.98030848E-06 
5.026300 	 0 	 1.13244029E-04 	 5.95985985E-06 
5.029200 	 0 	 1.18024580E-04 	 6.28765745E-06 
5.029400 	 0 	 1.14364167E-04 	 6.08421206E-06 
5.031300 	 0 	 1.29416968E-04 	 7.04700620E-06 
5.036300 	 0 	 2.24754973E-04 	 1.22712508E-05 
5.039300 	 0 	 3.27973873E-04 	 1.75861882E-05 
5.041600 	 0 	 3.45545366E-04 	 1.87946184E-05 
5.044300 	 0 	 3.04085145E-04 	 1.64194814E-05 
5.047400 	 0 	 3.07706710E-04 	 1.65814089E-05 
5.050200 	 0 	 2.92895634E-04 	 1.59663751E-05 
5.053500 	 0 	 2.76607228E-04 	 1.54285533E-05 
5.056300 	 0 	 2.53985400E-04 	 1.40826609E-05 
5.061500 	 0 	 2.24198141E-04 	 1.26425647E-05 
5.066300 	 0 	 1.35523772E-04 	 7.78876332E-06 
5.076400 	 0 	 2.51260594E-04 	 1.32042789E-05 
5.081400 	 0 	 2.91138808E-04 	 1.52405362E-05 
5.086000 	 0 	 2.40403455E-04 	 1.24294061E-05 
5.095700 	 0 	 2.26772948E-04 	 1.18242748E-05 
5.101500 	 0 	 2.29763221E-04 	 1.20271959E-05 
5.105200 	 0 	 3.45955436E-04 	 1.87998058E-05 
5.108300 	 0 	 4.79683534E-04 	 2.51995104E-05 
5.110400 	 0 	 4.59728240E-04 	 2.47580974E-05 
5.111500 	 0 	 4.73193639E-04 	 2.57929008E-05 
5.111900 	 0 	 4.71135736E-04 	 2.56608615E-05 
5.112200 	 0 	 4.57146958E-04 	 2.48809526E-05 
5.114400 	 0 	 9.42653483E-04 	 4.91379288E-05 
5.116400 	 0 	 1.03745408E-03 	 5.37433885E-05 
5.118400 	 0 	 9.85888875E-04 	 5.13140209E-05 
5.120300 	 0 	 9.49562081E-04 	 4.93591165E-05 
5.121500 	 0 	 9.97832699E-04 	 5.19099975E-05 
5.122300 	 0 	 9.25783425E-04 	 4.82900612E-05 
5.125300 	 0 	 8.91143314E-04 	 4.63308248E-05 
5.130300 	 0 	 7.50738631E-04 	 3.89019223E-05 
5.135300 	 0 	 5.59879169E-04 	 2.97027650E-05 
5.140000 	 0 	 3.32854783E-04 	 1.77801960E-05 
5.141400 	 0 	 3.73723641E-04 	 2.02531730E-05 
5.145300 	 0 	 1.68717848E-04 	 9.61483719E-06 
5.150400 	 0 	 1.31997171E-04 	 7.91220381E-06 
5.153200 	 0 	 1.30411927E-04 	 7.66978141E-06 
5.156200 	 0 	 1.30291065E-04 	 7.62383173E-06 
5.159500 	 0 	 1.15283587E-04 	 6.95619100E-06 
5.161500 	 0 	 1.22331393E-04 	 7.69778905E-06 
5.162500 	 0 	 1.15230709E-04 	 6.71127575E-06 
5.168500 	 0 	 1.17226023E-04 	 6.69765399E-06 
5.170900 	 0 	 1.32907958E-04 	 7.27334025E-06 
5.181500 	 0 	 1.50915420E-04 	 8.36561955E-06 
5.201300 	 0 	 1.61102419E-04 	 8.46798398E-06 
5.221500 	 0 	 1.85179994E-04 	 9.74405153E-06 
5.241500 	 0 	 2.20075860E-04 	 1.19535547E-05 
5.251000 	 0 	 2.35047727E-04 	 1.23719519E-05 
5.254600 	 0 	 2.72736384E-04 	 1.49036597E-05 
5.261600 	 0 	 2.98625821E-04 	 1.69303925E-05 
5.271400 	 0 	 3.92732537E-04 	 2.17207050E-05 
5.276500 	 0 	 4.45142702E-04 	 2.53377913E-05 
5.281500 	 0 	 5.44382845E-04 	 3.03101943E-05 
5.286500 	 0 	 7.41894072E-04 	 3.89133951E-05 
5.286500 	 0 	 7.52494378E-04 	 4.08839476E-05 
5.291300 	 0 	 1.29470925E-03 	 6.90619477E-05 
5.296500 	 0 	 1.71526826E-03 	 9.09332651E-05 
5.301700 	 0 	 2.36024340E-03 	 1.21259399E-04 
5.304400 	 0 	 2.72518399E-03 	 1.39734664E-04 
5.309200 	 0 	 2.75182774E-03 	 1.39619450E-04 
5.311200 	 0 	 2.47744784E-03 	 1.26432711E-04 
5.313900 	 0 	 2.80037786E-03 	 1.42673078E-04 
5.319700 	 0 	 2.26925106E-03 	 1.14868679E-04 
5.324400 	 0 	 1.76635433E-03 	 9.00082734E-05 
5.329000 	 0 	 1.29302580E-03 	 6.62604587E-05 
5.334300 	 0 	 9.79433512E-04 	 5.04421182E-05 
5.339200 	 0 	 7.53690055E-04 	 3.92801267E-05 
5.344400 	 0 	 5.89487292E-04 	 3.12895909E-05 
5.344400 	 0 	 6.36589211E-04 	 3.31307058E-05 
5.349000 	 0 	 6.03313121E-04 	 3.11873100E-05 
5.354200 	 0 	 5.44879246E-04 	 2.82335868E-05 
5.354400 	 0 	 5.76115778E-04 	 2.96077847E-05 
5.358400 	 0 	 4.76960886E-04 	 2.46260197E-05 
5.359800 	 0 	 5.23572879E-04 	 2.67974492E-05 
5.360100 	 0 	 4.65476771E-04 	 2.38443982E-05 
5.363600 	 0 	 4.62487578E-04 	 2.44058668E-05 
5.365100 	 0 	 4.92104334E-04 	 2.50990717E-05 
5.369400 	 0 	 4.95815466E-04 	 2.62422738E-05 
5.371300 	 0 	 4.56897678E-04 	 2.42505074E-05 
5.373400 	 0 	 4.65319218E-04 	 2.46711096E-05 
5.375400 	 0 	 4.56797319E-04 	 2.41973643E-05 
5.377500 	 0 	 4.38619354E-04 	 2.33673581E-05 
5.379500 	 0 	 4.36384473E-04 	 2.25979376E-05 
5.381200 	 0 	 4.24168708E-04 	 2.24404952E-05 
5.386300 	 0 	 4.01818822E-04 	 2.05629828E-05 
5.391600 	 0 	 3.54154675E-04 	 1.81212348E-05 
5.394400 	 0 	 3.46964424E-04 	 1.76732012E-05 
5.394800 	 0 	 3.63878727E-04 	 1.84724660E-05 
5.395400 	 0 	 3.47346436E-04 	 1.76086704E-05 
5.397500 	 0 	 3.32388599E-04 	 1.68327007E-05 
5.401400 	 0 	 3.19706649E-04 	 1.61316991E-05 
5.404600 	 0 	 3.61829456E-04 	 1.82685425E-05 
5.414900 	 0 	 3.60933777E-04 	 1.82201910E-05 
5.425600 	 0 	 3.78286207E-04 	 1.91161723E-05 
5.435900 	 0 	 3.86890120E-04 	 1.95640763E-05 
5.446900 	 0 	 3.85966384E-04 	 1.94515646E-05 
5.450800 	 0 	 4.16592128E-04 	 2.10273036E-05 
4.007500 	 15 	 3.67495976E-05 	 2.03691419E-06 
4.012500 	 15 	 3.59875657E-05 	 2.09696460E-06 
4.014400 	 15 	 3.18882577E-05 	 1.96938826E-06 
4.018500 	 15 	 2.91616232E-05 	 1.87641390E-06 
4.020600 	 15 	 3.02684107E-05 	 1.95836180E-06 
4.021500 	 15 	 3.16023802E-05 	 2.09632521E-06 
4.026600 	 15 	 2.81969188E-05 	 1.75546340E-06 
4.030600 	 15 	 2.71129791E-05 	 1.70970759E-06 
4.031400 	 15 	 2.18227468E-05 	 1.55064520E-06 
4.036500 	 15 	 1.29552904E-05 	 1.21335652E-06 
4.041500 	 15 	 9.51581526E-06 	 9.17024749E-07 
4.046600 	 15 	 6.31896104E-06 	 7.51462723E-07 
4.281500 	 15 	 2.15946212E-05 	 1.39084007E-06 
4.301600 	 15 	 3.92481029E-05 	 2.28839078E-06 
4.302600 	 15 	 5.73213038E-05 	 3.23878029E-06 
4.304700 	 15 	 5.28377608E-05 	 3.04144112E-06 
4.305700 	 15 	 5.18682946E-05 	 3.02506403E-06 
4.306600 	 15 	 5.15941500E-05 	 3.06276230E-06 
4.307700 	 15 	 5.06057836E-05 	 3.10878997E-06 
4.308700 	 15 	 5.47510298E-05 	 3.49740774E-06 
4.309600 	 15 	 6.15301533E-05 	 5.08288858E-06 
4.310600 	 15 	 6.48110674E-05 	 6.41589092E-06 
4.312600 	 15 	 6.93809772E-05 	 7.48762991E-06 
4.314600 	 15 	 7.74831376E-05 	 7.45121856E-06 
4.316700 	 15 	 6.43151413E-05 	 6.96409338E-06 
4.318700 	 15 	 6.74295396E-05 	 7.08166577E-06 
4.320800 	 15 	 6.34718911E-05 	 6.93969087E-06 
4.321500 	 15 	 7.02213256E-05 	 6.76538960E-06 
4.322700 	 15 	 6.62430085E-05 	 6.84047513E-06 
4.324600 	 15 	 5.36726207E-05 	 6.12622014E-06 
4.326600 	 15 	 5.88595952E-05 	 6.42543374E-06 
4.328700 	 15 	 4.52990778E-05 	 5.78386218E-06 
4.330700 	 15 	 4.06551310E-05 	 6.07242656E-06 
4.332700 	 15 	 4.88632881E-05 	 5.68169396E-06 
4.334500 	 15 	 3.62863512E-05 	 4.76564757E-06 
4.336700 	 15 	 3.77841874E-05 	 3.93647211E-06 
4.338600 	 15 	 3.53119087E-05 	 3.82770134E-06 
4.340600 	 15 	 3.39385893E-05 	 2.96460236E-06 
4.341600 	 15 	 3.30308320E-05 	 3.65135770E-06 
4.342700 	 15 	 2.97655720E-05 	 2.55644636E-06 
4.344700 	 15 	 3.43512752E-05 	 2.47606886E-06 
4.346700 	 15 	 3.59989759E-05 	 2.36781001E-06 
4.351500 	 15 	 3.37331341E-05 	 2.14476861E-06 
4.356400 	 15 	 2.97974449E-05 	 2.01614109E-06 
4.361500 	 15 	 2.96002888E-05 	 1.90756578E-06 
4.381600 	 15 	 2.47652387E-05 	 1.63786077E-06 
4.401600 	 15 	 2.46356378E-05 	 1.72905226E-06 
4.421500 	 15 	 2.21628979E-05 	 1.78203710E-06 
4.431700 	 15 	 2.74179323E-05 	 2.09207335E-06 
4.441700 	 15 	 2.82090341E-05 	 2.09762565E-06 
4.451500 	 15 	 2.58848965E-05 	 3.18365682E-06 
4.461400 	 15 	 2.44090028E-05 	 3.57089029E-06 
4.466500 	 15 	 1.41863004E-05 	 4.68551111E-06 
4.471600 	 15 	 1.18192932E-05 	 5.43613281E-06 
4.481500 	 15 	 1.58993998E-05 	 6.33005321E-06 
4.489500 	 15 	 2.00590030E-05 	 6.28505462E-06 
4.497600 	 15 	 3.01956711E-05 	 4.73028841E-06 
4.499700 	 15 	 3.07039897E-05 	 4.26710436E-06 
4.501600 	 15 	 3.56076074E-05 	 4.18348239E-06 
4.503700 	 15 	 3.76525621E-05 	 3.22271841E-06 
4.506500 	 15 	 4.22596193E-05 	 2.92023422E-06 
4.511500 	 15 	 4.53944710E-05 	 2.89440251E-06 
4.521700 	 15 	 4.71720193E-05 	 2.80292790E-06 
4.523700 	 15 	 5.32546558E-05 	 3.75176569E-06 
4.526600 	 15 	 5.15446560E-05 	 5.23157480E-06 
4.531600 	 15 	 3.78568889E-05 	 5.62573945E-06 
4.536700 	 15 	 3.54443379E-05 	 8.20500825E-06 
4.540900 	 15 	 4.13990221E-05 	 6.48442620E-06 
4.546600 	 15 	 2.09181274E-05 	 1.02878580E-05 
4.551700 	 15 	 2.28257584E-05 	 1.41030156E-05 
4.561300 	 15 	 3.64296012E-05 	 6.96871196E-06 
4.571700 	 15 	 1.21280503E-05 	 9.44691182E-06 
4.581600 	 15 	 1.16064200E-05 	 8.16812357E-06 
4.591500 	 15 	 1.87219784E-05 	 8.51947937E-06 
4.601600 	 15 	 2.81141395E-05 	 6.16926964E-06 
4.611800 	 15 	 5.70872626E-05 	 7.94778457E-06 
4.621500 	 15 	 1.61261592E-04 	 1.58550871E-05 
4.631700 	 15 	 1.35804970E-04 	 1.81239552E-05 
4.641400 	 15 	 1.28094772E-04 	 1.31934180E-05 
4.646700 	 15 	 7.16724269E-05 	 8.63884907E-06 
4.651500 	 15 	 9.37286398E-05 	 8.45524672E-06 
4.661500 	 15 	 1.02347989E-04 	 7.91380054E-06 
4.681600 	 15 	 1.05020466E-04 	 6.65511196E-06 
4.691700 	 15 	 7.92972827E-05 	 4.97519665E-06 
4.701400 	 15 	 6.19306513E-05 	 3.91009441E-06 
4.721500 	 15 	 5.77817006E-05 	 3.37868939E-06 
4.741500 	 15 	 6.25178157E-05 	 3.78182337E-06 
4.761500 	 15 	 9.29118177E-05 	 5.41445949E-06 
4.766700 	 15 	 1.57682382E-04 	 9.24374903E-06 
4.770400 	 15 	 1.69728334E-04 	 9.80562760E-06 
4.781500 	 15 	 1.71260783E-04 	 1.01069178E-05 
4.786500 	 15 	 1.52677743E-04 	 9.81807295E-06 
4.791700 	 15 	 1.23477231E-04 	 1.11034555E-05 
4.801600 	 15 	 2.27728301E-04 	 1.54179200E-05 
4.811400 	 15 	 4.90875837E-04 	 2.74468590E-05 
4.821500 	 15 	 4.46088282E-04 	 2.45314039E-05 
4.823700 	 15 	 2.96731768E-04 	 1.61325162E-05 
4.826800 	 15 	 1.84929261E-04 	 1.01732113E-05 
4.831600 	 15 	 9.13395487E-05 	 5.20116411E-06 
4.841400 	 15 	 6.46569181E-05 	 3.58962381E-06 
4.861500 	 15 	 6.14231049E-05 	 3.43193392E-06 
4.877800 	 15 	 6.57796711E-05 	 3.69823875E-06 
4.901400 	 15 	 7.10948535E-05 	 3.85815670E-06 
4.911400 	 15 	 7.80647606E-05 	 4.57830165E-06 
4.921600 	 15 	 8.06314450E-05 	 4.66470111E-06 
4.931500 	 15 	 8.10410665E-05 	 4.95922296E-06 
4.937700 	 15 	 7.93821980E-05 	 4.46202312E-06 
4.941700 	 15 	 8.34395863E-05 	 4.98714795E-06 
4.948400 	 15 	 7.72081226E-05 	 4.41550411E-06 
4.958200 	 15 	 7.75745238E-05 	 4.46696704E-06 
4.961800 	 15 	 8.22811651E-05 	 4.94655706E-06 
4.968300 	 15 	 7.60175936E-05 	 4.52417142E-06 
4.973400 	 15 	 8.12724531E-05 	 4.78637258E-06 
4.976200 	 15 	 7.98695944E-05 	 4.77538498E-06 
4.979400 	 15 	 8.13119509E-05 	 4.90690032E-06 
4.981500 	 15 	 8.93933734E-05 	 5.40996160E-06 
4.984300 	 15 	 8.25859940E-05 	 4.75233194E-06 
4.986100 	 15 	 8.32698195E-05 	 4.94754951E-06 
4.996200 	 15 	 8.54766244E-05 	 4.91039218E-06 
5.001600 	 15 	 9.36822905E-05 	 5.50486424E-06 
5.006200 	 15 	 9.01053726E-05 	 5.08051043E-06 
5.016100 	 15 	 9.02849072E-05 	 4.94458811E-06 
5.021500 	 15 	 1.02220343E-04 	 5.83068122E-06 
5.026300 	 15 	 1.09634706E-04 	 6.07338981E-06 
5.029200 	 15 	 1.18387737E-04 	 6.60578137E-06 
5.029400 	 15 	 1.13686186E-04 	 6.34064749E-06 
5.031300 	 15 	 1.40128304E-04 	 8.02625802E-06 
5.036300 	 15 	 2.32361255E-04 	 1.34610737E-05 
5.039300 	 15 	 3.35956555E-04 	 1.89147544E-05 
5.041600 	 15 	 3.21434573E-04 	 1.86871090E-05 
5.044300 	 15 	 3.09550504E-04 	 1.76080456E-05 
5.047400 	 15 	 2.96177064E-04 	 1.70069539E-05 
5.050200 	 15 	 3.00097747E-04 	 1.73364713E-05 
5.053500 	 15 	 2.90404419E-04 	 1.72665731E-05 
5.056300 	 15 	 2.71164342E-04 	 1.58897394E-05 
5.061500 	 15 	 2.05461438E-04 	 1.26940179E-05 
5.066300 	 15 	 1.34739214E-04 	 8.53284271E-06 
5.076400 	 15 	 2.72221382E-04 	 1.47465688E-05 
5.081400 	 15 	 2.56400214E-04 	 1.40632879E-05 
5.086000 	 15 	 2.65467708E-04 	 1.39941344E-05 
5.095700 	 15 	 2.23990209E-04 	 1.20743909E-05 
5.101500 	 15 	 2.18976326E-04 	 1.18998567E-05 
5.105200 	 15 	 3.93463529E-04 	 2.23131277E-05 
5.108300 	 15 	 5.21347630E-04 	 2.81714540E-05 
5.110400 	 15 	 4.87757516E-04 	 2.75355979E-05 
5.111500 	 15 	 5.19697136E-04 	 2.95536177E-05 
5.111900 	 15 	 5.04339422E-04 	 2.88321950E-05 
5.112200 	 15 	 4.96401909E-04 	 2.83463114E-05 
5.114400 	 15 	 9.43685086E-04 	 5.07533606E-05 
5.116400 	 15 	 1.02949029E-03 	 5.48167557E-05 
5.118400 	 15 	 9.56693967E-04 	 5.13588257E-05 
5.120300 	 15 	 9.25167013E-04 	 4.96347313E-05 
5.121500 	 15 	 9.15101734E-04 	 4.93258922E-05 
5.122300 	 15 	 8.87581892E-04 	 4.79351290E-05 
5.125300 	 15 	 8.22610994E-04 	 4.42601770E-05 
5.130300 	 15 	 7.05150660E-04 	 3.76539068E-05 
5.135300 	 15 	 5.13175962E-04 	 2.85505662E-05 
5.140000 	 15 	 2.95857563E-04 	 1.67763373E-05 
5.141400 	 15 	 3.13405380E-04 	 1.83665259E-05 
5.145300 	 15 	 1.64036605E-04 	 1.00666271E-05 
5.150400 	 15 	 1.32262559E-04 	 8.86322816E-06 
5.153200 	 15 	 1.33207102E-04 	 8.60429580E-06 
5.156200 	 15 	 1.24719293E-04 	 8.19086105E-06 
5.159500 	 15 	 1.27209587E-04 	 8.40924039E-06 
5.161500 	 15 	 1.31269501E-04 	 8.95195534E-06 
5.162500 	 15 	 1.30755225E-04 	 8.05942595E-06 
5.168500 	 15 	 1.36708528E-04 	 8.21796161E-06 
5.170900 	 15 	 1.43988983E-04 	 8.29059900E-06 
5.181500 	 15 	 1.46910960E-04 	 8.76574555E-06 
5.201300 	 15 	 1.60873677E-04 	 8.77656532E-06 
5.221500 	 15 	 2.04668397E-04 	 1.10704411E-05 
5.241500 	 15 	 2.67385461E-04 	 1.50294993E-05 
5.251000 	 15 	 3.54703468E-04 	 1.87743634E-05 
5.254600 	 15 	 3.82855173E-04 	 2.13280559E-05 
5.261600 	 15 	 4.88637381E-04 	 2.79676742E-05 
5.271400 	 15 	 6.43059862E-04 	 3.57535122E-05 
5.276500 	 15 	 6.90464416E-04 	 3.98432569E-05 
5.281500 	 15 	 7.80434729E-04 	 4.44944573E-05 
5.286500 	 15 	 1.02257121E-03 	 5.42930837E-05 
5.286500 	 15 	 1.00964048E-03 	 5.62045312E-05 
5.291300 	 15 	 1.49956273E-03 	 8.26008549E-05 
5.296500 	 15 	 1.83221326E-03 	 1.01006169E-04 
5.301700 	 15 	 2.38492968E-03 	 1.24914341E-04 
5.304400 	 15 	 2.97199713E-03 	 1.54782231E-04 
5.309200 	 15 	 2.74156514E-03 	 1.40760906E-04 
5.311200 	 15 	 2.79178210E-03 	 1.44153537E-04 
5.313900 	 15 	 2.67453723E-03 	 1.38531687E-04 
5.319700 	 15 	 2.17377717E-03 	 1.11218401E-04 
5.324400 	 15 	 1.65214399E-03 	 8.56614082E-05 
5.329000 	 15 	 1.20834062E-03 	 6.32908304E-05 
5.334300 	 15 	 8.75107807E-04 	 4.63369032E-05 
5.339200 	 15 	 6.42228986E-04 	 3.48917709E-05 
5.344400 	 15 	 5.40022198E-04 	 3.01446224E-05 
5.344400 	 15 	 5.19069466E-04 	 2.82938212E-05 
5.349000 	 15 	 4.80958553E-04 	 2.58953652E-05 
5.354200 	 15 	 4.76136075E-04 	 2.56207220E-05 
5.354400 	 15 	 4.54479738E-04 	 2.41616698E-05 
5.358400 	 15 	 4.25622467E-04 	 2.26328821E-05 
5.359800 	 15 	 4.08723564E-04 	 2.15015134E-05 
5.360100 	 15 	 4.14642824E-04 	 2.17239757E-05 
5.363600 	 15 	 4.10669626E-04 	 2.27460924E-05 
5.365100 	 15 	 3.88522062E-04 	 2.03073098E-05 
5.369400 	 15 	 4.42603811E-04 	 2.47352908E-05 
5.371300 	 15 	 4.30096755E-04 	 2.39936072E-05 
5.373400 	 15 	 4.28237894E-04 	 2.38227543E-05 
5.375400 	 15 	 4.22027802E-04 	 2.34595652E-05 
5.377500 	 15 	 4.12722274E-04 	 2.32274914E-05 
5.379500 	 15 	 4.06969663E-04 	 2.17179726E-05 
5.381200 	 15 	 4.06690390E-04 	 2.24519618E-05 
5.386300 	 15 	 3.70367888E-04 	 1.93286875E-05 
5.391600 	 15 	 3.19082066E-04 	 1.66719196E-05 
5.394400 	 15 	 3.04731899E-04 	 1.58038426E-05 
5.394800 	 15 	 3.11083503E-04 	 1.60389126E-05 
5.395400 	 15 	 3.04583982E-04 	 1.56574149E-05 
5.397500 	 15 	 2.95847234E-04 	 1.51629020E-05 
5.401400 	 15 	 2.94843420E-04 	 1.49988229E-05 
5.404600 	 15 	 3.01171507E-04 	 1.53717651E-05 
5.414900 	 15 	 3.08968006E-04 	 1.57592489E-05 
5.425600 	 15 	 3.16006462E-04 	 1.61622841E-05 
5.435900 	 15 	 3.11386461E-04 	 1.59553237E-05 
5.446900 	 15 	 3.35470781E-04 	 1.70456027E-05 
5.450800 	 15 	 3.46527656E-04 	 1.76722637E-05 
4.007500 	 30 	 3.88949332E-05 	 2.13454577E-06 
4.012500 	 30 	 3.59924574E-05 	 2.10569444E-06 
4.014400 	 30 	 3.38443186E-05 	 2.01713561E-06 
4.018500 	 30 	 3.16633540E-05 	 1.97186303E-06 
4.020600 	 30 	 3.04682683E-05 	 2.01971830E-06 
4.021500 	 30 	 2.98824833E-05 	 2.00125582E-06 
4.026600 	 30 	 2.91754479E-05 	 1.81448487E-06 
4.030600 	 30 	 2.47160611E-05 	 1.58579894E-06 
4.031400 	 30 	 2.09925459E-05 	 1.52713971E-06 
4.036500 	 30 	 1.42657770E-05 	 1.22389458E-06 
4.041500 	 30 	 8.66384378E-06 	 8.31100799E-07 
4.046600 	 30 	 6.10849585E-06 	 6.84460464E-07 
4.281500 	 30 	 2.74186938E-05 	 1.69039361E-06 
4.301600 	 30 	 4.79432414E-05 	 2.67444251E-06 
4.302600 	 30 	 6.43340002E-05 	 3.58757342E-06 
4.304700 	 30 	 5.89947687E-05 	 3.36073829E-06 
4.305700 	 30 	 6.41769381E-05 	 3.63560979E-06 
4.306600 	 30 	 6.28028775E-05 	 3.65783136E-06 
4.307700 	 30 	 6.33031365E-05 	 3.78126214E-06 
4.308700 	 30 	 6.72721640E-05 	 4.10013516E-06 
4.309600 	 30 	 9.95365091E-05 	 6.93093689E-06 
4.310600 	 30 	 1.25911272E-04 	 9.16269577E-06 
4.312600 	 30 	 1.59356800E-04 	 1.18861004E-05 
4.314600 	 30 	 1.61112556E-04 	 1.14240015E-05 
4.316700 	 30 	 1.43856646E-04 	 1.07942071E-05 
4.318700 	 30 	 1.33007096E-04 	 1.05234969E-05 
4.320800 	 30 	 1.44500727E-04 	 1.10477279E-05 
4.321500 	 30 	 1.40407534E-04 	 1.03937079E-05 
4.322700 	 30 	 1.42161677E-04 	 1.05354166E-05 
4.324600 	 30 	 1.35473778E-04 	 1.01871947E-05 
4.326600 	 30 	 1.20779102E-04 	 9.80130384E-06 
4.328700 	 30 	 1.20351770E-04 	 9.25290771E-06 
4.330700 	 30 	 1.09788264E-04 	 9.20151548E-06 
4.332700 	 30 	 1.03471697E-04 	 8.30834808E-06 
4.334500 	 30 	 9.44483424E-05 	 7.66182893E-06 
4.336700 	 30 	 7.69074368E-05 	 6.07251569E-06 
4.338600 	 30 	 6.87276135E-05 	 5.17918597E-06 
4.340600 	 30 	 5.74796899E-05 	 4.08778105E-06 
4.341600 	 30 	 6.63682872E-05 	 5.15650987E-06 
4.342700 	 30 	 4.64103606E-05 	 3.45802901E-06 
4.344700 	 30 	 4.47103838E-05 	 2.97746365E-06 
4.346700 	 30 	 4.27069953E-05 	 2.71575960E-06 
4.351500 	 30 	 3.75928300E-05 	 2.39930966E-06 
4.356400 	 30 	 3.53312056E-05 	 2.25652423E-06 
4.361500 	 30 	 3.33943944E-05 	 2.11785327E-06 
4.381600 	 30 	 2.51240873E-05 	 1.70163278E-06 
4.401600 	 30 	 2.74850527E-05 	 1.85212038E-06 
4.421500 	 30 	 3.11510505E-05 	 2.07479692E-06 
4.431700 	 30 	 3.14769956E-05 	 2.31410103E-06 
4.441700 	 30 	 3.12249039E-05 	 2.23339424E-06 
4.451500 	 30 	 2.56656432E-05 	 3.01988099E-06 
4.461400 	 30 	 2.54687664E-05 	 3.36119885E-06 
4.466500 	 30 	 1.85433529E-05 	 5.76284515E-06 
4.471600 	 30 	 1.98224616E-05 	 6.59368515E-06 
4.481500 	 30 	 1.77057398E-05 	 5.88766731E-06 
4.489500 	 30 	 3.30995475E-05 	 6.60601510E-06 
4.497600 	 30 	 3.70155802E-05 	 4.85525123E-06 
4.499700 	 30 	 4.04981350E-05 	 4.27923229E-06 
4.501600 	 30 	 4.13518349E-05 	 4.47291908E-06 
4.503700 	 30 	 4.53912769E-05 	 3.55388497E-06 
4.506500 	 30 	 4.89484786E-05 	 3.23533176E-06 
4.511500 	 30 	 5.27529150E-05 	 3.24975106E-06 
4.521700 	 30 	 5.74239106E-05 	 3.32350735E-06 
4.523700 	 30 	 6.81793588E-05 	 4.41129726E-06 
4.526600 	 30 	 7.23092929E-05 	 6.17352257E-06 
4.531600 	 30 	 6.60732249E-05 	 6.63809538E-06 
4.536700 	 30 	 4.96652165E-05 	 7.58007375E-06 
4.540900 	 30 	 6.89436774E-05 	 7.85372924E-06 
4.546600 	 30 	 5.20437418E-05 	 1.08774848E-05 
4.551700 	 30 	 3.94300405E-05 	 1.20676175E-05 
4.561300 	 30 	 4.65457949E-05 	 6.56106665E-06 
4.571700 	 30 	 1.32690463E-05 	 8.72224763E-06 
4.581600 	 30 	 1.55771921E-05 	 1.40410912E-05 
4.591500 	 30 	 2.17771717E-05 	 9.41315324E-06 
4.601600 	 30 	 4.86774641E-05 	 7.17192616E-06 
4.611800 	 30 	 1.49402564E-04 	 1.21426799E-05 
4.621500 	 30 	 4.28680666E-04 	 2.88262030E-05 
4.631700 	 30 	 4.64832227E-04 	 3.39621414E-05 
4.641400 	 30 	 3.66731339E-04 	 2.50960616E-05 
4.646700 	 30 	 1.88693408E-04 	 1.40847399E-05 
4.651500 	 30 	 1.56836256E-04 	 1.10141458E-05 
4.661500 	 30 	 1.91910157E-04 	 1.22855332E-05 
4.681600 	 30 	 1.87759603E-04 	 1.07921490E-05 
4.691700 	 30 	 1.28217347E-04 	 7.36706451E-06 
4.701400 	 30 	 9.30845839E-05 	 5.41005463E-06 
4.721500 	 30 	 7.94507846E-05 	 4.41630811E-06 
4.741500 	 30 	 8.78093890E-05 	 4.99614063E-06 
4.761500 	 30 	 1.41488884E-04 	 7.82255831E-06 
4.766700 	 30 	 2.96687644E-04 	 1.61283951E-05 
4.770400 	 30 	 2.98383501E-04 	 1.62498639E-05 
4.781500 	 30 	 2.85642214E-04 	 1.58291106E-05 
4.786500 	 30 	 2.26094908E-04 	 1.34658374E-05 
4.791700 	 30 	 1.61641948E-04 	 1.26995436E-05 
4.801600 	 30 	 2.50232492E-04 	 1.66743223E-05 
4.811400 	 30 	 5.39370750E-04 	 2.98913277E-05 
4.821500 	 30 	 4.66869931E-04 	 2.55851206E-05 
4.823700 	 30 	 3.09575645E-04 	 1.67680702E-05 
4.826800 	 30 	 1.90871054E-04 	 1.04235829E-05 
4.831600 	 30 	 9.10290983E-05 	 5.17679866E-06 
4.841400 	 30 	 6.41475160E-05 	 3.57847743E-06 
4.861500 	 30 	 6.69359023E-05 	 3.67597723E-06 
4.877800 	 30 	 7.20744413E-05 	 3.96833388E-06 
4.901400 	 30 	 7.86673841E-05 	 4.21669418E-06 
4.911400 	 30 	 8.30537013E-05 	 4.86831909E-06 
4.921600 	 30 	 8.75969677E-05 	 4.98521656E-06 
4.931500 	 30 	 8.33625125E-05 	 5.09780912E-06 
4.937700 	 30 	 8.68657538E-05 	 4.88388497E-06 
4.941700 	 30 	 9.25227530E-05 	 5.38623854E-06 
4.948400 	 30 	 9.07977594E-05 	 5.09779875E-06 
4.958200 	 30 	 9.24073208E-05 	 5.21501047E-06 
4.961800 	 30 	 9.93731487E-05 	 5.78941282E-06 
4.968300 	 30 	 9.21753356E-05 	 5.27504532E-06 
4.973400 	 30 	 1.00653629E-04 	 5.68505643E-06 
4.976200 	 30 	 9.55737154E-05 	 5.51840013E-06 
4.979400 	 30 	 1.03174192E-04 	 5.88293690E-06 
4.981500 	 30 	 1.06981037E-04 	 6.33542740E-06 
4.984300 	 30 	 1.00226132E-04 	 5.58847368E-06 
4.986100 	 30 	 1.05425343E-04 	 5.98790821E-06 
4.996200 	 30 	 1.02866907E-04 	 5.76867680E-06 
5.001600 	 30 	 1.14444040E-04 	 6.52699482E-06 
5.006200 	 30 	 1.09642134E-04 	 5.99994457E-06 
5.016100 	 30 	 1.14138680E-04 	 6.08363059E-06 
5.021500 	 30 	 1.22301166E-04 	 6.82024418E-06 
5.026300 	 30 	 1.30012092E-04 	 7.02766349E-06 
5.029200 	 30 	 1.47159939E-04 	 7.98980566E-06 
5.029400 	 30 	 1.45050543E-04 	 7.87742918E-06 
5.031300 	 30 	 1.78793986E-04 	 9.87976553E-06 
5.036300 	 30 	 2.72863620E-04 	 1.55240996E-05 
5.039300 	 30 	 3.80495778E-04 	 2.10919768E-05 
5.041600 	 30 	 3.75458744E-04 	 2.13128360E-05 
5.044300 	 30 	 3.55701065E-04 	 1.99711278E-05 
5.047400 	 30 	 3.39992416E-04 	 1.91882312E-05 
5.050200 	 30 	 3.39358949E-04 	 1.92688425E-05 
5.053500 	 30 	 3.21624078E-04 	 1.88663233E-05 
5.056300 	 30 	 2.93280447E-04 	 1.70846440E-05 
5.061500 	 30 	 2.24513676E-04 	 1.37954461E-05 
5.066300 	 30 	 1.58687525E-04 	 9.69324434E-06 
5.076400 	 30 	 3.14695555E-04 	 1.68775726E-05 
5.081400 	 30 	 3.13619404E-04 	 1.69308536E-05 
5.086000 	 30 	 3.20297073E-04 	 1.67065445E-05 
5.095700 	 30 	 2.91720136E-04 	 1.54417976E-05 
5.101500 	 30 	 2.99842650E-04 	 1.59144090E-05 
5.105200 	 30 	 5.60986730E-04 	 3.05839959E-05 
5.108300 	 30 	 7.09649986E-04 	 3.75870776E-05 
5.110400 	 30 	 6.88455580E-04 	 3.74541628E-05 
5.111500 	 30 	 7.06857723E-04 	 3.89963616E-05 
5.111900 	 30 	 6.92989777E-04 	 3.81582732E-05 
5.112200 	 30 	 6.92562117E-04 	 3.80721036E-05 
5.114400 	 30 	 1.13330205E-03 	 6.01191745E-05 
5.116400 	 30 	 1.18599634E-03 	 6.25773676E-05 
5.118400 	 30 	 1.12505067E-03 	 5.98081759E-05 
5.120300 	 30 	 1.09031081E-03 	 5.78274782E-05 
5.121500 	 30 	 1.09132887E-03 	 5.81347149E-05 
5.122300 	 30 	 1.03598669E-03 	 5.53283339E-05 
5.125300 	 30 	 9.52808597E-04 	 5.07888623E-05 
5.130300 	 30 	 7.77032300E-04 	 4.12195390E-05 
5.135300 	 30 	 5.41488661E-04 	 2.99142279E-05 
5.140000 	 30 	 3.06853113E-04 	 1.73614815E-05 
5.141400 	 30 	 3.25351482E-04 	 1.89562727E-05 
5.145300 	 30 	 1.71222784E-04 	 1.05378386E-05 
5.150400 	 30 	 1.48963916E-04 	 9.54179328E-06 
5.153200 	 30 	 1.61068727E-04 	 9.90518646E-06 
5.156200 	 30 	 1.56031438E-04 	 9.71475200E-06 
5.159500 	 30 	 1.66980024E-04 	 1.03032059E-05 
5.161500 	 30 	 1.76654971E-04 	 1.12216356E-05 
5.162500 	 30 	 1.71222525E-04 	 1.01692978E-05 
5.168500 	 30 	 1.83506062E-04 	 1.06202265E-05 
5.170900 	 30 	 1.93228330E-04 	 1.07325639E-05 
5.181500 	 30 	 2.00549781E-04 	 1.13608388E-05 
5.201300 	 30 	 2.35635965E-04 	 1.24604720E-05 
5.221500 	 30 	 3.09918842E-04 	 1.63329150E-05 
5.241500 	 30 	 4.53145929E-04 	 2.42374807E-05 
5.251000 	 30 	 6.51216345E-04 	 3.35795022E-05 
5.254600 	 30 	 7.00115821E-04 	 3.71356312E-05 
5.261600 	 30 	 9.84352423E-04 	 5.26095909E-05 
5.271400 	 30 	 1.29991451E-03 	 6.85443810E-05 
5.276500 	 30 	 1.32993487E-03 	 7.16501648E-05 
5.281500 	 30 	 1.44796772E-03 	 7.77291411E-05 
5.286500 	 30 	 1.70132793E-03 	 8.82076075E-05 
5.286500 	 30 	 1.67429970E-03 	 8.94570118E-05 
5.291300 	 30 	 2.23736639E-03 	 1.19363939E-04 
5.296500 	 30 	 2.68150555E-03 	 1.43352840E-04 
5.301700 	 30 	 3.42330029E-03 	 1.76934583E-04 
5.304400 	 30 	 3.97532404E-03 	 2.04939907E-04 
5.309200 	 30 	 3.83832412E-03 	 1.95551262E-04 
5.311200 	 30 	 3.79863305E-03 	 1.94493373E-04 
5.313900 	 30 	 3.66948186E-03 	 1.88190702E-04 
5.319700 	 30 	 2.90966327E-03 	 1.47992839E-04 
5.324400 	 30 	 2.17418297E-03 	 1.11732884E-04 
5.329000 	 30 	 1.52439534E-03 	 7.91125959E-05 
5.334300 	 30 	 1.02355179E-03 	 5.37776942E-05 
5.339200 	 30 	 7.07792607E-04 	 3.82843032E-05 
5.344400 	 30 	 5.36456853E-04 	 3.00635484E-05 
5.344400 	 30 	 5.29523296E-04 	 2.88317835E-05 
5.349000 	 30 	 4.65647122E-04 	 2.51075466E-05 
5.354200 	 30 	 4.28630509E-04 	 2.32383761E-05 
5.354400 	 30 	 4.23944498E-04 	 2.26245693E-05 
5.358400 	 30 	 3.84563865E-04 	 2.06074679E-05 
5.359800 	 30 	 3.67710919E-04 	 1.94617889E-05 
5.360100 	 30 	 3.67285612E-04 	 1.93865862E-05 
5.363600 	 30 	 3.90577473E-04 	 2.17176996E-05 
5.365100 	 30 	 3.61108785E-04 	 1.89053603E-05 
5.369400 	 30 	 4.75585955E-04 	 2.63236130E-05 
5.371300 	 30 	 4.60834444E-04 	 2.54192387E-05 
5.373400 	 30 	 4.51681447E-04 	 2.50066003E-05 
5.375400 	 30 	 4.58640456E-04 	 2.53293388E-05 
5.377500 	 30 	 4.51842693E-04 	 2.51427343E-05 
5.379500 	 30 	 4.46276393E-04 	 2.36678507E-05 
5.381200 	 30 	 4.42907004E-04 	 2.43220549E-05 
5.386300 	 30 	 3.90406271E-04 	 2.03577392E-05 
5.391600 	 30 	 3.25869512E-04 	 1.70521614E-05 
5.394400 	 30 	 3.11241431E-04 	 1.61256516E-05 
5.394800 	 30 	 3.26966975E-04 	 1.68365122E-05 
5.395400 	 30 	 3.09036458E-04 	 1.58843029E-05 
5.397500 	 30 	 3.01906379E-04 	 1.54734005E-05 
5.401400 	 30 	 3.02140847E-04 	 1.53653920E-05 
5.404600 	 30 	 2.96065621E-04 	 1.51169472E-05 
5.414900 	 30 	 3.07554516E-04 	 1.56772269E-05 
5.425600 	 30 	 3.08181445E-04 	 1.57628380E-05 
5.435900 	 30 	 3.08918460E-04 	 1.58574100E-05 
5.446900 	 30 	 3.30809042E-04 	 1.68129702E-05 
5.450800 	 30 	 3.49788109E-04 	 1.78416690E-05 
4.007500 	 45 	 3.97556235E-05 	 2.18384460E-06 
4.012500 	 45 	 3.69910567E-05 	 2.15284731E-06 
4.014400 	 45 	 3.51100622E-05 	 2.08536937E-06 
4.018500 	 45 	 3.05524503E-05 	 1.91837428E-06 
4.020600 	 45 	 3.16469230E-05 	 2.06397974E-06 
4.021500 	 45 	 3.13278971E-05 	 2.06986468E-06 
4.026600 	 45 	 3.01962226E-05 	 1.87234588E-06 
4.030600 	 45 	 2.60094137E-05 	 1.63302871E-06 
4.031400 	 45 	 1.90424169E-05 	 1.42509576E-06 
4.036500 	 45 	 1.46536295E-05 	 1.23940808E-06 
4.041500 	 45 	 7.62834975E-06 	 7.79102985E-07 
4.046600 	 45 	 5.99143272E-06 	 7.29550722E-07 
4.281500 	 45 	 3.52723756E-05 	 2.03953133E-06 
4.301600 	 45 	 4.95176433E-05 	 2.79751048E-06 
4.302600 	 45 	 6.73640281E-05 	 3.79663391E-06 
4.304700 	 45 	 6.42637458E-05 	 3.60937646E-06 
4.305700 	 45 	 6.63725372E-05 	 3.78504927E-06 
4.306600 	 45 	 6.68157983E-05 	 3.87979558E-06 
4.307700 	 45 	 6.77145899E-05 	 4.02220708E-06 
4.308700 	 45 	 7.49042043E-05 	 4.54189447E-06 
4.309600 	 45 	 1.23714034E-04 	 8.28416440E-06 
4.310600 	 45 	 1.52722071E-04 	 1.04923457E-05 
4.312600 	 45 	 1.95117017E-04 	 1.36619983E-05 
4.314600 	 45 	 2.06622303E-04 	 1.36931086E-05 
4.316700 	 45 	 1.87772559E-04 	 1.30979454E-05 
4.318700 	 45 	 1.90208163E-04 	 1.33531568E-05 
4.320800 	 45 	 1.84191402E-04 	 1.31569134E-05 
4.321500 	 45 	 1.83865645E-04 	 1.27693270E-05 
4.322700 	 45 	 1.76145682E-04 	 1.23021863E-05 
4.324600 	 45 	 1.64988137E-04 	 1.18913862E-05 
4.326600 	 45 	 1.69783186E-04 	 1.23766431E-05 
4.328700 	 45 	 1.60119001E-04 	 1.14723218E-05 
4.330700 	 45 	 1.43158644E-04 	 1.09231862E-05 
4.332700 	 45 	 1.42533668E-04 	 1.04934341E-05 
4.334500 	 45 	 1.17288314E-04 	 8.80551044E-06 
4.336700 	 45 	 1.09532177E-04 	 7.77674288E-06 
4.338600 	 45 	 8.47543682E-05 	 5.98929915E-06 
4.340600 	 45 	 6.95462458E-05 	 4.78460171E-06 
4.341600 	 45 	 8.26583008E-05 	 6.11839744E-06 
4.342700 	 45 	 5.14252240E-05 	 3.77836539E-06 
4.344700 	 45 	 5.07702000E-05 	 3.35482816E-06 
4.346700 	 45 	 4.80833115E-05 	 3.05490479E-06 
4.351500 	 45 	 4.04505868E-05 	 2.55588505E-06 
4.356400 	 45 	 3.66156462E-05 	 2.41715285E-06 
4.361500 	 45 	 3.76340675E-05 	 2.29865258E-06 
4.381600 	 45 	 2.76490767E-05 	 1.89054296E-06 
4.401600 	 45 	 2.89376413E-05 	 1.94627928E-06 
4.421500 	 45 	 3.19316314E-05 	 2.13316562E-06 
4.431700 	 45 	 3.15030590E-05 	 2.34786954E-06 
4.441700 	 45 	 3.35899370E-05 	 2.45419805E-06 
4.451500 	 45 	 2.93670074E-05 	 3.33568172E-06 
4.461400 	 45 	 3.38429558E-05 	 3.88854955E-06 
4.466500 	 45 	 1.99791707E-05 	 5.97291773E-06 
4.471600 	 45 	 1.95444144E-05 	 8.65905018E-06 
4.481500 	 45 	 1.82309163E-05 	 6.80277637E-06 
4.489500 	 45 	 3.63438899E-05 	 6.91449991E-06 
4.497600 	 45 	 4.13591595E-05 	 4.87611182E-06 
4.499700 	 45 	 4.58039176E-05 	 4.73690765E-06 
4.501600 	 45 	 4.40147776E-05 	 4.91968158E-06 
4.503700 	 45 	 4.74588895E-05 	 3.83537041E-06 
4.506500 	 45 	 5.34861216E-05 	 3.50833020E-06 
4.511500 	 45 	 5.52945298E-05 	 3.40391606E-06 
4.521700 	 45 	 6.33217612E-05 	 3.61658789E-06 
4.523700 	 45 	 7.64516428E-05 	 4.87258339E-06 
4.526600 	 45 	 8.32349793E-05 	 6.85958287E-06 
4.531600 	 45 	 7.20424894E-05 	 7.24604187E-06 
4.536700 	 45 	 7.33062135E-05 	 1.00597797E-05 
4.540900 	 45 	 7.63994829E-05 	 8.46518741E-06 
4.546600 	 45 	 6.84914817E-05 	 1.09463570E-05 
4.551700 	 45 	 5.11924781E-05 	 1.49635795E-05 
4.561300 	 45 	 5.80827852E-05 	 7.43123843E-06 
4.571700 	 45 	 1.88664763E-05 	 8.96481744E-06 
4.581600 	 45 	 1.57428086E-05 	 8.19958611E-06 
4.591500 	 45 	 2.12220218E-05 	 8.59099419E-06 
4.601600 	 45 	 6.07653999E-05 	 7.88018269E-06 
4.611800 	 45 	 1.90559793E-04 	 1.46692376E-05 
4.621500 	 45 	 5.61523326E-04 	 3.59888776E-05 
4.631700 	 45 	 6.54570101E-04 	 4.42474873E-05 
4.641400 	 45 	 5.02862374E-04 	 3.20524992E-05 
4.646700 	 45 	 2.40134568E-04 	 1.71321098E-05 
4.651500 	 45 	 2.04081136E-04 	 1.34312648E-05 
4.661500 	 45 	 2.36624829E-04 	 1.45250010E-05 
4.681600 	 45 	 2.48316543E-04 	 1.38299541E-05 
4.691700 	 45 	 1.57834967E-04 	 8.89362000E-06 
4.701400 	 45 	 1.12028726E-04 	 6.40268229E-06 
4.721500 	 45 	 8.89920039E-05 	 4.91798977E-06 
4.741500 	 45 	 1.00169290E-04 	 5.65020257E-06 
4.761500 	 45 	 1.67303991E-04 	 9.15376193E-06 
4.766700 	 45 	 3.73664080E-04 	 2.00228616E-05 
4.770400 	 45 	 3.80065484E-04 	 2.03684491E-05 
4.781500 	 45 	 3.46999184E-04 	 1.89212490E-05 
4.786500 	 45 	 2.66090609E-04 	 1.55102699E-05 
4.791700 	 45 	 1.79490510E-04 	 1.37407653E-05 
4.801600 	 45 	 2.52547431E-04 	 1.68595563E-05 
4.811400 	 45 	 5.26035872E-04 	 2.93082649E-05 
4.821500 	 45 	 4.58672666E-04 	 2.53005832E-05 
4.823700 	 45 	 3.11652182E-04 	 1.69517570E-05 
4.826800 	 45 	 1.85928114E-04 	 1.02524737E-05 
4.831600 	 45 	 8.88566825E-05 	 5.08186949E-06 
4.841400 	 45 	 6.32849658E-05 	 3.57136213E-06 
4.861500 	 45 	 6.47550185E-05 	 3.59545777E-06 
4.877800 	 45 	 7.26388021E-05 	 4.05285379E-06 
4.901400 	 45 	 8.19796013E-05 	 4.40693982E-06 
4.911400 	 45 	 8.58117660E-05 	 5.01888788E-06 
4.921600 	 45 	 8.95322532E-05 	 5.11648177E-06 
4.931500 	 45 	 8.75661387E-05 	 5.36068755E-06 
4.937700 	 45 	 9.39705910E-05 	 5.19278285E-06 
4.941700 	 45 	 1.01509110E-04 	 5.86269814E-06 
4.948400 	 45 	 9.55990117E-05 	 5.34884959E-06 
4.958200 	 45 	 1.01592015E-04 	 5.66561541E-06 
4.961800 	 45 	 1.08541357E-04 	 6.25149344E-06 
4.968300 	 45 	 9.88853231E-05 	 5.62919451E-06 
4.973400 	 45 	 1.02607637E-04 	 5.79993883E-06 
4.976200 	 45 	 1.06870623E-04 	 6.08077215E-06 
4.979400 	 45 	 1.08319916E-04 	 6.20920242E-06 
4.981500 	 45 	 1.16372294E-04 	 6.76770801E-06 
4.984300 	 45 	 1.09784026E-04 	 6.07150832E-06 
4.986100 	 45 	 1.12284248E-04 	 6.41163203E-06 
4.996200 	 45 	 1.11710125E-04 	 6.23231834E-06 
5.001600 	 45 	 1.19547468E-04 	 6.84003591E-06 
5.006200 	 45 	 1.16167477E-04 	 6.35002133E-06 
5.016100 	 45 	 1.17801007E-04 	 6.27550772E-06 
5.021500 	 45 	 1.27443611E-04 	 7.11825206E-06 
5.026300 	 45 	 1.39264369E-04 	 7.49622735E-06 
5.029200 	 45 	 1.53801909E-04 	 8.37624867E-06 
5.029400 	 45 	 1.53740978E-04 	 8.33513884E-06 
5.031300 	 45 	 1.93929702E-04 	 1.07272805E-05 
5.036300 	 45 	 2.92757382E-04 	 1.65455330E-05 
5.039300 	 45 	 3.94247253E-04 	 2.18886288E-05 
5.041600 	 45 	 3.93972558E-04 	 2.24087852E-05 
5.044300 	 45 	 3.85677464E-04 	 2.15449398E-05 
5.047400 	 45 	 3.68191181E-04 	 2.06806615E-05 
5.050200 	 45 	 3.60714650E-04 	 2.03967383E-05 
5.053500 	 45 	 3.42067728E-04 	 2.00450424E-05 
5.056300 	 45 	 2.99581082E-04 	 1.75379852E-05 
5.061500 	 45 	 2.23613208E-04 	 1.37533605E-05 
5.066300 	 45 	 1.69702846E-04 	 1.03181634E-05 
5.076400 	 45 	 3.41962917E-04 	 1.82508676E-05 
5.081400 	 45 	 3.22075960E-04 	 1.73961420E-05 
5.086000 	 45 	 3.42217004E-04 	 1.78466182E-05 
5.095700 	 45 	 3.26008830E-04 	 1.71567480E-05 
5.101500 	 45 	 3.34677220E-04 	 1.76981161E-05 
5.105200 	 45 	 6.25690824E-04 	 3.40077056E-05 
5.108300 	 45 	 8.09589599E-04 	 4.27034351E-05 
5.110400 	 45 	 7.84180360E-04 	 4.24184843E-05 
5.111500 	 45 	 8.09853351E-04 	 4.42862556E-05 
5.111900 	 45 	 7.64379112E-04 	 4.19747727E-05 
5.112200 	 45 	 7.80126002E-04 	 4.25577386E-05 
5.114400 	 45 	 1.22227135E-03 	 6.47878003E-05 
5.116400 	 45 	 1.25757510E-03 	 6.63307348E-05 
5.118400 	 45 	 1.17944186E-03 	 6.26942823E-05 
5.120300 	 45 	 1.13636107E-03 	 6.03412874E-05 
5.121500 	 45 	 1.15730220E-03 	 6.16011956E-05 
5.122300 	 45 	 1.04826472E-03 	 5.62158262E-05 
5.125300 	 45 	 9.97188471E-04 	 5.31518548E-05 
5.130300 	 45 	 7.90368750E-04 	 4.20509629E-05 
5.135300 	 45 	 5.37549310E-04 	 2.99428295E-05 
5.140000 	 45 	 2.93664829E-04 	 1.67881028E-05 
5.141400 	 45 	 3.18398919E-04 	 1.87611546E-05 
5.145300 	 45 	 1.71301285E-04 	 1.06314478E-05 
5.150400 	 45 	 1.53596705E-04 	 9.95894485E-06 
5.153200 	 45 	 1.71520649E-04 	 1.05983079E-05 
5.156200 	 45 	 1.75387786E-04 	 1.06983552E-05 
5.159500 	 45 	 1.83604064E-04 	 1.13364058E-05 
5.161500 	 45 	 1.97478041E-04 	 1.24967341E-05 
5.162500 	 45 	 2.04716259E-04 	 1.18880023E-05 
5.168500 	 45 	 2.07700160E-04 	 1.18486252E-05 
5.170900 	 45 	 2.26561903E-04 	 1.24418341E-05 
5.181500 	 45 	 2.24829003E-04 	 1.26911617E-05 
5.201300 	 45 	 2.58361781E-04 	 1.36463091E-05 
5.221500 	 45 	 3.52396046E-04 	 1.84973641E-05 
5.241500 	 45 	 5.41475716E-04 	 2.87283844E-05 
5.251000 	 45 	 8.02100908E-04 	 4.11758529E-05 
5.254600 	 45 	 8.78700530E-04 	 4.61646113E-05 
5.261600 	 45 	 1.26591168E-03 	 6.67972431E-05 
5.271400 	 45 	 1.62353143E-03 	 8.49704151E-05 
5.276500 	 45 	 1.72586903E-03 	 9.16625709E-05 
5.281500 	 45 	 1.81768933E-03 	 9.63766045E-05 
5.286500 	 45 	 2.05569750E-03 	 1.06123798E-04 
5.286500 	 45 	 1.99750247E-03 	 1.05886234E-04 
5.291300 	 45 	 2.63112153E-03 	 1.39428753E-04 
5.296500 	 45 	 3.05579615E-03 	 1.62354411E-04 
5.301700 	 45 	 3.86225665E-03 	 1.99140276E-04 
5.304400 	 45 	 4.53577325E-03 	 2.33259600E-04 
5.309200 	 45 	 4.29298964E-03 	 2.18459520E-04 
5.311200 	 45 	 4.25742056E-03 	 2.17643286E-04 
5.313900 	 45 	 4.04934429E-03 	 2.07439157E-04 
5.319700 	 45 	 3.19450003E-03 	 1.62353095E-04 
5.324400 	 45 	 2.34066124E-03 	 1.20209510E-04 
5.329000 	 45 	 1.61478413E-03 	 8.37234277E-05 
5.334300 	 45 	 1.05008817E-03 	 5.52602499E-05 
5.339200 	 45 	 7.04093477E-04 	 3.81079597E-05 
5.344400 	 45 	 5.17109381E-04 	 2.91773581E-05 
5.344400 	 45 	 5.04480123E-04 	 2.76702224E-05 
5.349000 	 45 	 4.31793331E-04 	 2.35075849E-05 
5.354200 	 45 	 3.90679816E-04 	 2.14595739E-05 
5.354400 	 45 	 3.79436593E-04 	 2.05149803E-05 
5.358400 	 45 	 3.33498046E-04 	 1.81716876E-05 
5.359800 	 45 	 3.21582201E-04 	 1.72229557E-05 
5.360100 	 45 	 3.22272804E-04 	 1.71870236E-05 
5.363600 	 45 	 3.49858023E-04 	 1.98660601E-05 
5.365100 	 45 	 3.26172030E-04 	 1.71900672E-05 
5.369400 	 45 	 4.71563270E-04 	 2.62253048E-05 
5.371300 	 45 	 4.61893214E-04 	 2.56248827E-05 
5.373400 	 45 	 4.58613966E-04 	 2.54635549E-05 
5.375400 	 45 	 4.57466693E-04 	 2.53826252E-05 
5.377500 	 45 	 4.61196197E-04 	 2.56885603E-05 
5.379500 	 45 	 4.58738501E-04 	 2.43562702E-05 
5.381200 	 45 	 4.58776115E-04 	 2.50839537E-05 
5.386300 	 45 	 3.98338302E-04 	 2.08141572E-05 
5.391600 	 45 	 3.20750979E-04 	 1.68334332E-05 
5.394400 	 45 	 3.04928691E-04 	 1.58634116E-05 
5.394800 	 45 	 3.19563588E-04 	 1.65012695E-05 
5.395400 	 45 	 3.04030042E-04 	 1.56640475E-05 
5.397500 	 45 	 2.99658105E-04 	 1.53859611E-05 
5.401400 	 45 	 2.92708908E-04 	 1.49163651E-05 
5.404600 	 45 	 2.87532902E-04 	 1.47201182E-05 
5.414900 	 45 	 3.05378360E-04 	 1.55964585E-05 
5.425600 	 45 	 3.06511078E-04 	 1.57056888E-05 
5.435900 	 45 	 2.94527992E-04 	 1.51531572E-05 
5.446900 	 45 	 3.20617437E-04 	 1.63251388E-05 
5.450800 	 45 	 3.39984784E-04 	 1.73774957E-05 
4.007500 	 90 	 1.64928381E-05 	 1.12518696E-06 
4.012500 	 90 	 1.36644369E-05 	 1.24822474E-06 
4.014400 	 90 	 1.35138906E-05 	 1.28794513E-06 
4.018500 	 90 	 1.19640989E-05 	 1.25595339E-06 
4.020600 	 90 	 1.22279293E-05 	 1.47228073E-06 
4.021500 	 90 	 1.07039948E-05 	 1.29945439E-06 
4.026600 	 90 	 1.26266444E-05 	 1.26773183E-06 
4.030600 	 90 	 1.02841444E-05 	 1.08360839E-06 
4.031400 	 90 	 8.31139740E-06 	 1.27731869E-06 
4.036500 	 90 	 6.54770788E-06 	 1.07081214E-06 
4.041500 	 90 	 3.69700686E-06 	 7.50899740E-07 
4.046600 	 90 	 3.21707394E-06 	 7.04925594E-07 
4.281500 	 90 	 1.35601226E-05 	 1.08927667E-06 
4.301600 	 90 	 2.19517719E-05 	 1.53974264E-06 
4.302600 	 90 	 2.92553426E-05 	 2.08055886E-06 
4.304700 	 90 	 2.78576012E-05 	 2.09000620E-06 
4.305700 	 90 	 2.42412296E-05 	 2.18502050E-06 
4.306600 	 90 	 2.41781822E-05 	 2.14264612E-06 
4.307700 	 90 	 2.45228680E-05 	 2.33541621E-06 
4.308700 	 90 	 2.35975974E-05 	 2.76029240E-06 
4.309600 	 90 	 1.43758521E-05 	 3.30506931E-06 
4.310600 	 90 	 1.40555612E-05 	 5.29601315E-06 
4.312600 	 90 	 1.07701697E-05 	 5.05243280E-06 
4.314600 	 90 	 1.58880536E-05 	 5.00631885E-06 
4.316700 	 90 	 1.23136472E-05 	 6.67157083E-06 
4.318700 	 90 	 7.17794033E-06 	 4.46480416E-06 
4.320800 	 90 	 1.05808149E-05 	 5.80785119E-06 
4.321500 	 90 	 1.03192891E-05 	 5.38199560E-06 
4.322700 	 90 	 9.09190850E-06 	 4.43523926E-06 
4.324600 	 90 	 8.19628651E-06 	 4.57490511E-06 
4.326600 	 90 	 5.33165020E-06 	 4.80588455E-06 
4.328700 	 90 	 7.38888382E-06 	 3.59144084E-06 
4.330700 	 90 	 5.74430504E-06 	 4.10765226E-06 
4.332700 	 90 	 4.40238313E-06 	 4.07489837E-06 
4.334500 	 90 	 7.55178364E-06 	 4.82616313E-06 
4.336700 	 90 	 3.71030713E-06 	 2.87688711E-06 
4.338600 	 90 	 4.94829358E-06 	 1.91260981E-06 
4.340600 	 90 	 7.61325003E-06 	 2.01166298E-06 
4.341600 	 90 	 3.28084134E-06 	 1.87232813E-06 
4.342700 	 90 	 1.36049650E-05 	 2.52970516E-06 
4.344700 	 90 	 1.78170537E-05 	 2.33551899E-06 
4.346700 	 90 	 1.78375236E-05 	 1.80785959E-06 
4.351500 	 90 	 1.66920157E-05 	 1.65663857E-06 
4.356400 	 90 	 1.89348606E-05 	 1.69108355E-06 
4.361500 	 90 	 1.99689363E-05 	 1.61361915E-06 
4.381600 	 90 	 1.59604854E-05 	 1.47673003E-06 
4.401600 	 90 	 1.68197770E-05 	 1.50337221E-06 
4.421500 	 90 	 1.88329504E-05 	 1.74531414E-06 
4.431700 	 90 	 1.79137818E-05 	 2.31737354E-06 
4.441700 	 90 	 1.77484482E-05 	 1.93813550E-06 
4.451500 	 90 	 1.04840867E-05 	 2.84273897E-06 
4.461400 	 90 	 5.92850193E-06 	 2.83974133E-06 
4.466500 	 90 	 6.26938974E-06 	 5.65115154E-06 
4.471600 	 90 	 8.37681422E-06 	 7.55075830E-06 
4.481500 	 90 	 5.30553068E-06 	 4.78234073E-06 
4.489500 	 90 	 4.07345007E-06 	 3.67175827E-06 
4.497600 	 90 	 9.70773125E-06 	 4.98980329E-06 
4.499700 	 90 	 1.17380111E-05 	 4.03765261E-06 
4.501600 	 90 	 1.14507700E-05 	 3.84466562E-06 
4.503700 	 90 	 1.26923690E-05 	 2.39697414E-06 
4.506500 	 90 	 1.61100609E-05 	 2.17624525E-06 
4.511500 	 90 	 1.99678525E-05 	 2.18157295E-06 
4.521700 	 90 	 2.34301320E-05 	 1.88437928E-06 
4.523700 	 90 	 1.83285248E-05 	 2.34960340E-06 
4.526600 	 90 	 1.33556238E-05 	 4.41228453E-06 
4.531600 	 90 	 1.40828898E-05 	 5.05276857E-06 
4.536700 	 90 	 7.05656820E-06 	 5.57234425E-06 
4.540900 	 90 	 5.19619695E-06 	 4.37355225E-06 
4.546600 	 90 	 6.72628044E-06 	 6.06298726E-06 
4.551700 	 90 	 1.64477798E-05 	 1.48258283E-05 
4.561300 	 90 	 1.35722807E-05 	 6.00302869E-06 
4.571700 	 90 	 9.45016816E-06 	 8.51826647E-06 
4.581600 	 90 	 2.75694015E-06 	 2.48507227E-06 
4.591500 	 90 	 2.56501772E-06 	 2.31207573E-06 
4.601600 	 90 	 3.93991568E-06 	 3.55139200E-06 
4.611800 	 90 	 7.55534270E-06 	 5.89957626E-06 
4.621500 	 90 	 5.13027323E-06 	 4.62436580E-06 
4.631700 	 90 	 1.77675061E-06 	 1.60154135E-06 
4.641400 	 90 	 8.97113545E-06 	 8.08647222E-06 
4.646700 	 90 	 9.88002521E-06 	 6.15369317E-06 
4.651500 	 90 	 2.99856360E-05 	 6.93350810E-06 
4.661500 	 90 	 2.94936501E-05 	 5.18737343E-06 
4.681600 	 90 	 5.08270978E-05 	 4.72583424E-06 
4.691700 	 90 	 4.56058565E-05 	 3.96904477E-06 
4.701400 	 90 	 2.91544742E-05 	 2.74012147E-06 
4.721500 	 90 	 3.12878321E-05 	 2.29564349E-06 
4.741500 	 90 	 3.23670824E-05 	 2.70611023E-06 
4.761500 	 90 	 4.33593023E-05 	 3.41326824E-06 
4.766700 	 90 	 7.62611284E-05 	 5.97041591E-06 
4.770400 	 90 	 8.08935083E-05 	 6.30750551E-06 
4.781500 	 90 	 7.78335517E-05 	 6.29772461E-06 
4.786500 	 90 	 7.23729396E-05 	 7.07706897E-06 
4.791700 	 90 	 4.63927266E-05 	 9.08990672E-06 
4.801600 	 90 	 1.05468382E-04 	 1.23153233E-05 
4.811400 	 90 	 2.56455608E-04 	 1.73336385E-05 
4.821500 	 90 	 2.20820114E-04 	 1.47051337E-05 
4.823700 	 90 	 1.45046858E-04 	 9.54703732E-06 
4.826800 	 90 	 9.97605402E-05 	 6.46414944E-06 
4.831600 	 90 	 5.16973392E-05 	 3.64961578E-06 
4.841400 	 90 	 4.23281575E-05 	 2.66387733E-06 
4.861500 	 90 	 4.05676562E-05 	 2.54233239E-06 
4.877800 	 90 	 4.18582681E-05 	 2.71568239E-06 
4.901400 	 90 	 4.48213795E-05 	 2.67868109E-06 
4.911400 	 90 	 4.60194509E-05 	 3.39242691E-06 
4.921600 	 90 	 4.07489432E-05 	 3.21961033E-06 
4.931500 	 90 	 4.37490946E-05 	 3.79870756E-06 
4.937700 	 90 	 4.76956299E-05 	 3.20909211E-06 
4.941700 	 90 	 4.36002500E-05 	 3.48019491E-06 
4.948400 	 90 	 4.64904168E-05 	 3.25012333E-06 
4.958200 	 90 	 4.28682356E-05 	 3.28129788E-06 
4.961800 	 90 	 4.09506820E-05 	 3.40740222E-06 
4.968300 	 90 	 4.08390592E-05 	 3.18112605E-06 
4.973400 	 90 	 4.43415534E-05 	 3.28390945E-06 
4.976200 	 90 	 4.23503220E-05 	 3.42648551E-06 
4.979400 	 90 	 4.05764080E-05 	 3.27318348E-06 
4.981500 	 90 	 4.75623926E-05 	 3.86211696E-06 
4.984300 	 90 	 4.42147020E-05 	 3.22620726E-06 
4.986100 	 90 	 4.37349894E-05 	 3.56923209E-06 
4.996200 	 90 	 4.35601272E-05 	 3.31805824E-06 
5.001600 	 90 	 4.86813568E-05 	 3.75828381E-06 
5.006200 	 90 	 4.60776683E-05 	 3.28095059E-06 
5.016100 	 90 	 4.47483105E-05 	 2.96715860E-06 
5.021500 	 90 	 5.63377351E-05 	 3.97689883E-06 
5.026300 	 90 	 5.22035436E-05 	 3.63856648E-06 
5.029200 	 90 	 6.21135197E-05 	 4.33835238E-06 
5.029400 	 90 	 6.37786085E-05 	 4.32144716E-06 
5.031300 	 90 	 7.94307273E-05 	 5.70597985E-06 
5.036300 	 90 	 1.34272210E-04 	 9.76014025E-06 
5.039300 	 90 	 1.97868925E-04 	 1.34374893E-05 
5.041600 	 90 	 1.93961782E-04 	 1.38197540E-05 
5.044300 	 90 	 1.75034337E-04 	 1.22912807E-05 
5.047400 	 90 	 1.86490422E-04 	 1.27893936E-05 
5.050200 	 90 	 1.78634419E-04 	 1.26718454E-05 
5.053500 	 90 	 1.74809325E-04 	 1.32670546E-05 
5.056300 	 90 	 1.56820972E-04 	 1.15988165E-05 
5.061500 	 90 	 1.07277091E-04 	 9.14726934E-06 
5.066300 	 90 	 6.88670707E-05 	 6.28468641E-06 
5.076400 	 90 	 1.41355000E-04 	 8.90866855E-06 
5.081400 	 90 	 1.37958142E-04 	 8.95954162E-06 
5.086000 	 90 	 1.37266643E-04 	 8.08930095E-06 
5.095700 	 90 	 1.06770065E-04 	 6.67726946E-06 
5.101500 	 90 	 1.05193540E-04 	 6.88663735E-06 
5.105200 	 90 	 1.52805358E-04 	 1.19470124E-05 
5.108300 	 90 	 2.09306260E-04 	 1.38826516E-05 
5.110400 	 90 	 1.89765144E-04 	 1.46219759E-05 
5.111500 	 90 	 1.96876957E-04 	 1.56833116E-05 
5.111900 	 90 	 1.85430863E-04 	 1.52893473E-05 
5.112200 	 90 	 1.96836223E-04 	 1.53878210E-05 
5.114400 	 90 	 4.22895157E-04 	 2.67638944E-05 
5.116400 	 90 	 4.88518770E-04 	 2.97689995E-05 
5.118400 	 90 	 4.49569136E-04 	 2.83965283E-05 
5.120300 	 90 	 4.25277672E-04 	 2.65959413E-05 
5.121500 	 90 	 4.28503802E-04 	 2.73386073E-05 
5.122300 	 90 	 4.06897826E-04 	 2.60975751E-05 
5.125300 	 90 	 3.95210506E-04 	 2.47908583E-05 
5.130300 	 90 	 3.61587706E-04 	 2.20145191E-05 
5.135300 	 90 	 2.72417779E-04 	 1.82829542E-05 
5.140000 	 90 	 1.62204739E-04 	 1.12969609E-05 
5.141400 	 90 	 1.60276822E-04 	 1.23749256E-05 
5.145300 	 90 	 9.25738020E-05 	 7.82740032E-06 
5.150400 	 90 	 7.55385619E-05 	 7.14474523E-06 
5.153200 	 90 	 7.72595218E-05 	 7.08489364E-06 
5.156200 	 90 	 7.14720510E-05 	 6.61307547E-06 
5.159500 	 90 	 6.64981641E-05 	 6.86369872E-06 
5.161500 	 90 	 7.58432291E-05 	 7.84755109E-06 
5.162500 	 90 	 7.47605823E-05 	 6.55784687E-06 
5.168500 	 90 	 7.56191000E-05 	 5.89979842E-06 
5.170900 	 90 	 7.73652934E-05 	 5.76088930E-06 
5.181500 	 90 	 7.06200557E-05 	 5.79724194E-06 
5.201300 	 90 	 8.16098275E-05 	 5.29882166E-06 
5.221500 	 90 	 9.46061385E-05 	 6.19567823E-06 
5.241500 	 90 	 1.05072526E-04 	 7.87037213E-06 
5.251000 	 90 	 1.44214152E-04 	 8.99921392E-06 
5.254600 	 90 	 1.38284065E-04 	 1.05202481E-05 
5.261600 	 90 	 1.71724414E-04 	 1.40868579E-05 
5.271400 	 90 	 2.18501914E-04 	 1.69495997E-05 
5.276500 	 90 	 2.23309879E-04 	 1.93439051E-05 
5.281500 	 90 	 2.46997404E-04 	 2.10421450E-05 
5.286500 	 90 	 3.43593197E-04 	 2.24102195E-05 
5.286500 	 90 	 3.02634525E-04 	 2.45290780E-05 
5.291300 	 90 	 5.35297785E-04 	 3.88542824E-05 
5.296500 	 90 	 7.03074541E-04 	 4.94764502E-05 
5.301700 	 90 	 9.64884734E-04 	 5.74458973E-05 
5.304400 	 90 	 1.06806582E-03 	 6.34096366E-05 
5.309200 	 90 	 1.11380425E-03 	 6.15038829E-05 
5.311200 	 90 	 1.10549283E-03 	 6.29193660E-05 
5.313900 	 90 	 1.15305805E-03 	 6.53371307E-05 
5.319700 	 90 	 9.26967445E-04 	 5.04798900E-05 
5.324400 	 90 	 7.22524865E-04 	 4.10161255E-05 
5.329000 	 90 	 5.60261362E-04 	 3.26743729E-05 
5.334300 	 90 	 4.18190557E-04 	 2.51436007E-05 
5.339200 	 90 	 3.03849221E-04 	 1.97811198E-05 
5.344400 	 90 	 2.49899419E-04 	 1.78390368E-05 
5.344400 	 90 	 2.74417358E-04 	 1.73968743E-05 
5.349000 	 90 	 2.64099932E-04 	 1.61596829E-05 
5.354200 	 90 	 2.41892333E-04 	 1.50091026E-05 
5.354400 	 90 	 2.49539477E-04 	 1.48264927E-05 
5.358400 	 90 	 2.34012137E-04 	 1.39865380E-05 
5.359800 	 90 	 2.33119669E-04 	 1.34227939E-05 
5.360100 	 90 	 2.27896507E-04 	 1.30926159E-05 
5.363600 	 90 	 2.11956035E-04 	 1.42904897E-05 
5.365100 	 90 	 2.15029026E-04 	 1.21651413E-05 
5.369400 	 90 	 2.28735730E-04 	 1.55555606E-05 
5.371300 	 90 	 2.14612706E-04 	 1.46493084E-05 
5.373400 	 90 	 2.21363296E-04 	 1.51953690E-05 
5.375400 	 90 	 2.01366124E-04 	 1.40425177E-05 
5.377500 	 90 	 2.05831185E-04 	 1.45657962E-05 
5.379500 	 90 	 2.20552885E-04 	 1.32126453E-05 
5.381200 	 90 	 2.09168403E-04 	 1.40188523E-05 
5.386300 	 90 	 1.95341154E-04 	 1.11691942E-05 
5.391600 	 90 	 1.75529515E-04 	 1.00697502E-05 
5.394400 	 90 	 1.73021879E-04 	 9.57248247E-06 
5.394800 	 90 	 1.74590081E-04 	 9.56564830E-06 
5.395400 	 90 	 1.75220094E-04 	 9.46637509E-06 
5.397500 	 90 	 1.73286756E-04 	 9.28833103E-06 
5.401400 	 90 	 1.72334825E-04 	 9.05124539E-06 
5.404600 	 90 	 1.71691649E-04 	 9.14323106E-06 
5.414900 	 90 	 1.87094026E-04 	 9.84985836E-06 
5.425600 	 90 	 1.88793778E-04 	 1.00287955E-05 
5.435900 	 90 	 1.77310065E-04 	 9.49797155E-06 
5.446900 	 90 	 1.75295000E-04 	 9.24261002E-06 
5.450800 	 90 	 1.78898273E-04 	 9.52611068E-06 
4.007500 	 75 	 2.21608774E-05 	 1.26591441E-06 
4.012500 	 75 	 1.99294170E-05 	 1.29048491E-06 
4.014400 	 75 	 1.92539454E-05 	 1.27133530E-06 
4.018500 	 75 	 1.93182943E-05 	 1.27231162E-06 
4.020600 	 75 	 1.74714592E-05 	 1.34234203E-06 
4.021500 	 75 	 1.77831315E-05 	 1.41296017E-06 
4.026600 	 75 	 1.68972672E-05 	 1.19965271E-06 
4.030600 	 75 	 1.37314591E-05 	 1.02363980E-06 
4.031400 	 75 	 1.34985728E-05 	 1.19042668E-06 
4.036500 	 75 	 8.44090301E-06 	 8.70629384E-07 
4.041500 	 75 	 6.27892461E-06 	 6.78062031E-07 
4.046600 	 75 	 4.15367948E-06 	 5.43775155E-07 
4.281500 	 75 	 1.82427019E-05 	 1.16821089E-06 
4.301600 	 75 	 3.03512163E-05 	 1.76236298E-06 
4.302600 	 75 	 4.09405225E-05 	 2.36745185E-06 
4.304700 	 75 	 4.01108735E-05 	 2.33634618E-06 
4.305700 	 75 	 3.95863364E-05 	 2.37387828E-06 
4.306600 	 75 	 3.88142071E-05 	 2.37087558E-06 
4.307700 	 75 	 3.91455942E-05 	 2.45623257E-06 
4.308700 	 75 	 4.14571225E-05 	 2.73253230E-06 
4.309600 	 75 	 4.57173400E-05 	 3.97242319E-06 
4.310600 	 75 	 5.14421623E-05 	 4.99850244E-06 
4.312600 	 75 	 5.82603322E-05 	 6.50199996E-06 
4.314600 	 75 	 6.47665133E-05 	 6.13469235E-06 
4.316700 	 75 	 6.32066179E-05 	 6.48419728E-06 
4.318700 	 75 	 5.70271587E-05 	 6.29086530E-06 
4.320800 	 75 	 5.35320087E-05 	 6.19010651E-06 
4.321500 	 75 	 5.89146304E-05 	 5.84426583E-06 
4.322700 	 75 	 5.88327328E-05 	 5.84732007E-06 
4.324600 	 75 	 5.39393561E-05 	 6.11378144E-06 
4.326600 	 75 	 4.39818832E-05 	 5.57990273E-06 
4.328700 	 75 	 4.31165544E-05 	 5.31514015E-06 
4.330700 	 75 	 4.02419170E-05 	 5.96936833E-06 
4.332700 	 75 	 4.15112998E-05 	 4.71823930E-06 
4.334500 	 75 	 3.98229059E-05 	 4.51591923E-06 
4.336700 	 75 	 3.40784325E-05 	 3.91176221E-06 
4.338600 	 75 	 3.32242882E-05 	 3.52880655E-06 
4.340600 	 75 	 2.57307137E-05 	 2.37678014E-06 
4.341600 	 75 	 2.69606430E-05 	 2.98017249E-06 
4.342700 	 75 	 2.42150162E-05 	 2.17798131E-06 
4.344700 	 75 	 2.89763569E-05 	 2.03691810E-06 
4.346700 	 75 	 2.71056156E-05 	 1.83678643E-06 
4.351500 	 75 	 2.62544936E-05 	 1.71926024E-06 
4.356400 	 75 	 2.48056191E-05 	 1.62099796E-06 
4.361500 	 75 	 2.30057752E-05 	 1.49239326E-06 
4.381600 	 75 	 2.18155699E-05 	 1.43128316E-06 
4.401600 	 75 	 2.16710700E-05 	 1.48075612E-06 
4.421500 	 75 	 2.45904953E-05 	 1.67135880E-06 
4.431700 	 75 	 2.32416681E-05 	 1.80462397E-06 
4.441700 	 75 	 2.35725111E-05 	 1.75107680E-06 
4.451500 	 75 	 1.95009454E-05 	 2.55023734E-06 
4.461400 	 75 	 2.03179322E-05 	 2.69011725E-06 
4.466500 	 75 	 1.27971347E-05 	 5.50149986E-06 
4.471600 	 75 	 1.07124184E-05 	 8.16376106E-06 
4.481500 	 75 	 1.05856250E-05 	 3.99289463E-06 
4.489500 	 75 	 1.34689074E-05 	 5.30864801E-06 
4.497600 	 75 	 1.96354505E-05 	 3.20234914E-06 
4.499700 	 75 	 2.38723097E-05 	 3.21955833E-06 
4.501600 	 75 	 2.30896074E-05 	 3.23413729E-06 
4.503700 	 75 	 2.61492453E-05 	 2.72642473E-06 
4.506500 	 75 	 2.98383991E-05 	 2.19269810E-06 
4.511500 	 75 	 3.23110664E-05 	 2.13238186E-06 
4.521700 	 75 	 3.35631934E-05 	 2.05749161E-06 
4.523700 	 75 	 4.07252776E-05 	 2.90921308E-06 
4.526600 	 75 	 3.65402008E-05 	 4.15744485E-06 
4.531600 	 75 	 3.35588718E-05 	 5.06049452E-06 
4.536700 	 75 	 3.06489111E-05 	 6.82433195E-06 
4.540900 	 75 	 3.12922275E-05 	 5.12173986E-06 
4.546600 	 75 	 3.11901824E-05 	 1.03794090E-05 
4.551700 	 75 	 1.37512711E-05 	 8.04691859E-06 
4.561300 	 75 	 3.18243553E-05 	 5.28655497E-06 
4.571700 	 75 	 1.02128728E-05 	 7.56039862E-06 
4.581600 	 75 	 1.02419554E-05 	 6.90593434E-06 
4.591500 	 75 	 1.35049864E-05 	 7.86152681E-06 
4.601600 	 75 	 1.91102992E-05 	 4.63394317E-06 
4.611800 	 75 	 5.68720164E-05 	 6.71993344E-06 
4.621500 	 75 	 1.45336942E-04 	 1.35715674E-05 
4.631700 	 75 	 1.54610867E-04 	 1.74940220E-05 
4.641400 	 75 	 1.28073064E-04 	 1.25315193E-05 
4.646700 	 75 	 7.34370181E-05 	 8.05474664E-06 
4.651500 	 75 	 7.80868885E-05 	 6.67832426E-06 
4.661500 	 75 	 9.14103584E-05 	 6.78713588E-06 
4.681600 	 75 	 1.01829316E-04 	 6.31793158E-06 
4.691700 	 75 	 7.91670518E-05 	 4.76021259E-06 
4.701400 	 75 	 5.14774380E-05 	 3.23625007E-06 
4.721500 	 75 	 4.50616457E-05 	 2.66391343E-06 
4.741500 	 75 	 4.89573881E-05 	 2.99345667E-06 
4.761500 	 75 	 7.93582928E-05 	 4.62184474E-06 
4.766700 	 75 	 1.49707127E-04 	 8.60591269E-06 
4.770400 	 75 	 1.56753660E-04 	 8.97488997E-06 
4.781500 	 75 	 1.48300243E-04 	 8.76020184E-06 
4.786500 	 75 	 1.28156550E-04 	 8.32337834E-06 
4.791700 	 75 	 9.30042875E-05 	 9.10421408E-06 
4.801600 	 75 	 1.55594017E-04 	 1.12700474E-05 
4.811400 	 75 	 3.13789005E-04 	 1.82273032E-05 
4.821500 	 75 	 2.77710648E-04 	 1.58054781E-05 
4.823700 	 75 	 1.81976749E-04 	 1.02534666E-05 
4.826800 	 75 	 1.23263707E-04 	 6.94567651E-06 
4.831600 	 75 	 6.33633114E-05 	 3.70452688E-06 
4.841400 	 75 	 4.43657766E-05 	 2.56065487E-06 
4.861500 	 75 	 4.95602434E-05 	 2.75526432E-06 
4.877800 	 75 	 5.26859053E-05 	 2.96326241E-06 
4.901400 	 75 	 5.18798891E-05 	 2.84993885E-06 
4.911400 	 75 	 5.54848109E-05 	 3.37456106E-06 
4.921600 	 75 	 5.57065137E-05 	 3.31397068E-06 
4.931500 	 75 	 5.78641058E-05 	 3.70988302E-06 
4.937700 	 75 	 6.01165716E-05 	 3.40336314E-06 
4.941700 	 75 	 5.83136305E-05 	 3.61387079E-06 
4.948400 	 75 	 6.33837920E-05 	 3.61207300E-06 
4.958200 	 75 	 6.32359884E-05 	 3.64483882E-06 
4.961800 	 75 	 6.31243801E-05 	 3.87479181E-06 
4.968300 	 75 	 6.29774642E-05 	 3.70026558E-06 
4.973400 	 75 	 6.33548869E-05 	 3.71545121E-06 
4.976200 	 75 	 6.35162969E-05 	 3.78678859E-06 
4.979400 	 75 	 6.46539699E-05 	 3.88120260E-06 
4.981500 	 75 	 6.79336391E-05 	 4.22370483E-06 
4.984300 	 75 	 6.56158676E-05 	 3.75717713E-06 
4.986100 	 75 	 6.29441069E-05 	 3.80988918E-06 
4.996200 	 75 	 6.77679409E-05 	 3.88705179E-06 
5.001600 	 75 	 6.99345780E-05 	 4.18624763E-06 
5.006200 	 75 	 6.66911038E-05 	 3.77354646E-06 
5.016100 	 75 	 7.12220674E-05 	 3.87781397E-06 
5.021500 	 75 	 7.61730173E-05 	 4.43356510E-06 
5.026300 	 75 	 8.00535154E-05 	 4.45721398E-06 
5.029200 	 75 	 9.48389747E-05 	 5.28910013E-06 
5.029400 	 75 	 9.25197421E-05 	 5.14081167E-06 
5.031300 	 75 	 1.10616547E-04 	 6.36867665E-06 
5.036300 	 75 	 1.87757041E-04 	 1.09178807E-05 
5.039300 	 75 	 2.47734793E-04 	 1.41525175E-05 
5.041600 	 75 	 2.55757039E-04 	 1.50456430E-05 
5.044300 	 75 	 2.40426890E-04 	 1.38841491E-05 
5.047400 	 75 	 2.30918323E-04 	 1.34133961E-05 
5.050200 	 75 	 2.28042363E-04 	 1.33561825E-05 
5.053500 	 75 	 2.16008354E-04 	 1.31029922E-05 
5.056300 	 75 	 1.93651849E-04 	 1.17128503E-05 
5.061500 	 75 	 1.40050995E-04 	 9.14054187E-06 
5.066300 	 75 	 1.00344738E-04 	 6.47977166E-06 
5.076400 	 75 	 1.95345059E-04 	 1.07036794E-05 
5.081400 	 75 	 1.92063509E-04 	 1.06610844E-05 
5.086000 	 75 	 1.94920249E-04 	 1.03420639E-05 
5.095700 	 75 	 1.66433890E-04 	 8.99391382E-06 
5.101500 	 75 	 1.62904886E-04 	 8.98564884E-06 
5.105200 	 75 	 2.62650609E-04 	 1.54179957E-05 
5.108300 	 75 	 3.59919097E-04 	 1.98105349E-05 
5.110400 	 75 	 3.49923513E-04 	 2.01121127E-05 
5.111500 	 75 	 3.35994560E-04 	 1.99529997E-05 
5.111900 	 75 	 3.42422243E-04 	 2.01193999E-05 
5.112200 	 75 	 3.49704094E-04 	 2.04735281E-05 
5.114400 	 75 	 6.09560889E-04 	 3.35553985E-05 
5.116400 	 75 	 6.65930326E-04 	 3.61631540E-05 
5.118400 	 75 	 6.22320710E-04 	 3.42301842E-05 
5.120300 	 75 	 6.10969315E-04 	 3.34289213E-05 
5.121500 	 75 	 6.10734296E-04 	 3.36963789E-05 
5.122300 	 75 	 5.82029329E-04 	 3.21651170E-05 
5.125300 	 75 	 5.55104686E-04 	 3.04748264E-05 
5.130300 	 75 	 4.58929009E-04 	 2.50260993E-05 
5.135300 	 75 	 3.35343962E-04 	 1.92464715E-05 
5.140000 	 75 	 1.97116759E-04 	 1.15581267E-05 
5.141400 	 75 	 2.05648287E-04 	 1.26962182E-05 
5.145300 	 75 	 1.12069747E-04 	 7.26797502E-06 
5.150400 	 75 	 1.07615038E-04 	 7.15791514E-06 
5.153200 	 75 	 1.00306690E-04 	 6.66939368E-06 
5.156200 	 75 	 1.04319669E-04 	 6.76109149E-06 
5.159500 	 75 	 1.05820517E-04 	 7.05260893E-06 
5.161500 	 75 	 1.00852107E-04 	 7.20926623E-06 
5.162500 	 75 	 1.03413843E-04 	 6.55491978E-06 
5.168500 	 75 	 1.12282757E-04 	 6.82981725E-06 
5.170900 	 75 	 1.18727492E-04 	 6.84693336E-06 
5.181500 	 75 	 1.14316937E-04 	 6.95000781E-06 
5.201300 	 75 	 1.31352950E-04 	 7.17249215E-06 
5.221500 	 75 	 1.61249423E-04 	 8.81397016E-06 
5.241500 	 75 	 2.20171590E-04 	 1.24327836E-05 
5.251000 	 75 	 3.00426742E-04 	 1.59223710E-05 
5.254600 	 75 	 3.26185024E-04 	 1.82130850E-05 
5.261600 	 75 	 4.45951431E-04 	 2.52468335E-05 
5.271400 	 75 	 5.76351249E-04 	 3.19542309E-05 
5.276500 	 75 	 6.09648507E-04 	 3.50167430E-05 
5.281500 	 75 	 6.46816492E-04 	 3.69676475E-05 
5.286500 	 75 	 7.49202426E-04 	 4.01920893E-05 
5.286500 	 75 	 7.47425356E-04 	 4.23858705E-05 
5.291300 	 75 	 1.09777452E-03 	 6.15181249E-05 
5.296500 	 75 	 1.30184412E-03 	 7.30863296E-05 
5.301700 	 75 	 1.68441594E-03 	 8.91956547E-05 
5.304400 	 75 	 1.88398694E-03 	 9.96014682E-05 
5.309200 	 75 	 1.87872038E-03 	 9.71172638E-05 
5.311200 	 75 	 1.81828309E-03 	 9.49372433E-05 
5.313900 	 75 	 1.85031290E-03 	 9.66222235E-05 
5.319700 	 75 	 1.48672563E-03 	 7.65532643E-05 
5.324400 	 75 	 1.11061371E-03 	 5.81608282E-05 
5.329000 	 75 	 8.08740915E-04 	 4.29557092E-05 
5.334300 	 75 	 5.70064484E-04 	 3.07977220E-05 
5.339200 	 75 	 4.22908850E-04 	 2.35499856E-05 
5.344400 	 75 	 3.04297179E-04 	 1.79747165E-05 
5.344400 	 75 	 3.26821867E-04 	 1.83699461E-05 
5.349000 	 75 	 3.04440704E-04 	 1.68090297E-05 
5.354200 	 75 	 2.70482807E-04 	 1.51459204E-05 
5.354400 	 75 	 2.84938910E-04 	 1.54923607E-05 
5.358400 	 75 	 2.44512661E-04 	 1.34285050E-05 
5.359800 	 75 	 2.46945516E-04 	 1.32842937E-05 
5.360100 	 75 	 2.45247995E-04 	 1.31605993E-05 
5.363600 	 75 	 2.57402508E-04 	 1.48241563E-05 
5.365100 	 75 	 2.35754729E-04 	 1.25375462E-05 
5.369400 	 75 	 2.96581159E-04 	 1.69973060E-05 
5.371300 	 75 	 2.81555842E-04 	 1.61857291E-05 
5.373400 	 75 	 2.70469989E-04 	 1.56409106E-05 
5.375400 	 75 	 2.75107167E-04 	 1.58218012E-05 
5.377500 	 75 	 2.67631449E-04 	 1.55902795E-05 
5.379500 	 75 	 2.70653726E-04 	 1.46957674E-05 
5.381200 	 75 	 2.70856910E-04 	 1.54426422E-05 
5.386300 	 75 	 2.39985988E-04 	 1.27290373E-05 
5.391600 	 75 	 2.10637067E-04 	 1.11692542E-05 
5.394400 	 75 	 2.04699801E-04 	 1.07372536E-05 
5.394800 	 75 	 2.11025082E-04 	 1.09706305E-05 
5.395400 	 75 	 2.02351218E-04 	 1.04906259E-05 
5.397500 	 75 	 1.99553210E-04 	 1.03091495E-05 
5.401400 	 75 	 1.97903890E-04 	 1.01245139E-05 
5.404600 	 75 	 2.07490620E-04 	 1.06463299E-05 
5.414900 	 75 	 2.16641147E-04 	 1.10982711E-05 
5.425600 	 75 	 2.16619343E-04 	 1.11446555E-05 
5.435900 	 75 	 2.02188508E-04 	 1.04657259E-05 
5.446900 	 75 	 2.05871884E-04 	 1.05400944E-05 
5.450800 	 75 	 2.15806181E-04 	 1.11047750E-05 
4.007500 	 60 	 3.12447649E-05 	 1.70483667E-06 
4.012500 	 60 	 2.90552833E-05 	 1.67549358E-06 
4.014400 	 60 	 2.59123540E-05 	 1.55117454E-06 
4.018500 	 60 	 2.59271658E-05 	 1.58333829E-06 
4.020600 	 60 	 2.45672598E-05 	 1.61302005E-06 
4.021500 	 60 	 2.34613752E-05 	 1.56800646E-06 
4.026600 	 60 	 2.27210935E-05 	 1.42344721E-06 
4.030600 	 60 	 1.98454171E-05 	 1.25272831E-06 
4.031400 	 60 	 1.84859625E-05 	 1.29241484E-06 
4.036500 	 60 	 1.23873692E-05 	 9.95884176E-07 
4.041500 	 60 	 7.01398157E-06 	 6.55185356E-07 
4.046600 	 60 	 6.16382684E-06 	 6.19858520E-07 
4.281500 	 60 	 3.02710633E-05 	 1.70671745E-06 
4.301600 	 60 	 4.41347770E-05 	 2.40993697E-06 
4.302600 	 60 	 5.94286952E-05 	 3.26276174E-06 
4.304700 	 60 	 5.53687825E-05 	 3.06187425E-06 
4.305700 	 60 	 5.65370949E-05 	 3.19356209E-06 
4.306600 	 60 	 5.61153485E-05 	 3.21775121E-06 
4.307700 	 60 	 5.62158212E-05 	 3.33799547E-06 
4.308700 	 60 	 6.36563913E-05 	 3.79918917E-06 
4.309600 	 60 	 9.19215340E-05 	 6.13586771E-06 
4.310600 	 60 	 1.18196138E-04 	 8.19128982E-06 
4.312600 	 60 	 1.53071168E-04 	 1.07008297E-05 
4.314600 	 60 	 1.57510597E-04 	 1.04688483E-05 
4.316700 	 60 	 1.48350564E-04 	 1.02159618E-05 
4.318700 	 60 	 1.36149892E-04 	 9.93662162E-06 
4.320800 	 60 	 1.41479715E-04 	 1.01365939E-05 
4.321500 	 60 	 1.42928345E-04 	 9.90087369E-06 
4.322700 	 60 	 1.29995000E-04 	 9.23022319E-06 
4.324600 	 60 	 1.30875369E-04 	 9.31099394E-06 
4.326600 	 60 	 1.18942340E-04 	 8.85533796E-06 
4.328700 	 60 	 1.13983595E-04 	 8.31344265E-06 
4.330700 	 60 	 1.13921083E-04 	 8.64107014E-06 
4.332700 	 60 	 1.06239218E-04 	 7.87596893E-06 
4.334500 	 60 	 1.00532088E-04 	 7.23361024E-06 
4.336700 	 60 	 8.47893204E-05 	 6.04488541E-06 
4.338600 	 60 	 6.94765797E-05 	 4.84189172E-06 
4.340600 	 60 	 5.55536440E-05 	 3.80627297E-06 
4.341600 	 60 	 6.74646461E-05 	 4.84190815E-06 
4.342700 	 60 	 4.71550729E-05 	 3.31250687E-06 
4.344700 	 60 	 4.44873425E-05 	 2.78925486E-06 
4.346700 	 60 	 4.25253218E-05 	 2.57923556E-06 
4.351500 	 60 	 3.64017833E-05 	 2.16887821E-06 
4.356400 	 60 	 3.39875689E-05 	 2.05478558E-06 
4.361500 	 60 	 3.43336012E-05 	 2.00240741E-06 
4.381600 	 60 	 3.04872498E-05 	 1.81610118E-06 
4.401600 	 60 	 3.12525474E-05 	 1.88387281E-06 
4.421500 	 60 	 3.21474261E-05 	 1.99145787E-06 
4.431700 	 60 	 3.28785686E-05 	 2.19813371E-06 
4.441700 	 60 	 3.25836135E-05 	 2.18768516E-06 
4.451500 	 60 	 3.05642327E-05 	 2.95728430E-06 
4.461400 	 60 	 3.25338449E-05 	 3.46323263E-06 
4.466500 	 60 	 1.74313744E-05 	 4.22653759E-06 
4.471600 	 60 	 1.61685051E-05 	 5.73516325E-06 
4.481500 	 60 	 2.13673200E-05 	 5.70759674E-06 
4.489500 	 60 	 2.07419796E-05 	 4.92149735E-06 
4.497600 	 60 	 3.28834324E-05 	 3.93919882E-06 
4.499700 	 60 	 3.96958961E-05 	 3.89810569E-06 
4.501600 	 60 	 3.65597938E-05 	 3.86278436E-06 
4.503700 	 60 	 4.03314343E-05 	 3.12027125E-06 
4.506500 	 60 	 4.44374758E-05 	 2.85480997E-06 
4.511500 	 60 	 4.78728065E-05 	 2.86723448E-06 
4.521700 	 60 	 5.03371140E-05 	 2.85917107E-06 
4.523700 	 60 	 6.34006014E-05 	 3.95486424E-06 
4.526600 	 60 	 6.37256982E-05 	 5.24183410E-06 
4.531600 	 60 	 6.28935436E-05 	 5.96042365E-06 
4.536700 	 60 	 6.09194044E-05 	 7.65466597E-06 
4.540900 	 60 	 6.53727230E-05 	 7.00832611E-06 
4.546600 	 60 	 5.34384818E-05 	 9.42534282E-06 
4.551700 	 60 	 4.75842793E-05 	 1.18350370E-05 
4.561300 	 60 	 5.44086461E-05 	 6.30018839E-06 
4.571700 	 60 	 1.88887698E-05 	 9.31821078E-06 
4.581600 	 60 	 1.26713816E-05 	 1.06173017E-05 
4.591500 	 60 	 1.64672000E-05 	 6.38944433E-06 
4.601600 	 60 	 5.12033047E-05 	 6.35714794E-06 
4.611800 	 60 	 1.42092182E-04 	 1.09905559E-05 
4.621500 	 60 	 4.37788116E-04 	 2.77732177E-05 
4.631700 	 60 	 4.84546441E-04 	 3.29529303E-05 
4.641400 	 60 	 3.45843210E-04 	 2.24322784E-05 
4.646700 	 60 	 1.90018700E-04 	 1.32146105E-05 
4.651500 	 60 	 1.51534938E-04 	 1.00928459E-05 
4.661500 	 60 	 1.85810017E-04 	 1.13507474E-05 
4.681600 	 60 	 1.94988902E-04 	 1.07975320E-05 
4.691700 	 60 	 1.28225280E-04 	 7.13958908E-06 
4.701400 	 60 	 9.22804743E-05 	 5.19618842E-06 
4.721500 	 60 	 7.44975119E-05 	 4.07213630E-06 
4.741500 	 60 	 8.15084603E-05 	 4.54433181E-06 
4.761500 	 60 	 1.36564603E-04 	 7.40442213E-06 
4.766700 	 60 	 2.91937881E-04 	 1.55602435E-05 
4.770400 	 60 	 2.91137777E-04 	 1.55851318E-05 
4.781500 	 60 	 2.76028863E-04 	 1.49939166E-05 
4.786500 	 60 	 2.12741529E-04 	 1.23379116E-05 
4.791700 	 60 	 1.46592971E-04 	 1.09153007E-05 
4.801600 	 60 	 2.18377257E-04 	 1.41321866E-05 
4.811400 	 60 	 4.28497742E-04 	 2.36599831E-05 
4.821500 	 60 	 3.74794213E-04 	 2.04800226E-05 
4.823700 	 60 	 2.41224331E-04 	 1.30924484E-05 
4.826800 	 60 	 1.55873390E-04 	 8.49158420E-06 
4.831600 	 60 	 7.58771755E-05 	 4.27461959E-06 
4.841400 	 60 	 5.56293614E-05 	 3.05910065E-06 
4.861500 	 60 	 6.38924338E-05 	 3.42841617E-06 
4.877800 	 60 	 7.00159848E-05 	 3.77910314E-06 
4.901400 	 60 	 7.24137958E-05 	 3.82993523E-06 
4.911400 	 60 	 7.58087315E-05 	 4.30572328E-06 
4.921600 	 60 	 7.43654373E-05 	 4.19671435E-06 
4.931500 	 60 	 7.69501155E-05 	 4.56542138E-06 
4.937700 	 60 	 8.07586488E-05 	 4.41322911E-06 
4.941700 	 60 	 8.04607314E-05 	 4.65335208E-06 
4.948400 	 60 	 8.42685888E-05 	 4.60991802E-06 
4.958200 	 60 	 8.42298688E-05 	 4.64672244E-06 
4.961800 	 60 	 8.78197350E-05 	 5.03160390E-06 
4.968300 	 60 	 8.92804812E-05 	 4.95507110E-06 
4.973400 	 60 	 8.98612849E-05 	 4.97113484E-06 
4.976200 	 60 	 9.17296532E-05 	 5.11574371E-06 
4.979400 	 60 	 9.44309077E-05 	 5.28901335E-06 
4.981500 	 60 	 9.68984372E-05 	 5.58396583E-06 
4.984300 	 60 	 9.19417000E-05 	 5.00397142E-06 
4.986100 	 60 	 9.54514599E-05 	 5.34178980E-06 
4.996200 	 60 	 9.71204820E-05 	 5.30359502E-06 
5.001600 	 60 	 9.98780529E-05 	 5.63620276E-06 
5.006200 	 60 	 9.74971228E-05 	 5.25989526E-06 
5.016100 	 60 	 1.01634598E-04 	 5.35687409E-06 
5.021500 	 60 	 1.04961970E-04 	 5.81655028E-06 
5.026300 	 60 	 1.16670321E-04 	 6.21523413E-06 
5.029200 	 60 	 1.31087735E-04 	 7.04829148E-06 
5.029400 	 60 	 1.30736345E-04 	 6.99120553E-06 
5.031300 	 60 	 1.60586540E-04 	 8.77504509E-06 
5.036300 	 60 	 2.54353845E-04 	 1.41161523E-05 
5.039300 	 60 	 3.37688905E-04 	 1.84761878E-05 
5.041600 	 60 	 3.32825278E-04 	 1.87151335E-05 
5.044300 	 60 	 3.09623352E-04 	 1.71565953E-05 
5.047400 	 60 	 3.06536410E-04 	 1.70105916E-05 
5.050200 	 60 	 3.07836782E-04 	 1.71396049E-05 
5.053500 	 60 	 2.78602794E-04 	 1.60423768E-05 
5.056300 	 60 	 2.53891467E-04 	 1.45273801E-05 
5.061500 	 60 	 1.95647213E-04 	 1.17174585E-05 
5.066300 	 60 	 1.46823081E-04 	 8.67405195E-06 
5.076400 	 60 	 2.76481403E-04 	 1.46713032E-05 
5.081400 	 60 	 2.73446865E-04 	 1.46240032E-05 
5.086000 	 60 	 2.78810161E-04 	 1.44729201E-05 
5.095700 	 60 	 2.62141535E-04 	 1.37350018E-05 
5.101500 	 60 	 2.64187342E-04 	 1.39400107E-05 
5.105200 	 60 	 4.74669730E-04 	 2.57370952E-05 
5.108300 	 60 	 6.19631265E-04 	 3.26009320E-05 
5.110400 	 60 	 6.12014822E-04 	 3.29624220E-05 
5.111500 	 60 	 6.05025700E-04 	 3.30437400E-05 
5.111900 	 60 	 5.98631771E-04 	 3.26699402E-05 
5.112200 	 60 	 5.91159574E-04 	 3.22606396E-05 
5.114400 	 60 	 9.42243211E-04 	 4.98789247E-05 
5.116400 	 60 	 9.89968232E-04 	 5.20300517E-05 
5.118400 	 60 	 9.33286256E-04 	 4.94582236E-05 
5.120300 	 60 	 8.87374188E-04 	 4.69513738E-05 
5.121500 	 60 	 8.78269325E-04 	 4.67332584E-05 
5.122300 	 60 	 8.49019938E-04 	 4.52060760E-05 
5.125300 	 60 	 7.90059036E-04 	 4.19502038E-05 
5.130300 	 60 	 6.25679041E-04 	 3.31311507E-05 
5.135300 	 60 	 4.42683632E-04 	 2.44169225E-05 
5.140000 	 60 	 2.47455230E-04 	 1.39068349E-05 
5.141400 	 60 	 2.61568364E-04 	 1.52705407E-05 
5.145300 	 60 	 1.47777868E-04 	 8.90060908E-06 
5.150400 	 60 	 1.39791745E-04 	 8.63263555E-06 
5.153200 	 60 	 1.50727828E-04 	 8.95560937E-06 
5.156200 	 60 	 1.49544125E-04 	 8.91110360E-06 
5.159500 	 60 	 1.55643239E-04 	 9.36133819E-06 
5.161500 	 60 	 1.60224892E-04 	 9.97182858E-06 
5.162500 	 60 	 1.61756976E-04 	 9.29118792E-06 
5.168500 	 60 	 1.78396321E-04 	 9.97590189E-06 
5.170900 	 60 	 1.83530302E-04 	 9.98206090E-06 
5.181500 	 60 	 1.81616408E-04 	 1.01641678E-05 
5.201300 	 60 	 2.15122315E-04 	 1.12913676E-05 
5.221500 	 60 	 2.78897214E-04 	 1.46019251E-05 
5.241500 	 60 	 4.09818514E-04 	 2.17389482E-05 
5.251000 	 60 	 6.10184538E-04 	 3.13030631E-05 
5.254600 	 60 	 6.72356668E-04 	 3.52894791E-05 
5.261600 	 60 	 9.32349691E-04 	 4.92696617E-05 
5.271400 	 60 	 1.24686881E-03 	 6.51235139E-05 
5.276500 	 60 	 1.30339296E-03 	 6.92461641E-05 
5.281500 	 60 	 1.36921718E-03 	 7.25863625E-05 
5.286500 	 60 	 1.51526721E-03 	 7.82304323E-05 
5.286500 	 60 	 1.51163629E-03 	 8.01233622E-05 
5.291300 	 60 	 1.97208555E-03 	 1.04433850E-04 
5.296500 	 60 	 2.32754638E-03 	 1.23556282E-04 
5.301700 	 60 	 2.98171656E-03 	 1.53547176E-04 
5.304400 	 60 	 3.33946121E-03 	 1.71826561E-04 
5.309200 	 60 	 3.30394598E-03 	 1.68037834E-04 
5.311200 	 60 	 3.19191666E-03 	 1.63175164E-04 
5.313900 	 60 	 3.17446167E-03 	 1.62454934E-04 
5.319700 	 60 	 2.46923272E-03 	 1.25427517E-04 
5.324400 	 60 	 1.83333306E-03 	 9.40137162E-05 
5.329000 	 60 	 1.25068964E-03 	 6.47733731E-05 
5.334300 	 60 	 8.25776151E-04 	 4.33267441E-05 
5.339200 	 60 	 5.57507337E-04 	 3.00575498E-05 
5.344400 	 60 	 3.95877044E-04 	 2.23229014E-05 
5.344400 	 60 	 4.16362850E-04 	 2.26098768E-05 
5.349000 	 60 	 3.54784509E-04 	 1.91588962E-05 
5.354200 	 60 	 3.21574954E-04 	 1.75029425E-05 
5.354400 	 60 	 3.13347781E-04 	 1.68121522E-05 
5.358400 	 60 	 2.78203714E-04 	 1.50168867E-05 
5.359800 	 60 	 2.72211692E-04 	 1.44649459E-05 
5.360100 	 60 	 2.65939773E-04 	 1.41113496E-05 
5.363600 	 60 	 2.99165578E-04 	 1.66987376E-05 
5.365100 	 60 	 2.69670541E-04 	 1.41619894E-05 
5.369400 	 60 	 3.77581002E-04 	 2.08772570E-05 
5.371300 	 60 	 3.72203828E-04 	 2.05154781E-05 
5.373400 	 60 	 3.71098718E-04 	 2.04361068E-05 
5.375400 	 60 	 3.72222695E-04 	 2.04463402E-05 
5.377500 	 60 	 3.63220570E-04 	 2.01710124E-05 
5.379500 	 60 	 3.67512825E-04 	 1.94171991E-05 
5.381200 	 60 	 3.70977335E-04 	 2.02227318E-05 
5.386300 	 60 	 3.23643399E-04 	 1.68247914E-05 
5.391600 	 60 	 2.70986585E-04 	 1.41181063E-05 
5.394400 	 60 	 2.49656894E-04 	 1.29379320E-05 
5.394800 	 60 	 2.62835691E-04 	 1.35216527E-05 
5.395400 	 60 	 2.50103270E-04 	 1.28425947E-05 
5.397500 	 60 	 2.47510592E-04 	 1.26648171E-05 
5.401400 	 60 	 2.45772819E-04 	 1.24932290E-05 
5.404600 	 60 	 2.53682856E-04 	 1.29281028E-05 
5.414900 	 60 	 2.72587117E-04 	 1.38561051E-05 
5.425600 	 60 	 2.62275006E-04 	 1.33892011E-05 
5.435900 	 60 	 2.47361957E-04 	 1.26765269E-05 
5.446900 	 60 	 2.57758152E-04 	 1.31051660E-05 
5.450800 	 60 	 2.75922155E-04 	 1.40680227E-05 
