3.996020 	 0 	 0.00010195 	 0.00000321 
4.000970 	 0 	 0.00015779 	 0.00000495 
4.002940 	 0 	 0.00018709 	 0.00000558 
4.006970 	 0 	 0.00027014 	 0.00000748 
4.009090 	 0 	 0.00028732 	 0.00000832 
4.010030 	 0 	 0.00029120 	 0.00000841 
4.015070 	 0 	 0.00033202 	 0.00000873 
4.019110 	 0 	 0.00032699 	 0.00000837 
4.019920 	 0 	 0.00029803 	 0.00000830 
4.025040 	 0 	 0.00029557 	 0.00000828 
4.029980 	 0 	 0.00025367 	 0.00000700 
4.035140 	 0 	 0.00019238 	 0.00000560 
4.269960 	 0 	 0.00011188 	 0.00000398 
4.290050 	 0 	 0.00015798 	 0.00000510 
4.291120 	 0 	 0.00021600 	 0.00000681 
4.293190 	 0 	 0.00025237 	 0.00000766 
4.294200 	 0 	 0.00029650 	 0.00000885 
4.295150 	 0 	 0.00035885 	 0.00001018 
4.296150 	 0 	 0.00039892 	 0.00001155 
4.297220 	 0 	 0.00060986 	 0.00001651 
4.298080 	 0 	 0.00174094 	 0.00004514 
4.299090 	 0 	 0.00272944 	 0.00006988 
4.301050 	 0 	 0.00410574 	 0.00010344 
4.303100 	 0 	 0.00416614 	 0.00010204 
4.305230 	 0 	 0.00385834 	 0.00009639 
4.307250 	 0 	 0.00367487 	 0.00009432 
4.309300 	 0 	 0.00368978 	 0.00009453 
4.309960 	 0 	 0.00374764 	 0.00009382 
4.311170 	 0 	 0.00361217 	 0.00009076 
4.313110 	 0 	 0.00364736 	 0.00009200 
4.315130 	 0 	 0.00361302 	 0.00009239 
4.317200 	 0 	 0.00353791 	 0.00008869 
4.319170 	 0 	 0.00346593 	 0.00008943 
4.321160 	 0 	 0.00319599 	 0.00008091 
4.322980 	 0 	 0.00290411 	 0.00007322 
4.325210 	 0 	 0.00236382 	 0.00005918 
4.327110 	 0 	 0.00189443 	 0.00004726 
4.329080 	 0 	 0.00126610 	 0.00003188 
4.330120 	 0 	 0.00180677 	 0.00004616 
4.331190 	 0 	 0.00089753 	 0.00002341 
4.333240 	 0 	 0.00061690 	 0.00001633 
4.335150 	 0 	 0.00046736 	 0.00001255 
4.340040 	 0 	 0.00028665 	 0.00000837 
4.344880 	 0 	 0.00025257 	 0.00000776 
4.349980 	 0 	 0.00024412 	 0.00000737 
4.370050 	 0 	 0.00026828 	 0.00000769 
4.390150 	 0 	 0.00033880 	 0.00000928 
4.410030 	 0 	 0.00046733 	 0.00001238 
4.420240 	 0 	 0.00067698 	 0.00001751 
4.430180 	 0 	 0.00085047 	 0.00002119 
4.440040 	 0 	 0.00159746 	 0.00004132 
4.449940 	 0 	 0.00250915 	 0.00006291 
4.454990 	 0 	 0.00587683 	 0.00015015 
4.460120 	 0 	 0.00878882 	 0.00021874 
4.469960 	 0 	 0.00926918 	 0.00022635 
4.477980 	 0 	 0.00683184 	 0.00017098 
4.486130 	 0 	 0.00324480 	 0.00008232 
4.488190 	 0 	 0.00238964 	 0.00006134 
4.490070 	 0 	 0.00318817 	 0.00007974 
4.492220 	 0 	 0.00122958 	 0.00003228 
4.494990 	 0 	 0.00082205 	 0.00002113 
4.499970 	 0 	 0.00046513 	 0.00001282 
4.510210 	 0 	 0.00035240 	 0.00000987 
4.512180 	 0 	 0.00078391 	 0.00002113 
4.515080 	 0 	 0.00230306 	 0.00005970 
4.520070 	 0 	 0.00405121 	 0.00010060 
4.525240 	 0 	 0.00736293 	 0.00018318 
4.529410 	 0 	 0.00737519 	 0.00017566 
4.535060 	 0 	 0.01284535 	 0.00030976 
4.540240 	 0 	 0.01425934 	 0.00035525 
4.549800 	 0 	 0.01848929 	 0.00041301 
4.560180 	 0 	 0.02802344 	 0.00064363 
4.570130 	 0 	 0.02586974 	 0.00060046 
4.580030 	 0 	 0.01316683 	 0.00032488 
4.590080 	 0 	 0.00706745 	 0.00017329 
4.600270 	 0 	 0.00568166 	 0.00014190 
4.609990 	 0 	 0.01277873 	 0.00030318 
4.620230 	 0 	 0.01433430 	 0.00035022 
4.629940 	 0 	 0.01038762 	 0.00024774 
4.635170 	 0 	 0.00552144 	 0.00013787 
4.639960 	 0 	 0.00326318 	 0.00008349 
4.649960 	 0 	 0.00271835 	 0.00007017 
4.670120 	 0 	 0.00142615 	 0.00003765 
4.680150 	 0 	 0.00074987 	 0.00002131 
4.689930 	 0 	 0.00057080 	 0.00001624 
4.710020 	 0 	 0.00045826 	 0.00001230 
4.730000 	 0 	 0.00042403 	 0.00001236 
4.750000 	 0 	 0.00057532 	 0.00001687 
4.755180 	 0 	 0.00103785 	 0.00003006 
4.758880 	 0 	 0.00117002 	 0.00003298 
4.770040 	 0 	 0.00142582 	 0.00003905 
4.775020 	 0 	 0.00216298 	 0.00005667 
4.780180 	 0 	 0.00453102 	 0.00011655 
4.790120 	 0 	 0.00571414 	 0.00013948 
4.799920 	 0 	 0.00473311 	 0.00011525 
4.810030 	 0 	 0.00227415 	 0.00006137 
4.812160 	 0 	 0.00108787 	 0.00003162 
4.815270 	 0 	 0.00067522 	 0.00002004 
4.820060 	 0 	 0.00037101 	 0.00001163 
4.829890 	 0 	 0.00024257 	 0.00000750 
4.850030 	 0 	 0.00016552 	 0.00000584 
4.866290 	 0 	 0.00015992 	 0.00000620 
4.889890 	 0 	 0.00019481 	 0.00000611 
4.899910 	 0 	 0.00036465 	 0.00001178 
4.910130 	 0 	 0.00052214 	 0.00001461 
4.919960 	 0 	 0.00066721 	 0.00001884 
4.926150 	 0 	 0.00067917 	 0.00001724 
4.930190 	 0 	 0.00068770 	 0.00001899 
4.936920 	 0 	 0.00065878 	 0.00001682 
4.946750 	 0 	 0.00068116 	 0.00001752 
4.950270 	 0 	 0.00068917 	 0.00001896 
4.956760 	 0 	 0.00072966 	 0.00001869 
4.961870 	 0 	 0.00076174 	 0.00001924 
4.964750 	 0 	 0.00081612 	 0.00002074 
4.967870 	 0 	 0.00082372 	 0.00002107 
4.970040 	 0 	 0.00084075 	 0.00002260 
4.972800 	 0 	 0.00082377 	 0.00002017 
4.974630 	 0 	 0.00081990 	 0.00002105 
4.984710 	 0 	 0.00068228 	 0.00001760 
4.990070 	 0 	 0.00066654 	 0.00001868 
4.994670 	 0 	 0.00053625 	 0.00001421 
5.004640 	 0 	 0.00042853 	 0.00001139 
5.009990 	 0 	 0.00045433 	 0.00001393 
5.014840 	 0 	 0.00057512 	 0.00001549 
5.017740 	 0 	 0.00078316 	 0.00002014 
5.017860 	 0 	 0.00075794 	 0.00001953 
5.019820 	 0 	 0.00121911 	 0.00003092 
5.024800 	 0 	 0.00225029 	 0.00005732 
5.027830 	 0 	 0.00246192 	 0.00006395 
5.030100 	 0 	 0.00258864 	 0.00006899 
5.032780 	 0 	 0.00296244 	 0.00007414 
5.035900 	 0 	 0.00336950 	 0.00008258 
5.038710 	 0 	 0.00354868 	 0.00008657 
5.041980 	 0 	 0.00342942 	 0.00008623 
5.044790 	 0 	 0.00311887 	 0.00007776 
5.049970 	 0 	 0.00249588 	 0.00006478 
5.054840 	 0 	 0.00175642 	 0.00004534 
5.064880 	 0 	 0.00120618 	 0.00003282 
5.069910 	 0 	 0.00098012 	 0.00002911 
5.074480 	 0 	 0.00079889 	 0.00002227 
5.084190 	 0 	 0.00067164 	 0.00002032 
5.089990 	 0 	 0.00074958 	 0.00002287 
5.093720 	 0 	 0.00279682 	 0.00007369 
5.096760 	 0 	 0.00529451 	 0.00012261 
5.098890 	 0 	 0.00588033 	 0.00013945 
5.099990 	 0 	 0.00618345 	 0.00014904 
5.100430 	 0 	 0.00604731 	 0.00014549 
5.100710 	 0 	 0.00605012 	 0.00014554 
5.102880 	 0 	 0.00748747 	 0.00017803 
5.104860 	 0 	 0.00780703 	 0.00018349 
5.106900 	 0 	 0.00781466 	 0.00018509 
5.108780 	 0 	 0.00787773 	 0.00018391 
5.110040 	 0 	 0.00801055 	 0.00018921 
5.110750 	 0 	 0.00789942 	 0.00018592 
5.113840 	 0 	 0.00775626 	 0.00018092 
5.118800 	 0 	 0.00646841 	 0.00014935 
5.123770 	 0 	 0.00476504 	 0.00011605 
5.128520 	 0 	 0.00347777 	 0.00008309 
5.129940 	 0 	 0.00362299 	 0.00008992 
5.133810 	 0 	 0.00279124 	 0.00006778 
5.138880 	 0 	 0.00279022 	 0.00006842 
5.141650 	 0 	 0.00268893 	 0.00006519 
5.144740 	 0 	 0.00247971 	 0.00006100 
5.147990 	 0 	 0.00230492 	 0.00005813 
5.150010 	 0 	 0.00219627 	 0.00005821 
5.150980 	 0 	 0.00210561 	 0.00005196 
5.157040 	 0 	 0.00176528 	 0.00004429 
5.159370 	 0 	 0.00159481 	 0.00003935 
5.170050 	 0 	 0.00101431 	 0.00002937 
5.189840 	 0 	 0.00075195 	 0.00002063 
5.210030 	 0 	 0.00082944 	 0.00002362 
5.230030 	 0 	 0.00110859 	 0.00003446 
5.239500 	 0 	 0.00142905 	 0.00003834 
5.243060 	 0 	 0.00158504 	 0.00004850 
5.250130 	 0 	 0.00217158 	 0.00007024 
5.259940 	 0 	 0.00325141 	 0.00009434 
5.265040 	 0 	 0.00386223 	 0.00011625 
5.269980 	 0 	 0.00471964 	 0.00013395 
5.274960 	 0 	 0.00630710 	 0.00016829 
5.275020 	 0 	 0.00627061 	 0.00015303 
5.279810 	 0 	 0.00945857 	 0.00024632 
5.284950 	 0 	 0.01210541 	 0.00031177 
5.290160 	 0 	 0.01586489 	 0.00037135 
5.292940 	 0 	 0.01857837 	 0.00042929 
5.297670 	 0 	 0.01807541 	 0.00040317 
5.299720 	 0 	 0.01779775 	 0.00040328 
5.302380 	 0 	 0.01672642 	 0.00038266 
5.308230 	 0 	 0.01453003 	 0.00032072 
5.312880 	 0 	 0.01380323 	 0.00030758 
5.317520 	 0 	 0.01183302 	 0.00026450 
5.322810 	 0 	 0.00941818 	 0.00021195 
5.327680 	 0 	 0.00794744 	 0.00018173 
5.332880 	 0 	 0.00584462 	 0.00013946 
5.332910 	 0 	 0.00603165 	 0.00013866 
5.337470 	 0 	 0.00406643 	 0.00009583 
5.342740 	 0 	 0.00250707 	 0.00006387 
5.342930 	 0 	 0.00253451 	 0.00006240 
5.346940 	 0 	 0.00191170 	 0.00004930 
5.348260 	 0 	 0.00181434 	 0.00004543 
5.348580 	 0 	 0.00170077 	 0.00004279 
5.352050 	 0 	 0.00285460 	 0.00007272 
5.353600 	 0 	 0.00221056 	 0.00005179 
5.357900 	 0 	 0.00347672 	 0.00008755 
5.359830 	 0 	 0.00330291 	 0.00008318 
5.361890 	 0 	 0.00317164 	 0.00008089 
5.363860 	 0 	 0.00314117 	 0.00007977 
5.366050 	 0 	 0.00305930 	 0.00007857 
5.368040 	 0 	 0.00290245 	 0.00006929 
5.369650 	 0 	 0.00294340 	 0.00007421 
5.374800 	 0 	 0.00173440 	 0.00004222 
5.380090 	 0 	 0.00076024 	 0.00002235 
5.382920 	 0 	 0.00049110 	 0.00001619 
5.383340 	 0 	 0.00068519 	 0.00001900 
5.383860 	 0 	 0.00042914 	 0.00001360 
5.385960 	 0 	 0.00033476 	 0.00001157 
5.389860 	 0 	 0.00029252 	 0.00001020 
5.393080 	 0 	 0.00026982 	 0.00001003 
5.403410 	 0 	 0.00026213 	 0.00000988 
5.414080 	 0 	 0.00032346 	 0.00001157 
5.424360 	 0 	 0.00032162 	 0.00001180 
5.435410 	 0 	 0.00036244 	 0.00001126 
5.439260 	 0 	 0.00041676 	 0.00001307 
