4.007500 	 0 	 1.08270033E-05 	 6.49090349E-07 
4.012500 	 0 	 1.38205122E-05 	 8.82433978E-07 
4.014400 	 0 	 1.66862333E-05 	 9.90159283E-07 
4.018500 	 0 	 2.36671199E-05 	 1.36328856E-06 
4.020600 	 0 	 2.28425328E-05 	 1.38226145E-06 
4.021500 	 0 	 2.52278509E-05 	 1.48466525E-06 
4.026600 	 0 	 2.86306777E-05 	 1.59876645E-06 
4.030600 	 0 	 2.72433612E-05 	 1.49534842E-06 
4.031400 	 0 	 2.62812328E-05 	 1.51645907E-06 
4.036500 	 0 	 2.36509191E-05 	 1.38974323E-06 
4.041500 	 0 	 2.16502044E-05 	 1.24172149E-06 
4.046600 	 0 	 1.75343776E-05 	 1.03112398E-06 
4.281500 	 0 	 9.52978306E-06 	 6.67449914E-07 
4.301600 	 0 	 1.33530038E-05 	 8.51316660E-07 
4.302600 	 0 	 2.26439905E-05 	 1.39233502E-06 
4.304700 	 0 	 2.64934962E-05 	 1.56878616E-06 
4.305700 	 0 	 3.53817776E-05 	 2.01698158E-06 
4.306600 	 0 	 3.90172015E-05 	 2.18973628E-06 
4.307700 	 0 	 4.23543159E-05 	 2.40652345E-06 
4.308700 	 0 	 6.68300700E-05 	 3.70702699E-06 
4.309600 	 0 	 2.09494377E-04 	 1.12840934E-05 
4.310600 	 0 	 3.33464296E-04 	 1.78354431E-05 
4.312600 	 0 	 4.65891689E-04 	 2.48779524E-05 
4.314600 	 0 	 4.93188364E-04 	 2.59947322E-05 
4.316700 	 0 	 4.51106816E-04 	 2.40032499E-05 
4.318700 	 0 	 4.39306691E-04 	 2.35467634E-05 
4.320800 	 0 	 4.28258745E-04 	 2.29794387E-05 
4.321500 	 0 	 4.24124238E-04 	 2.26118746E-05 
4.322700 	 0 	 4.19840948E-04 	 2.23662351E-05 
4.324600 	 0 	 4.28558790E-04 	 2.28808750E-05 
4.326600 	 0 	 4.40584569E-04 	 2.35328452E-05 
4.328700 	 0 	 4.15896552E-04 	 2.21154821E-05 
4.330700 	 0 	 4.02607773E-04 	 2.16402010E-05 
4.332700 	 0 	 3.84244675E-04 	 2.04976472E-05 
4.334500 	 0 	 3.55337014E-04 	 1.89022459E-05 
4.336700 	 0 	 2.77988168E-04 	 1.47819003E-05 
4.338600 	 0 	 2.16448317E-04 	 1.15280747E-05 
4.340600 	 0 	 1.52294022E-04 	 8.12573607E-06 
4.341600 	 0 	 2.08406609E-04 	 1.11775522E-05 
4.342700 	 0 	 1.06145746E-04 	 5.73164455E-06 
4.344700 	 0 	 6.61428590E-05 	 3.61660137E-06 
4.346700 	 0 	 4.85183025E-05 	 2.69462800E-06 
4.351500 	 0 	 3.08653120E-05 	 1.78245474E-06 
4.356400 	 0 	 2.55574047E-05 	 1.52743851E-06 
4.361500 	 0 	 2.10001891E-05 	 1.26345193E-06 
4.381600 	 0 	 2.19247912E-05 	 1.28539227E-06 
4.401600 	 0 	 2.91610882E-05 	 1.67364579E-06 
4.421500 	 0 	 4.00052016E-05 	 2.23861262E-06 
4.431700 	 0 	 5.84361606E-05 	 3.22563879E-06 
4.441700 	 0 	 7.04309432E-05 	 3.80147482E-06 
4.451500 	 0 	 1.33229993E-04 	 7.35696505E-06 
4.461400 	 0 	 1.91132932E-04 	 1.04101748E-05 
4.466500 	 0 	 4.49423091E-04 	 2.47850522E-05 
4.471600 	 0 	 7.20347385E-04 	 3.88340369E-05 
4.481500 	 0 	 7.40866180E-04 	 3.94748662E-05 
4.489500 	 0 	 5.52246849E-04 	 2.98918218E-05 
4.497600 	 0 	 2.56539482E-04 	 1.40343022E-05 
4.499700 	 0 	 1.89151642E-04 	 1.04509490E-05 
4.501600 	 0 	 2.52296694E-04 	 1.36731165E-05 
4.503700 	 0 	 1.05367943E-04 	 5.82605868E-06 
4.506500 	 0 	 7.31229190E-05 	 4.00155291E-06 
4.511500 	 0 	 4.47963367E-05 	 2.53102155E-06 
4.521700 	 0 	 3.49794856E-05 	 1.96522700E-06 
4.523700 	 0 	 9.04698304E-05 	 4.95954469E-06 
4.526600 	 0 	 2.69764615E-04 	 1.45632850E-05 
4.531600 	 0 	 4.52445861E-04 	 2.40844011E-05 
4.536700 	 0 	 8.03314432E-04 	 4.28210343E-05 
4.540900 	 0 	 7.96550603E-04 	 4.17172599E-05 
4.546600 	 0 	 1.34435133E-03 	 7.08928415E-05 
4.551700 	 0 	 1.48780270E-03 	 7.94513873E-05 
4.561300 	 0 	 1.70696795E-03 	 8.72149290E-05 
4.571700 	 0 	 2.48029935E-03 	 1.28046269E-04 
4.581600 	 0 	 2.25413304E-03 	 1.16874705E-04 
4.591500 	 0 	 1.13907246E-03 	 6.09660197E-05 
4.601600 	 0 	 5.90656769E-04 	 3.16237697E-05 
4.611800 	 0 	 5.71431558E-04 	 3.05726608E-05 
4.621500 	 0 	 1.39274705E-03 	 7.27004317E-05 
4.631700 	 0 	 1.59448819E-03 	 8.42513253E-05 
4.641400 	 0 	 1.12994712E-03 	 5.92282603E-05 
4.646700 	 0 	 5.85148501E-04 	 3.12292302E-05 
4.651500 	 0 	 3.30668834E-04 	 1.78847383E-05 
4.661500 	 0 	 2.71517772E-04 	 1.47123651E-05 
4.681600 	 0 	 1.31599168E-04 	 7.24619524E-06 
4.691700 	 0 	 7.49441852E-05 	 4.21972596E-06 
4.701400 	 0 	 5.91336210E-05 	 3.32271883E-06 
4.721500 	 0 	 4.54046929E-05 	 2.52021580E-06 
4.741500 	 0 	 4.24892949E-05 	 2.44606178E-06 
4.761500 	 0 	 5.95927811E-05 	 3.37466672E-06 
4.766700 	 0 	 1.05806026E-04 	 5.93446139E-06 
4.770400 	 0 	 1.09995087E-04 	 6.17078978E-06 
4.781500 	 0 	 1.43885317E-04 	 7.96927916E-06 
4.786500 	 0 	 2.16572303E-04 	 1.18602178E-05 
4.791700 	 0 	 4.81102245E-04 	 2.60300911E-05 
4.801600 	 0 	 6.36531450E-04 	 3.36258483E-05 
4.811400 	 0 	 4.98103980E-04 	 2.64024992E-05 
4.821500 	 0 	 2.56447733E-04 	 1.41548227E-05 
4.823700 	 0 	 1.14961951E-04 	 6.65477789E-06 
4.826800 	 0 	 7.54069822E-05 	 4.36943216E-06 
4.831600 	 0 	 3.79058770E-05 	 2.28123529E-06 
4.841400 	 0 	 2.34994087E-05 	 1.42264877E-06 
4.861500 	 0 	 1.83972349E-05 	 1.17591514E-06 
4.877800 	 0 	 1.87682826E-05 	 1.25492757E-06 
4.901400 	 0 	 2.18391585E-05 	 1.33643824E-06 
4.911400 	 0 	 3.04295438E-05 	 1.91359807E-06 
4.921600 	 0 	 4.63981483E-05 	 2.68382189E-06 
4.931500 	 0 	 5.51960029E-05 	 3.21400713E-06 
4.937700 	 0 	 5.99940813E-05 	 3.24706181E-06 
4.941700 	 0 	 6.56791528E-05 	 3.68870134E-06 
4.948400 	 0 	 6.53046335E-05 	 3.54707050E-06 
4.958200 	 0 	 6.78058369E-05 	 3.65342897E-06 
4.961800 	 0 	 7.26541707E-05 	 4.05615040E-06 
4.968300 	 0 	 6.78229469E-05 	 3.69473818E-06 
4.973400 	 0 	 7.62892639E-05 	 4.10751964E-06 
4.976200 	 0 	 7.85629123E-05 	 4.24078131E-06 
4.979400 	 0 	 8.50326475E-05 	 4.59870751E-06 
4.981500 	 0 	 8.91506234E-05 	 4.94612591E-06 
4.984300 	 0 	 8.65642832E-05 	 4.58088289E-06 
4.986100 	 0 	 8.18682037E-05 	 4.44822832E-06 
4.996200 	 0 	 6.84745327E-05 	 3.71690561E-06 
5.001600 	 0 	 7.18361136E-05 	 4.05439117E-06 
5.006200 	 0 	 5.63783298E-05 	 3.08338403E-06 
5.016100 	 0 	 4.08534286E-05 	 2.25997296E-06 
5.021500 	 0 	 4.69291374E-05 	 2.78657106E-06 
5.026300 	 0 	 6.29727946E-05 	 3.46187285E-06 
5.029200 	 0 	 8.17978626E-05 	 4.42664417E-06 
5.029400 	 0 	 7.18588443E-05 	 3.91571823E-06 
5.031300 	 0 	 1.23207821E-04 	 6.64368585E-06 
5.036300 	 0 	 2.15687872E-04 	 1.16758442E-05 
5.039300 	 0 	 2.34516329E-04 	 1.28479776E-05 
5.041600 	 0 	 2.83434444E-04 	 1.55660626E-05 
5.044300 	 0 	 3.00619678E-04 	 1.61371968E-05 
5.047400 	 0 	 3.35258782E-04 	 1.78144136E-05 
5.050200 	 0 	 3.48633524E-04 	 1.85439333E-05 
5.053500 	 0 	 3.55997444E-04 	 1.91067039E-05 
5.056300 	 0 	 3.11614723E-04 	 1.67451693E-05 
5.061500 	 0 	 2.74961266E-04 	 1.48950737E-05 
5.066300 	 0 	 1.81031410E-04 	 9.82924551E-06 
5.076400 	 0 	 1.20697526E-04 	 6.69664288E-06 
5.081400 	 0 	 1.10273641E-04 	 6.36153150E-06 
5.086000 	 0 	 8.14764918E-05 	 4.56454485E-06 
5.095700 	 0 	 7.44646915E-05 	 4.30129022E-06 
5.101500 	 0 	 8.29215856E-05 	 4.77895659E-06 
5.105200 	 0 	 2.82081347E-04 	 1.55036832E-05 
5.108300 	 0 	 5.95295485E-04 	 3.08117993E-05 
5.110400 	 0 	 6.54158073E-04 	 3.41593375E-05 
5.111500 	 0 	 6.73885839E-04 	 3.54368134E-05 
5.111900 	 0 	 6.67076549E-04 	 3.50585649E-05 
5.112200 	 0 	 6.47964578E-04 	 3.40955647E-05 
5.114400 	 0 	 8.14675648E-04 	 4.26529497E-05 
5.116400 	 0 	 8.40672128E-04 	 4.38212569E-05 
5.118400 	 0 	 8.44738856E-04 	 4.41768080E-05 
5.120300 	 0 	 9.01697852E-04 	 4.68612481E-05 
5.121500 	 0 	 9.15394131E-04 	 4.77235967E-05 
5.122300 	 0 	 8.62229095E-04 	 4.49955018E-05 
5.125300 	 0 	 8.35092775E-04 	 4.34216442E-05 
5.130300 	 0 	 7.07707464E-04 	 3.66571283E-05 
5.135300 	 0 	 5.12105264E-04 	 2.71617712E-05 
5.140000 	 0 	 3.66940415E-04 	 1.93231472E-05 
5.141400 	 0 	 4.24282113E-04 	 2.25504721E-05 
5.145300 	 0 	 3.00210525E-04 	 1.58707343E-05 
5.150400 	 0 	 2.97307608E-04 	 1.57827272E-05 
5.153200 	 0 	 2.86326615E-04 	 1.51545617E-05 
5.156200 	 0 	 2.55606284E-04 	 1.36057970E-05 
5.159500 	 0 	 2.38203661E-04 	 1.28147949E-05 
5.161500 	 0 	 2.48283693E-04 	 1.35157460E-05 
5.162500 	 0 	 2.28845226E-04 	 1.21186818E-05 
5.168500 	 0 	 1.87595209E-04 	 9.99227915E-06 
5.170900 	 0 	 1.73799742E-04 	 9.21046037E-06 
5.181500 	 0 	 1.12389662E-04 	 6.38330902E-06 
5.201300 	 0 	 8.64097145E-05 	 4.74773115E-06 
5.221500 	 0 	 9.61731691E-05 	 5.34724061E-06 
5.241500 	 0 	 1.17124260E-04 	 6.88392638E-06 
5.251000 	 0 	 1.55338283E-04 	 8.38972432E-06 
5.254600 	 0 	 1.72663207E-04 	 9.84516995E-06 
5.261600 	 0 	 2.42303453E-04 	 1.39426149E-05 
5.271400 	 0 	 3.55561014E-04 	 1.97941736E-05 
5.276500 	 0 	 4.27556160E-04 	 2.40517330E-05 
5.281500 	 0 	 5.21735640E-04 	 2.90298728E-05 
5.286500 	 0 	 6.96478500E-04 	 3.65427143E-05 
5.286500 	 0 	 7.53810279E-04 	 4.07924779E-05 
5.291300 	 0 	 1.04204131E-03 	 5.62304393E-05 
5.296500 	 0 	 1.39780566E-03 	 7.48796038E-05 
5.301700 	 0 	 1.85099792E-03 	 9.57410872E-05 
5.304400 	 0 	 2.10045699E-03 	 1.08575896E-04 
5.309200 	 0 	 2.11518649E-03 	 1.07867524E-04 
5.311200 	 0 	 1.95739412E-03 	 1.00448539E-04 
5.313900 	 0 	 1.94709504E-03 	 1.00147459E-04 
5.319700 	 0 	 1.69171772E-03 	 8.60459478E-05 
5.324400 	 0 	 1.64942209E-03 	 8.41194799E-05 
5.329000 	 0 	 1.42691749E-03 	 7.28742468E-05 
5.334300 	 0 	 1.13078196E-03 	 5.78870351E-05 
5.339200 	 0 	 9.37364383E-04 	 4.82775397E-05 
5.344400 	 0 	 6.50131847E-04 	 3.41349478E-05 
5.344400 	 0 	 7.08081901E-04 	 3.65941883E-05 
5.349000 	 0 	 4.78299343E-04 	 2.49178984E-05 
5.354200 	 0 	 2.53882883E-04 	 1.38263638E-05 
5.354400 	 0 	 2.74710815E-04 	 1.46648785E-05 
5.358400 	 0 	 1.87625792E-04 	 1.03005921E-05 
5.359800 	 0 	 2.00035100E-04 	 1.07407199E-05 
5.360100 	 0 	 1.68922148E-04 	 9.14586208E-06 
5.363600 	 0 	 3.02338119E-04 	 1.64062737E-05 
5.365100 	 0 	 2.49979816E-04 	 1.30333694E-05 
5.369400 	 0 	 3.74480394E-04 	 2.00955564E-05 
5.371300 	 0 	 3.52835810E-04 	 1.90159617E-05 
5.373400 	 0 	 3.40343845E-04 	 1.83418835E-05 
5.375400 	 0 	 3.52244812E-04 	 1.88997011E-05 
5.377500 	 0 	 3.21245926E-04 	 1.74705228E-05 
5.379500 	 0 	 3.00594881E-04 	 1.58081486E-05 
5.381200 	 0 	 3.09094508E-04 	 1.66594381E-05 
5.386300 	 0 	 1.93139846E-04 	 1.01854782E-05 
5.391600 	 0 	 8.00219751E-05 	 4.61068438E-06 
5.394400 	 0 	 4.35774754E-05 	 2.80966115E-06 
5.394800 	 0 	 7.47179528E-05 	 4.18500311E-06 
5.395400 	 0 	 4.27118904E-05 	 2.63064897E-06 
5.397500 	 0 	 3.34618189E-05 	 2.24028334E-06 
5.401400 	 0 	 2.47267837E-05 	 1.62670611E-06 
5.404600 	 0 	 2.86800240E-05 	 1.92839337E-06 
5.414900 	 0 	 2.78137778E-05 	 1.85530310E-06 
5.425600 	 0 	 2.95165963E-05 	 2.01288680E-06 
5.435900 	 0 	 3.24300932E-05 	 2.16060236E-06 
5.446900 	 0 	 3.79391878E-05 	 2.26678696E-06 
5.450800 	 0 	 4.17489354E-05 	 2.54014816E-06 
4.007500 	 15 	 8.58466514E-06 	 6.68073793E-07 
4.012500 	 15 	 1.28937087E-05 	 9.73585714E-07 
4.014400 	 15 	 1.74754539E-05 	 1.19188197E-06 
4.018500 	 15 	 2.24137831E-05 	 1.44120388E-06 
4.020600 	 15 	 2.30246336E-05 	 1.57273520E-06 
4.021500 	 15 	 2.48335700E-05 	 1.66538278E-06 
4.026600 	 15 	 2.68844141E-05 	 1.64515587E-06 
4.030600 	 15 	 2.69326152E-05 	 1.61638161E-06 
4.031400 	 15 	 2.31865258E-05 	 1.55102869E-06 
4.036500 	 15 	 2.30346837E-05 	 1.53104780E-06 
4.041500 	 15 	 2.04556621E-05 	 1.32368418E-06 
4.046600 	 15 	 1.50188734E-05 	 1.03831181E-06 
4.281500 	 15 	 9.72570874E-06 	 8.03513893E-07 
4.301600 	 15 	 1.38393381E-05 	 1.03355669E-06 
4.302600 	 15 	 1.98813558E-05 	 1.47580367E-06 
4.304700 	 15 	 2.38972526E-05 	 1.65963423E-06 
4.305700 	 15 	 2.59985090E-05 	 1.77729854E-06 
4.306600 	 15 	 3.53997442E-05 	 2.27414638E-06 
4.307700 	 15 	 3.98501590E-05 	 2.59064512E-06 
4.308700 	 15 	 6.03831216E-05 	 3.71391601E-06 
4.309600 	 15 	 1.90857291E-04 	 1.11170575E-05 
4.310600 	 15 	 2.90813305E-04 	 1.68241848E-05 
4.312600 	 15 	 4.15105063E-04 	 2.38087008E-05 
4.314600 	 15 	 4.28916158E-04 	 2.40569698E-05 
4.316700 	 15 	 3.90592647E-04 	 2.23356634E-05 
4.318700 	 15 	 3.77538798E-04 	 2.19815135E-05 
4.320800 	 15 	 3.73324702E-04 	 2.17295677E-05 
4.321500 	 15 	 3.79997459E-04 	 2.17137337E-05 
4.322700 	 15 	 3.60690243E-04 	 2.07686029E-05 
4.324600 	 15 	 3.76001397E-04 	 2.16013026E-05 
4.326600 	 15 	 3.82538930E-04 	 2.20813370E-05 
4.328700 	 15 	 3.65252921E-04 	 2.08237585E-05 
4.330700 	 15 	 3.56409024E-04 	 2.07383598E-05 
4.332700 	 15 	 3.27856616E-04 	 1.88623540E-05 
4.334500 	 15 	 3.01037624E-04 	 1.72690733E-05 
4.336700 	 15 	 2.44802466E-04 	 1.39716697E-05 
4.338600 	 15 	 1.90081811E-04 	 1.08538871E-05 
4.340600 	 15 	 1.36817485E-04 	 7.81959659E-06 
4.341600 	 15 	 1.86176036E-04 	 1.07997034E-05 
4.342700 	 15 	 9.35525002E-05 	 5.52729846E-06 
4.344700 	 15 	 6.11240562E-05 	 3.65470461E-06 
4.346700 	 15 	 4.76371554E-05 	 2.87858960E-06 
4.351500 	 15 	 2.57613050E-05 	 1.75965358E-06 
4.356400 	 15 	 2.07729237E-05 	 1.51916506E-06 
4.361500 	 15 	 2.01591609E-05 	 1.39656323E-06 
4.381600 	 15 	 2.12396437E-05 	 1.43223072E-06 
4.401600 	 15 	 2.71145897E-05 	 1.76505144E-06 
4.421500 	 15 	 3.51566088E-05 	 2.21175240E-06 
4.431700 	 15 	 5.08156084E-05 	 3.10335519E-06 
4.441700 	 15 	 6.56391070E-05 	 3.83706776E-06 
4.451500 	 15 	 1.17337151E-04 	 7.14166025E-06 
4.461400 	 15 	 1.82662882E-04 	 1.07729490E-05 
4.466500 	 15 	 4.30830279E-04 	 2.58467092E-05 
4.471600 	 15 	 6.42637427E-04 	 3.74949410E-05 
4.481500 	 15 	 6.57581749E-04 	 3.75653486E-05 
4.489500 	 15 	 4.95050876E-04 	 2.90996755E-05 
4.497600 	 15 	 2.37915984E-04 	 1.41874243E-05 
4.499700 	 15 	 1.73824981E-04 	 1.05153906E-05 
4.501600 	 15 	 2.25341640E-04 	 1.32808690E-05 
4.503700 	 15 	 9.30683956E-05 	 5.73376556E-06 
4.506500 	 15 	 6.52159357E-05 	 3.94181242E-06 
4.511500 	 15 	 3.99147915E-05 	 2.54655554E-06 
4.521700 	 15 	 3.14311640E-05 	 2.04350737E-06 
4.523700 	 15 	 8.21137194E-05 	 5.00115767E-06 
4.526600 	 15 	 2.31298706E-04 	 1.36134190E-05 
4.531600 	 15 	 4.02277396E-04 	 2.29656674E-05 
4.536700 	 15 	 6.87213366E-04 	 3.94810396E-05 
4.540900 	 15 	 7.16363147E-04 	 3.95248982E-05 
4.546600 	 15 	 1.21591024E-03 	 6.78163976E-05 
4.551700 	 15 	 1.30498878E-03 	 7.48154407E-05 
4.561300 	 15 	 1.59190251E-03 	 8.31785094E-05 
4.571700 	 15 	 2.17777481E-03 	 1.16840602E-04 
4.581600 	 15 	 1.96821801E-03 	 1.06570720E-04 
4.591500 	 15 	 1.00311686E-03 	 5.79598797E-05 
4.601600 	 15 	 5.48717229E-04 	 3.13613648E-05 
4.611800 	 15 	 5.08467587E-04 	 2.92557198E-05 
4.621500 	 15 	 1.23109317E-03 	 6.75600634E-05 
4.631700 	 15 	 1.39866746E-03 	 7.87073400E-05 
4.641400 	 15 	 1.11620119E-03 	 6.10843429E-05 
4.646700 	 15 	 5.29198894E-04 	 3.02655233E-05 
4.651500 	 15 	 3.05169202E-04 	 1.79084385E-05 
4.661500 	 15 	 2.34050622E-04 	 1.39538587E-05 
4.681600 	 15 	 1.31801481E-04 	 7.88502206E-06 
4.691700 	 15 	 6.40830270E-05 	 4.19719604E-06 
4.701400 	 15 	 5.06645587E-05 	 3.32323122E-06 
4.721500 	 15 	 4.28953592E-05 	 2.63849717E-06 
4.741500 	 15 	 4.02662634E-05 	 2.64912576E-06 
4.761500 	 15 	 5.13751203E-05 	 3.40547571E-06 
4.766700 	 15 	 9.21806791E-05 	 6.07216563E-06 
4.770400 	 15 	 1.05455328E-04 	 6.75300259E-06 
4.781500 	 15 	 1.33743890E-04 	 8.25936446E-06 
4.786500 	 15 	 2.01213838E-04 	 1.20523466E-05 
4.791700 	 15 	 4.33097314E-04 	 2.54256730E-05 
4.801600 	 15 	 5.54535092E-04 	 3.12890694E-05 
4.811400 	 15 	 4.49712708E-04 	 2.54203834E-05 
4.821500 	 15 	 2.23778097E-04 	 1.38421701E-05 
4.823700 	 15 	 1.12302141E-04 	 7.42624020E-06 
4.826800 	 15 	 6.85315460E-05 	 4.61243647E-06 
4.831600 	 15 	 3.68229360E-05 	 2.64460527E-06 
4.841400 	 15 	 2.14722733E-05 	 1.60432393E-06 
4.861500 	 15 	 1.49624234E-05 	 1.24613773E-06 
4.877800 	 15 	 1.61364336E-05 	 1.40850271E-06 
4.901400 	 15 	 1.88062125E-05 	 1.41529579E-06 
4.911400 	 15 	 2.88610574E-05 	 2.29332700E-06 
4.921600 	 15 	 4.21893530E-05 	 2.75543075E-06 
4.931500 	 15 	 5.10069489E-05 	 3.47630111E-06 
4.937700 	 15 	 5.47637622E-05 	 3.27540586E-06 
4.941700 	 15 	 5.74157857E-05 	 3.69439605E-06 
4.948400 	 15 	 5.59844029E-05 	 3.35427883E-06 
4.958200 	 15 	 5.52742528E-05 	 3.32820269E-06 
4.961800 	 15 	 5.77627885E-05 	 3.73220336E-06 
4.968300 	 15 	 6.83342819E-05 	 4.00170153E-06 
4.973400 	 15 	 6.76458645E-05 	 3.97863173E-06 
4.976200 	 15 	 7.25842302E-05 	 4.25900236E-06 
4.979400 	 15 	 7.43184017E-05 	 4.40160843E-06 
4.981500 	 15 	 7.28952508E-05 	 4.62789427E-06 
4.984300 	 15 	 7.50677483E-05 	 4.26555625E-06 
4.986100 	 15 	 7.30191471E-05 	 4.34751927E-06 
4.996200 	 15 	 6.44899978E-05 	 3.81123340E-06 
5.001600 	 15 	 5.91349486E-05 	 3.83682321E-06 
5.006200 	 15 	 4.67315758E-05 	 2.88919307E-06 
5.016100 	 15 	 3.87500254E-05 	 2.38592471E-06 
5.021500 	 15 	 4.08021458E-05 	 2.92685555E-06 
5.026300 	 15 	 5.38534995E-05 	 3.33233972E-06 
5.029200 	 15 	 7.34384210E-05 	 4.36019901E-06 
5.029400 	 15 	 7.16753858E-05 	 4.24033547E-06 
5.031300 	 15 	 1.22522576E-04 	 7.07864653E-06 
5.036300 	 15 	 2.12515059E-04 	 1.24392162E-05 
5.039300 	 15 	 2.37415058E-04 	 1.41140639E-05 
5.041600 	 15 	 2.34083529E-04 	 1.44591075E-05 
5.044300 	 15 	 2.92632382E-04 	 1.67624052E-05 
5.047400 	 15 	 3.23162146E-04 	 1.83097688E-05 
5.050200 	 15 	 3.49262156E-04 	 1.96558146E-05 
5.053500 	 15 	 3.42935733E-04 	 1.97112702E-05 
5.056300 	 15 	 3.13831636E-04 	 1.79202244E-05 
5.061500 	 15 	 2.45255748E-04 	 1.45347042E-05 
5.066300 	 15 	 1.85537702E-04 	 1.08225215E-05 
5.076400 	 15 	 1.21045418E-04 	 7.42890704E-06 
5.081400 	 15 	 9.71347407E-05 	 6.48151485E-06 
5.086000 	 15 	 7.98678669E-05 	 4.97272447E-06 
5.095700 	 15 	 6.61259602E-05 	 4.48778458E-06 
5.101500 	 15 	 7.39659507E-05 	 5.08741794E-06 
5.105200 	 15 	 2.92265248E-04 	 1.74129602E-05 
5.108300 	 15 	 5.31166044E-04 	 2.87369678E-05 
5.110400 	 15 	 6.01015967E-04 	 3.30747831E-05 
5.111500 	 15 	 6.27640218E-04 	 3.49461356E-05 
5.111900 	 15 	 6.14200953E-04 	 3.41390096E-05 
5.112200 	 15 	 6.06893409E-04 	 3.37917117E-05 
5.114400 	 15 	 7.48839146E-04 	 4.13419555E-05 
5.116400 	 15 	 7.66827647E-04 	 4.19880426E-05 
5.118400 	 15 	 7.61602637E-04 	 4.20423108E-05 
5.120300 	 15 	 8.00350032E-04 	 4.36680444E-05 
5.121500 	 15 	 7.77624527E-04 	 4.28102316E-05 
5.122300 	 15 	 7.79468211E-04 	 4.28307916E-05 
5.125300 	 15 	 7.66708943E-04 	 4.17195976E-05 
5.130300 	 15 	 6.48051928E-04 	 3.49233415E-05 
5.135300 	 15 	 4.64005640E-04 	 2.62052544E-05 
5.140000 	 15 	 3.41525387E-04 	 1.89796575E-05 
5.141400 	 15 	 3.53078361E-04 	 2.03589571E-05 
5.145300 	 15 	 2.84216803E-04 	 1.58895472E-05 
5.150400 	 15 	 2.80906271E-04 	 1.58467209E-05 
5.153200 	 15 	 2.75929345E-04 	 1.53914154E-05 
5.156200 	 15 	 2.48027703E-04 	 1.39792196E-05 
5.159500 	 15 	 2.22226883E-04 	 1.28413035E-05 
5.161500 	 15 	 2.10351955E-04 	 1.27052121E-05 
5.162500 	 15 	 2.06126596E-04 	 1.16618524E-05 
5.168500 	 15 	 1.71824088E-04 	 9.86691156E-06 
5.170900 	 15 	 1.59973922E-04 	 9.05289107E-06 
5.181500 	 15 	 1.03370332E-04 	 6.61466699E-06 
5.201300 	 15 	 7.11964121E-05 	 4.48775051E-06 
5.221500 	 15 	 7.89884846E-05 	 5.14728281E-06 
5.241500 	 15 	 1.04561556E-04 	 7.33481351E-06 
5.251000 	 15 	 1.39981745E-04 	 8.47392123E-06 
5.254600 	 15 	 1.45798700E-04 	 1.00815115E-05 
5.261600 	 15 	 2.08135480E-04 	 1.46899436E-05 
5.271400 	 15 	 3.13250412E-04 	 2.01977061E-05 
5.276500 	 15 	 3.58620217E-04 	 2.39645583E-05 
5.281500 	 15 	 4.67211974E-04 	 2.95677720E-05 
5.286500 	 15 	 6.50343398E-04 	 3.63313769E-05 
5.286500 	 15 	 6.79481903E-04 	 4.04827336E-05 
5.291300 	 15 	 9.57973585E-04 	 5.66393225E-05 
5.296500 	 15 	 1.14930013E-03 	 6.80914950E-05 
5.301700 	 15 	 1.53060461E-03 	 8.35125090E-05 
5.304400 	 15 	 1.96368382E-03 	 1.05660733E-04 
5.309200 	 15 	 1.75203604E-03 	 9.22271817E-05 
5.311200 	 15 	 1.82992835E-03 	 9.71093963E-05 
5.313900 	 15 	 1.61793465E-03 	 8.69295560E-05 
5.319700 	 15 	 1.44433708E-03 	 7.53309849E-05 
5.324400 	 15 	 1.35617875E-03 	 7.13128171E-05 
5.329000 	 15 	 1.17390637E-03 	 6.18655704E-05 
5.334300 	 15 	 9.41314123E-04 	 4.98428092E-05 
5.339200 	 15 	 7.83376214E-04 	 4.19864686E-05 
5.344400 	 15 	 6.12089932E-04 	 3.37688503E-05 
5.344400 	 15 	 6.03510261E-04 	 3.25281993E-05 
5.349000 	 15 	 3.99611258E-04 	 2.19882299E-05 
5.354200 	 15 	 2.56626292E-04 	 1.50111025E-05 
5.354400 	 15 	 2.46203699E-04 	 1.41251388E-05 
5.358400 	 15 	 1.78857258E-04 	 1.07846118E-05 
5.359800 	 15 	 1.74430095E-04 	 1.01671279E-05 
5.360100 	 15 	 1.70103709E-04 	 9.89974618E-06 
5.363600 	 15 	 2.77192109E-04 	 1.63822657E-05 
5.365100 	 15 	 2.14372138E-04 	 1.17944906E-05 
5.369400 	 15 	 3.45984543E-04 	 2.00817819E-05 
5.371300 	 15 	 3.25110035E-04 	 1.88838346E-05 
5.373400 	 15 	 3.16194907E-04 	 1.84421199E-05 
5.375400 	 15 	 3.04763960E-04 	 1.78779219E-05 
5.377500 	 15 	 3.07126860E-04 	 1.81154246E-05 
5.379500 	 15 	 2.86361682E-04 	 1.58776149E-05 
5.381200 	 15 	 2.93210254E-04 	 1.70861073E-05 
5.386300 	 15 	 1.71966658E-04 	 9.69174545E-06 
5.391600 	 15 	 7.42051796E-05 	 4.96920749E-06 
5.394400 	 15 	 4.71713541E-05 	 3.57181034E-06 
5.394800 	 15 	 6.71901383E-05 	 4.28056303E-06 
5.395400 	 15 	 4.01972882E-05 	 3.01302294E-06 
5.397500 	 15 	 3.16499429E-05 	 2.58498678E-06 
5.401400 	 15 	 2.66965696E-05 	 2.12429635E-06 
5.404600 	 15 	 2.07618186E-05 	 1.99650789E-06 
5.414900 	 15 	 2.20536464E-05 	 2.12168800E-06 
5.425600 	 15 	 2.63379987E-05 	 2.32948400E-06 
5.435900 	 15 	 2.92822084E-05 	 2.51680952E-06 
5.446900 	 15 	 3.30315413E-05 	 2.39654751E-06 
5.450800 	 15 	 3.89653514E-05 	 2.88644776E-06 
4.007500 	 30 	 1.00699133E-05 	 7.14125888E-07 
4.012500 	 30 	 1.48624242E-05 	 1.07976596E-06 
4.014400 	 30 	 1.63540159E-05 	 1.16428521E-06 
4.018500 	 30 	 2.34440187E-05 	 1.49794103E-06 
4.020600 	 30 	 2.32730692E-05 	 1.59550277E-06 
4.021500 	 30 	 2.52695820E-05 	 1.66842317E-06 
4.026600 	 30 	 2.86426912E-05 	 1.74498925E-06 
4.030600 	 30 	 2.71535339E-05 	 1.62543381E-06 
4.031400 	 30 	 2.58281631E-05 	 1.66351642E-06 
4.036500 	 30 	 2.56814643E-05 	 1.65240036E-06 
4.041500 	 30 	 2.01564766E-05 	 1.29610882E-06 
4.046600 	 30 	 1.60482969E-05 	 1.08064285E-06 
4.281500 	 30 	 9.27365585E-06 	 7.49393860E-07 
4.301600 	 30 	 1.36566982E-05 	 1.04913281E-06 
4.302600 	 30 	 2.16342607E-05 	 1.53075812E-06 
4.304700 	 30 	 2.64407818E-05 	 1.79389488E-06 
4.305700 	 30 	 2.88797775E-05 	 1.96312226E-06 
4.306600 	 30 	 3.36756952E-05 	 2.21146324E-06 
4.307700 	 30 	 4.14082933E-05 	 2.66191108E-06 
4.308700 	 30 	 5.75408075E-05 	 3.58824941E-06 
4.309600 	 30 	 1.76041091E-04 	 1.04724781E-05 
4.310600 	 30 	 2.81014843E-04 	 1.64700811E-05 
4.312600 	 30 	 4.30643775E-04 	 2.47002758E-05 
4.314600 	 30 	 4.29288280E-04 	 2.42378375E-05 
4.316700 	 30 	 3.85648431E-04 	 2.21918604E-05 
4.318700 	 30 	 3.69701387E-04 	 2.16526643E-05 
4.320800 	 30 	 3.69428214E-04 	 2.17019425E-05 
4.321500 	 30 	 3.77606119E-04 	 2.17492300E-05 
4.322700 	 30 	 3.67365407E-04 	 2.12032588E-05 
4.324600 	 30 	 3.69561233E-04 	 2.13435909E-05 
4.326600 	 30 	 3.60781537E-04 	 2.11722053E-05 
4.328700 	 30 	 3.50224091E-04 	 2.01803725E-05 
4.330700 	 30 	 3.44048313E-04 	 2.02246605E-05 
4.332700 	 30 	 3.25620559E-04 	 1.88761351E-05 
4.334500 	 30 	 2.90941561E-04 	 1.68768076E-05 
4.336700 	 30 	 2.40601575E-04 	 1.38548340E-05 
4.338600 	 30 	 1.89489256E-04 	 1.08726929E-05 
4.340600 	 30 	 1.24350009E-04 	 7.24774846E-06 
4.341600 	 30 	 1.81823780E-04 	 1.06214862E-05 
4.342700 	 30 	 9.19863942E-05 	 5.46263177E-06 
4.344700 	 30 	 5.76134236E-05 	 3.52009565E-06 
4.346700 	 30 	 4.39439762E-05 	 2.70735848E-06 
4.351500 	 30 	 2.61803967E-05 	 1.78515946E-06 
4.356400 	 30 	 2.15031358E-05 	 1.55341223E-06 
4.361500 	 30 	 2.04032844E-05 	 1.46426065E-06 
4.381600 	 30 	 2.12115913E-05 	 1.43527390E-06 
4.401600 	 30 	 2.70514819E-05 	 1.74546960E-06 
4.421500 	 30 	 3.58877754E-05 	 2.24204445E-06 
4.431700 	 30 	 5.68096370E-05 	 3.40714770E-06 
4.441700 	 30 	 6.82605619E-05 	 3.97344635E-06 
4.451500 	 30 	 1.26306649E-04 	 7.61035529E-06 
4.461400 	 30 	 1.94534108E-04 	 1.13583643E-05 
4.466500 	 30 	 4.55353866E-04 	 2.70922020E-05 
4.471600 	 30 	 6.85356825E-04 	 3.97187392E-05 
4.481500 	 30 	 7.04666367E-04 	 3.99976040E-05 
4.489500 	 30 	 5.25137117E-04 	 3.05663000E-05 
4.497600 	 30 	 2.52984183E-04 	 1.49363190E-05 
4.499700 	 30 	 1.91867682E-04 	 1.14262325E-05 
4.501600 	 30 	 2.42591793E-04 	 1.41521544E-05 
4.503700 	 30 	 9.47042383E-05 	 5.83958244E-06 
4.506500 	 30 	 6.70457001E-05 	 4.02985348E-06 
4.511500 	 30 	 4.13593275E-05 	 2.65948076E-06 
4.521700 	 30 	 2.98435872E-05 	 1.94929913E-06 
4.523700 	 30 	 7.71854127E-05 	 4.76768449E-06 
4.526600 	 30 	 2.23766751E-04 	 1.32934039E-05 
4.531600 	 30 	 3.90001018E-04 	 2.23768664E-05 
4.536700 	 30 	 6.93844063E-04 	 3.98212526E-05 
4.540900 	 30 	 7.10679874E-04 	 3.93027079E-05 
4.546600 	 30 	 1.22018742E-03 	 6.81168598E-05 
4.551700 	 30 	 1.30874705E-03 	 7.52630376E-05 
4.561300 	 30 	 1.61389697E-03 	 8.43681085E-05 
4.571700 	 30 	 2.32107572E-03 	 1.24030324E-04 
4.581600 	 30 	 2.08299950E-03 	 1.12323460E-04 
4.591500 	 30 	 1.07252081E-03 	 6.13978317E-05 
4.601600 	 30 	 5.78119333E-04 	 3.29253400E-05 
4.611800 	 30 	 5.17833264E-04 	 2.99433983E-05 
4.621500 	 30 	 1.24625997E-03 	 6.87684971E-05 
4.631700 	 30 	 1.42407171E-03 	 8.03963572E-05 
4.641400 	 30 	 1.02102746E-03 	 5.66346435E-05 
4.646700 	 30 	 5.38372740E-04 	 3.09274282E-05 
4.651500 	 30 	 3.11719463E-04 	 1.84093453E-05 
4.661500 	 30 	 2.45677958E-04 	 1.46271410E-05 
4.681600 	 30 	 1.26783795E-04 	 7.82133199E-06 
4.691700 	 30 	 6.78612524E-05 	 4.45311951E-06 
4.701400 	 30 	 4.96886809E-05 	 3.33397142E-06 
4.721500 	 30 	 4.13838543E-05 	 2.59698942E-06 
4.741500 	 30 	 4.21708672E-05 	 2.80890555E-06 
4.761500 	 30 	 5.22931252E-05 	 3.60651508E-06 
4.766700 	 30 	 9.74086948E-05 	 6.57953372E-06 
4.770400 	 30 	 1.05568346E-04 	 7.02882242E-06 
4.781500 	 30 	 1.29894373E-04 	 8.36707125E-06 
4.786500 	 30 	 2.01012728E-04 	 1.21948452E-05 
4.791700 	 30 	 4.37344693E-04 	 2.57433649E-05 
4.801600 	 30 	 5.51972557E-04 	 3.12352942E-05 
4.811400 	 30 	 4.56739722E-04 	 2.57889282E-05 
4.821500 	 30 	 2.16071341E-04 	 1.35129378E-05 
4.823700 	 30 	 1.05463723E-04 	 6.99700771E-06 
4.826800 	 30 	 6.73817042E-05 	 4.58698155E-06 
4.831600 	 30 	 3.75791440E-05 	 2.65212308E-06 
4.841400 	 30 	 2.14048749E-05 	 1.54155012E-06 
4.861500 	 30 	 1.61762465E-05 	 1.29857626E-06 
4.877800 	 30 	 1.39904392E-05 	 1.29601714E-06 
4.901400 	 30 	 1.70696770E-05 	 1.25057166E-06 
4.911400 	 30 	 3.28503893E-05 	 2.41635533E-06 
4.921600 	 30 	 4.16534817E-05 	 2.75899541E-06 
4.931500 	 30 	 5.63589091E-05 	 3.74087564E-06 
4.937700 	 30 	 5.71183041E-05 	 3.38903812E-06 
4.941700 	 30 	 5.74502024E-05 	 3.70391251E-06 
4.948400 	 30 	 5.53075156E-05 	 3.31104635E-06 
4.958200 	 30 	 5.75621746E-05 	 3.45814587E-06 
4.961800 	 30 	 6.36502817E-05 	 4.03714891E-06 
4.968300 	 30 	 6.12902820E-05 	 3.71219414E-06 
4.973400 	 30 	 6.96779216E-05 	 4.11183920E-06 
4.976200 	 30 	 7.34961305E-05 	 4.34256678E-06 
4.979400 	 30 	 7.19605619E-05 	 4.34092669E-06 
4.981500 	 30 	 7.72412217E-05 	 4.84629139E-06 
4.984300 	 30 	 7.37345305E-05 	 4.22464228E-06 
4.986100 	 30 	 7.96250977E-05 	 4.72197435E-06 
4.996200 	 30 	 5.87468555E-05 	 3.56420650E-06 
5.001600 	 30 	 6.19814214E-05 	 4.01500901E-06 
5.006200 	 30 	 4.91015952E-05 	 3.02867893E-06 
5.016100 	 30 	 3.89287596E-05 	 2.41536904E-06 
5.021500 	 30 	 4.23750401E-05 	 3.01682428E-06 
5.026300 	 30 	 5.32751420E-05 	 3.29759221E-06 
5.029200 	 30 	 7.22515434E-05 	 4.33510444E-06 
5.029400 	 30 	 6.92822967E-05 	 4.16657603E-06 
5.031300 	 30 	 1.13942256E-04 	 6.71010825E-06 
5.036300 	 30 	 2.15039637E-04 	 1.26708222E-05 
5.039300 	 30 	 2.29500937E-04 	 1.37740065E-05 
5.041600 	 30 	 2.40413073E-04 	 1.48134207E-05 
5.044300 	 30 	 2.76320751E-04 	 1.60626873E-05 
5.047400 	 30 	 3.14462892E-04 	 1.79667431E-05 
5.050200 	 30 	 3.39380335E-04 	 1.92109019E-05 
5.053500 	 30 	 3.27346658E-04 	 1.90218240E-05 
5.056300 	 30 	 2.98044909E-04 	 1.71718277E-05 
5.061500 	 30 	 2.44466012E-04 	 1.45734493E-05 
5.066300 	 30 	 1.74229646E-04 	 1.02955050E-05 
5.076400 	 30 	 1.13770732E-04 	 7.11384711E-06 
5.081400 	 30 	 9.20925050E-05 	 6.25397014E-06 
5.086000 	 30 	 8.15413008E-05 	 5.19467330E-06 
5.095700 	 30 	 6.43307461E-05 	 4.44610746E-06 
5.101500 	 30 	 7.00260294E-05 	 4.93915429E-06 
5.105200 	 30 	 2.87138684E-04 	 1.73939130E-05 
5.108300 	 30 	 5.21157777E-04 	 2.84032453E-05 
5.110400 	 30 	 5.83922045E-04 	 3.24449285E-05 
5.111500 	 30 	 6.01517359E-04 	 3.38733287E-05 
5.111900 	 30 	 5.88213216E-04 	 3.31209462E-05 
5.112200 	 30 	 5.84441574E-04 	 3.28701291E-05 
5.114400 	 30 	 7.28491454E-04 	 4.04248668E-05 
5.116400 	 30 	 7.62517960E-04 	 4.19470837E-05 
5.118400 	 30 	 7.62907867E-04 	 4.22003444E-05 
5.120300 	 30 	 7.73004888E-04 	 4.23549767E-05 
5.121500 	 30 	 7.86023027E-04 	 4.33438160E-05 
5.122300 	 30 	 7.68777432E-04 	 4.24188445E-05 
5.125300 	 30 	 7.38251552E-04 	 4.04233033E-05 
5.130300 	 30 	 6.25871700E-04 	 3.39017812E-05 
5.135300 	 30 	 4.71715226E-04 	 2.66036812E-05 
5.140000 	 30 	 3.35989727E-04 	 1.87298358E-05 
5.141400 	 30 	 3.57333532E-04 	 2.05671580E-05 
5.145300 	 30 	 2.78157561E-04 	 1.55952786E-05 
5.150400 	 30 	 2.69527883E-04 	 1.53312936E-05 
5.153200 	 30 	 2.65168122E-04 	 1.49352248E-05 
5.156200 	 30 	 2.36969004E-04 	 1.35142439E-05 
5.159500 	 30 	 2.21178047E-04 	 1.28590627E-05 
5.161500 	 30 	 2.13107490E-04 	 1.29286502E-05 
5.162500 	 30 	 2.05946347E-04 	 1.17639394E-05 
5.168500 	 30 	 1.66713768E-04 	 9.68456767E-06 
5.170900 	 30 	 1.50437487E-04 	 8.66309948E-06 
5.181500 	 30 	 9.63982839E-05 	 6.40402709E-06 
5.201300 	 30 	 7.29225906E-05 	 4.64963358E-06 
5.221500 	 30 	 8.24805181E-05 	 5.47952657E-06 
5.241500 	 30 	 1.07505006E-04 	 7.81067807E-06 
5.251000 	 30 	 1.41967383E-04 	 8.93057203E-06 
5.254600 	 30 	 1.56237455E-04 	 1.11364687E-05 
5.261600 	 30 	 2.08137912E-04 	 1.57543662E-05 
5.271400 	 30 	 3.13194678E-04 	 2.11175860E-05 
5.276500 	 30 	 3.63531729E-04 	 2.56769961E-05 
5.281500 	 30 	 4.60574603E-04 	 3.05448482E-05 
5.286500 	 30 	 6.27300785E-04 	 3.58132374E-05 
5.286500 	 30 	 6.01468817E-04 	 3.80838196E-05 
5.291300 	 30 	 9.03457946E-04 	 5.51963180E-05 
5.296500 	 30 	 1.14892448E-03 	 6.93744246E-05 
5.301700 	 30 	 1.48704716E-03 	 8.21685475E-05 
5.304400 	 30 	 1.83062427E-03 	 9.96734208E-05 
5.309200 	 30 	 1.76397109E-03 	 9.31424459E-05 
5.311200 	 30 	 1.74870844E-03 	 9.35848655E-05 
5.313900 	 30 	 1.63585168E-03 	 8.83044535E-05 
5.319700 	 30 	 1.41679065E-03 	 7.41946161E-05 
5.324400 	 30 	 1.35532257E-03 	 7.14620870E-05 
5.329000 	 30 	 1.16302461E-03 	 6.14096636E-05 
5.334300 	 30 	 9.29749965E-04 	 4.93397570E-05 
5.339200 	 30 	 7.64471379E-04 	 4.11281632E-05 
5.344400 	 30 	 5.94803258E-04 	 3.29156705E-05 
5.344400 	 30 	 5.98356848E-04 	 3.22855560E-05 
5.349000 	 30 	 3.85510332E-04 	 2.12661055E-05 
5.354200 	 30 	 2.46362330E-04 	 1.43914658E-05 
5.354400 	 30 	 2.41375915E-04 	 1.37966943E-05 
5.358400 	 30 	 1.86243876E-04 	 1.10163047E-05 
5.359800 	 30 	 1.71293337E-04 	 9.94059404E-06 
5.360100 	 30 	 1.60396788E-04 	 9.34555200E-06 
5.363600 	 30 	 2.81565341E-04 	 1.64877934E-05 
5.365100 	 30 	 2.14150456E-04 	 1.17331945E-05 
5.369400 	 30 	 3.28577694E-04 	 1.92540002E-05 
5.371300 	 30 	 3.17868798E-04 	 1.85929677E-05 
5.373400 	 30 	 3.03739720E-04 	 1.79142545E-05 
5.375400 	 30 	 3.04614393E-04 	 1.78834538E-05 
5.377500 	 30 	 2.88627510E-04 	 1.73336125E-05 
5.379500 	 30 	 2.87572250E-04 	 1.59381281E-05 
5.381200 	 30 	 2.76073538E-04 	 1.62213941E-05 
5.386300 	 30 	 1.69334357E-04 	 9.55211030E-06 
5.391600 	 30 	 7.29447300E-05 	 4.96283274E-06 
5.394400 	 30 	 4.39823263E-05 	 3.38872417E-06 
5.394800 	 30 	 6.38912160E-05 	 4.07997760E-06 
5.395400 	 30 	 3.97087681E-05 	 2.95035653E-06 
5.397500 	 30 	 3.00155100E-05 	 2.45145951E-06 
5.401400 	 30 	 2.72527252E-05 	 2.17518682E-06 
5.404600 	 30 	 2.18091348E-05 	 2.18777401E-06 
5.414900 	 30 	 2.13944331E-05 	 1.99911155E-06 
5.425600 	 30 	 2.95041338E-05 	 2.51746128E-06 
5.435900 	 30 	 2.91922423E-05 	 2.48455873E-06 
5.446900 	 30 	 3.47883297E-05 	 2.47073769E-06 
5.450800 	 30 	 3.69041047E-05 	 2.74657684E-06 
4.007500 	 45 	 9.71575260E-06 	 7.09498984E-07 
4.012500 	 45 	 1.57113915E-05 	 1.08964178E-06 
4.014400 	 45 	 1.94691674E-05 	 1.27862423E-06 
4.018500 	 45 	 2.36245841E-05 	 1.51305353E-06 
4.020600 	 45 	 2.67776863E-05 	 1.75938603E-06 
4.021500 	 45 	 2.51184869E-05 	 1.68579513E-06 
4.026600 	 45 	 3.05679212E-05 	 1.84328813E-06 
4.030600 	 45 	 2.82933594E-05 	 1.67884859E-06 
4.031400 	 45 	 2.50813218E-05 	 1.62307771E-06 
4.036500 	 45 	 2.63439823E-05 	 1.69647192E-06 
4.041500 	 45 	 2.23401454E-05 	 1.40647400E-06 
4.046600 	 45 	 1.68306429E-05 	 1.11397574E-06 
4.281500 	 45 	 9.74345083E-06 	 8.70005155E-07 
4.301600 	 45 	 1.34689891E-05 	 1.03328982E-06 
4.302600 	 45 	 1.90539291E-05 	 1.44513620E-06 
4.304700 	 45 	 2.08322655E-05 	 1.53478481E-06 
4.305700 	 45 	 2.71317127E-05 	 1.88047164E-06 
4.306600 	 45 	 3.32999594E-05 	 2.17534854E-06 
4.307700 	 45 	 3.82034812E-05 	 2.59015058E-06 
4.308700 	 45 	 5.59398122E-05 	 3.53678936E-06 
4.309600 	 45 	 1.61125870E-04 	 9.79468140E-06 
4.310600 	 45 	 2.60669809E-04 	 1.54873810E-05 
4.312600 	 45 	 3.84254252E-04 	 2.25372993E-05 
4.314600 	 45 	 3.90824464E-04 	 2.23721520E-05 
4.316700 	 45 	 3.58417095E-04 	 2.09899769E-05 
4.318700 	 45 	 3.46506146E-04 	 2.06598315E-05 
4.320800 	 45 	 3.41954424E-04 	 2.03794343E-05 
4.321500 	 45 	 3.43195087E-04 	 2.01118986E-05 
4.322700 	 45 	 3.26044514E-04 	 1.92534500E-05 
4.324600 	 45 	 3.44122327E-04 	 2.02044429E-05 
4.326600 	 45 	 3.48302940E-04 	 2.06117479E-05 
4.328700 	 45 	 3.27839095E-04 	 1.92138612E-05 
4.330700 	 45 	 3.27057861E-04 	 1.95068899E-05 
4.332700 	 45 	 2.95423735E-04 	 1.74655432E-05 
4.334500 	 45 	 2.70960626E-04 	 1.59492041E-05 
4.336700 	 45 	 2.25517872E-04 	 1.31061197E-05 
4.338600 	 45 	 1.75447023E-04 	 1.02150785E-05 
4.340600 	 45 	 1.18750506E-04 	 6.99855264E-06 
4.341600 	 45 	 1.66429520E-04 	 9.90552681E-06 
4.342700 	 45 	 8.43883910E-05 	 5.08823432E-06 
4.344700 	 45 	 5.63227859E-05 	 3.43763132E-06 
4.346700 	 45 	 4.34322170E-05 	 2.71156541E-06 
4.351500 	 45 	 2.67881701E-05 	 1.79990620E-06 
4.356400 	 45 	 2.40574334E-05 	 1.69925082E-06 
4.361500 	 45 	 2.23803503E-05 	 1.56684497E-06 
4.381600 	 45 	 2.54107427E-05 	 1.67938451E-06 
4.401600 	 45 	 2.65865990E-05 	 1.74751963E-06 
4.421500 	 45 	 3.94837053E-05 	 2.43426209E-06 
4.431700 	 45 	 5.55972707E-05 	 3.36048421E-06 
4.441700 	 45 	 7.20605485E-05 	 4.15072599E-06 
4.451500 	 45 	 1.31912726E-04 	 7.89965248E-06 
4.461400 	 45 	 2.06900110E-04 	 1.19967418E-05 
4.466500 	 45 	 4.82728446E-04 	 2.85249344E-05 
4.471600 	 45 	 7.25921396E-04 	 4.17931591E-05 
4.481500 	 45 	 7.48773195E-04 	 4.23238404E-05 
4.489500 	 45 	 5.60050789E-04 	 3.24368076E-05 
4.497600 	 45 	 2.69944236E-04 	 1.58203908E-05 
4.499700 	 45 	 1.96876460E-04 	 1.17083507E-05 
4.501600 	 45 	 2.60898952E-04 	 1.50735823E-05 
4.503700 	 45 	 1.04924406E-04 	 6.33285996E-06 
4.506500 	 45 	 6.87547484E-05 	 4.13073323E-06 
4.511500 	 45 	 4.05334323E-05 	 2.62254571E-06 
4.521700 	 45 	 3.20871805E-05 	 2.06889132E-06 
4.523700 	 45 	 6.90561800E-05 	 4.41207392E-06 
4.526600 	 45 	 2.16513392E-04 	 1.29498913E-05 
4.531600 	 45 	 3.62054717E-04 	 2.10303688E-05 
4.536700 	 45 	 6.73929920E-04 	 3.88943625E-05 
4.540900 	 45 	 6.57625640E-04 	 3.67177850E-05 
4.546600 	 45 	 1.13318434E-03 	 6.39421389E-05 
4.551700 	 45 	 1.29109338E-03 	 7.45782537E-05 
4.561300 	 45 	 1.59936038E-03 	 8.37020311E-05 
4.571700 	 45 	 2.33875428E-03 	 1.25015322E-04 
4.581600 	 45 	 2.18001544E-03 	 1.17316385E-04 
4.591500 	 45 	 1.09453699E-03 	 6.26451562E-05 
4.601600 	 45 	 5.88299430E-04 	 3.34476652E-05 
4.611800 	 45 	 5.01624838E-04 	 2.91922958E-05 
4.621500 	 45 	 1.14744190E-03 	 6.40874249E-05 
4.631700 	 45 	 1.28453445E-03 	 7.38241180E-05 
4.641400 	 45 	 9.79223055E-04 	 5.48739903E-05 
4.646700 	 45 	 4.99668197E-04 	 2.91896288E-05 
4.651500 	 45 	 2.89769179E-04 	 1.73860090E-05 
4.661500 	 45 	 2.28242270E-04 	 1.39396555E-05 
4.681600 	 45 	 1.28757680E-04 	 8.01856300E-06 
4.691700 	 45 	 6.89565445E-05 	 4.57660121E-06 
4.701400 	 45 	 5.26224840E-05 	 3.49105616E-06 
4.721500 	 45 	 3.87934134E-05 	 2.47566202E-06 
4.741500 	 45 	 3.63508603E-05 	 2.56421110E-06 
4.761500 	 45 	 5.04128621E-05 	 3.47881085E-06 
4.766700 	 45 	 8.95478045E-05 	 6.31791184E-06 
4.770400 	 45 	 1.02507602E-04 	 7.04207665E-06 
4.781500 	 45 	 1.21451771E-04 	 8.02759985E-06 
4.786500 	 45 	 1.88568252E-04 	 1.16513772E-05 
4.791700 	 45 	 4.28502392E-04 	 2.53574064E-05 
4.801600 	 45 	 5.18066408E-04 	 2.95313664E-05 
4.811400 	 45 	 4.29127918E-04 	 2.44312200E-05 
4.821500 	 45 	 2.03840917E-04 	 1.28976936E-05 
4.823700 	 45 	 9.90156753E-05 	 6.70083713E-06 
4.826800 	 45 	 5.82678128E-05 	 4.06453556E-06 
4.831600 	 45 	 3.40409873E-05 	 2.46630848E-06 
4.841400 	 45 	 2.26503266E-05 	 1.61587526E-06 
4.861500 	 45 	 1.35302363E-05 	 1.14222624E-06 
4.877800 	 45 	 1.51974264E-05 	 1.32570680E-06 
4.901400 	 45 	 1.88493023E-05 	 1.39174537E-06 
4.911400 	 45 	 3.05487783E-05 	 2.39261099E-06 
4.921600 	 45 	 4.54998905E-05 	 2.96069265E-06 
4.931500 	 45 	 5.47118788E-05 	 3.62057210E-06 
4.937700 	 45 	 5.79059770E-05 	 3.44777607E-06 
4.941700 	 45 	 6.23585064E-05 	 3.95729103E-06 
4.948400 	 45 	 5.64157931E-05 	 3.37858801E-06 
4.958200 	 45 	 5.95095098E-05 	 3.57777445E-06 
4.961800 	 45 	 5.93187381E-05 	 3.82985267E-06 
4.968300 	 45 	 6.24355641E-05 	 3.75754687E-06 
4.973400 	 45 	 6.48049622E-05 	 3.89433503E-06 
4.976200 	 45 	 6.87960064E-05 	 4.15917994E-06 
4.979400 	 45 	 7.22054784E-05 	 4.34932872E-06 
4.981500 	 45 	 7.23981465E-05 	 4.58424506E-06 
4.984300 	 45 	 7.08113140E-05 	 4.09055087E-06 
4.986100 	 45 	 7.02512138E-05 	 4.27052479E-06 
4.996200 	 45 	 5.84617292E-05 	 3.56391686E-06 
5.001600 	 45 	 5.84546611E-05 	 3.85070570E-06 
5.006200 	 45 	 4.66627639E-05 	 2.92138319E-06 
5.016100 	 45 	 3.65596297E-05 	 2.31103421E-06 
5.021500 	 45 	 3.78226228E-05 	 2.80148050E-06 
5.026300 	 45 	 5.06579106E-05 	 3.22299712E-06 
5.029200 	 45 	 6.61152487E-05 	 4.05290321E-06 
5.029400 	 45 	 6.62700633E-05 	 4.05726742E-06 
5.031300 	 45 	 1.06888742E-04 	 6.40118738E-06 
5.036300 	 45 	 1.99902517E-04 	 1.19241045E-05 
5.039300 	 45 	 2.25677260E-04 	 1.36650683E-05 
5.041600 	 45 	 2.25553006E-04 	 1.41187987E-05 
5.044300 	 45 	 2.68688564E-04 	 1.57161665E-05 
5.047400 	 45 	 3.01182011E-04 	 1.72909063E-05 
5.050200 	 45 	 3.17739108E-04 	 1.82087498E-05 
5.053500 	 45 	 3.07211523E-04 	 1.81309823E-05 
5.056300 	 45 	 2.74981950E-04 	 1.61314277E-05 
5.061500 	 45 	 2.25413064E-04 	 1.36889018E-05 
5.066300 	 45 	 1.63688505E-04 	 9.83338569E-06 
5.076400 	 45 	 1.12562786E-04 	 7.17056963E-06 
5.081400 	 45 	 8.58524720E-05 	 6.05769830E-06 
5.086000 	 45 	 6.96635638E-05 	 4.62388184E-06 
5.095700 	 45 	 6.32528171E-05 	 4.54414709E-06 
5.101500 	 45 	 6.65729412E-05 	 4.87909877E-06 
5.105200 	 45 	 2.51750499E-04 	 1.58570364E-05 
5.108300 	 45 	 4.71559748E-04 	 2.60086332E-05 
5.110400 	 45 	 5.19385932E-04 	 2.93838344E-05 
5.111500 	 45 	 5.59294445E-04 	 3.19105289E-05 
5.111900 	 45 	 5.47388755E-04 	 3.12307218E-05 
5.112200 	 45 	 5.41618598E-04 	 3.08568441E-05 
5.114400 	 45 	 6.95668822E-04 	 3.88679387E-05 
5.116400 	 45 	 7.07198531E-04 	 3.92939477E-05 
5.118400 	 45 	 6.97655559E-04 	 3.90557778E-05 
5.120300 	 45 	 7.22926509E-04 	 3.99241909E-05 
5.121500 	 45 	 7.26670226E-04 	 4.05030418E-05 
5.122300 	 45 	 6.95665477E-04 	 3.88860073E-05 
5.125300 	 45 	 7.02482330E-04 	 3.87088176E-05 
5.130300 	 45 	 5.84234940E-04 	 3.18590441E-05 
5.135300 	 45 	 4.27383900E-04 	 2.44700737E-05 
5.140000 	 45 	 3.06495859E-04 	 1.72310094E-05 
5.141400 	 45 	 3.26879425E-04 	 1.90574787E-05 
5.145300 	 45 	 2.52256980E-04 	 1.43406491E-05 
5.150400 	 45 	 2.47146227E-04 	 1.42537796E-05 
5.153200 	 45 	 2.44796822E-04 	 1.39228445E-05 
5.156200 	 45 	 2.23952627E-04 	 1.29000946E-05 
5.159500 	 45 	 2.10288537E-04 	 1.23341545E-05 
5.161500 	 45 	 1.98518026E-04 	 1.22646037E-05 
5.162500 	 45 	 1.89324349E-04 	 1.10034777E-05 
5.168500 	 45 	 1.59933784E-04 	 9.40104270E-06 
5.170900 	 45 	 1.40354764E-04 	 8.20143632E-06 
5.181500 	 45 	 8.97477555E-05 	 6.17042655E-06 
5.201300 	 45 	 6.65954815E-05 	 4.39251486E-06 
5.221500 	 45 	 7.26055162E-05 	 4.96783753E-06 
5.241500 	 45 	 9.63758720E-05 	 7.47317689E-06 
5.251000 	 45 	 1.24765147E-04 	 8.24084497E-06 
5.254600 	 45 	 1.42033044E-04 	 1.07602446E-05 
5.261600 	 45 	 1.90141520E-04 	 1.53194444E-05 
5.271400 	 45 	 2.92983768E-04 	 2.09866123E-05 
5.276500 	 45 	 3.52988137E-04 	 2.57534267E-05 
5.281500 	 45 	 4.16838987E-04 	 2.89298257E-05 
5.286500 	 45 	 5.80356791E-04 	 3.37692452E-05 
5.286500 	 45 	 5.68176465E-04 	 3.65664116E-05 
5.291300 	 45 	 8.56310310E-04 	 5.31479679E-05 
5.296500 	 45 	 1.09502710E-03 	 6.72338009E-05 
5.301700 	 45 	 1.38994100E-03 	 7.75877879E-05 
5.304400 	 45 	 1.70860752E-03 	 9.40799585E-05 
5.309200 	 45 	 1.61506280E-03 	 8.59295161E-05 
5.311200 	 45 	 1.63649340E-03 	 8.83113626E-05 
5.313900 	 45 	 1.50825064E-03 	 8.21637867E-05 
5.319700 	 45 	 1.29819189E-03 	 6.84482686E-05 
5.324400 	 45 	 1.23505340E-03 	 6.55814725E-05 
5.329000 	 45 	 1.07235109E-03 	 5.70238400E-05 
5.334300 	 45 	 8.58560972E-04 	 4.58177274E-05 
5.339200 	 45 	 7.17077765E-04 	 3.87326527E-05 
5.344400 	 45 	 5.40432082E-04 	 3.02703080E-05 
5.344400 	 45 	 5.36739271E-04 	 2.92011632E-05 
5.349000 	 45 	 3.64206218E-04 	 2.01719114E-05 
5.354200 	 45 	 2.28857247E-04 	 1.35608208E-05 
5.354400 	 45 	 2.25447322E-04 	 1.29822591E-05 
5.358400 	 45 	 1.74141533E-04 	 1.03813229E-05 
5.359800 	 45 	 1.57773802E-04 	 9.23863925E-06 
5.360100 	 45 	 1.55391528E-04 	 9.07233349E-06 
5.363600 	 45 	 2.58136807E-04 	 1.53142278E-05 
5.365100 	 45 	 2.00175167E-04 	 1.10411067E-05 
5.369400 	 45 	 3.09147446E-04 	 1.82781880E-05 
5.371300 	 45 	 2.94722703E-04 	 1.74129828E-05 
5.373400 	 45 	 2.89126791E-04 	 1.72000996E-05 
5.375400 	 45 	 2.91725232E-04 	 1.72659755E-05 
5.377500 	 45 	 2.78593123E-04 	 1.67515465E-05 
5.379500 	 45 	 2.62615422E-04 	 1.47347136E-05 
5.381200 	 45 	 2.62752320E-04 	 1.55822933E-05 
5.386300 	 45 	 1.58325714E-04 	 9.07505476E-06 
5.391600 	 45 	 6.86175983E-05 	 4.63227648E-06 
5.394400 	 45 	 4.39211031E-05 	 3.41772516E-06 
5.394800 	 45 	 6.13837428E-05 	 3.96994027E-06 
5.395400 	 45 	 3.86432558E-05 	 2.87782835E-06 
5.397500 	 45 	 2.81502424E-05 	 2.37262215E-06 
5.401400 	 45 	 2.47586089E-05 	 2.02787440E-06 
5.404600 	 45 	 2.39884963E-05 	 2.14395248E-06 
5.414900 	 45 	 2.10784695E-05 	 1.93427660E-06 
5.425600 	 45 	 2.67606845E-05 	 2.31577203E-06 
5.435900 	 45 	 2.75747983E-05 	 2.43544253E-06 
5.446900 	 45 	 3.18056401E-05 	 2.29109174E-06 
5.450800 	 45 	 3.72767177E-05 	 2.73962706E-06 
4.007500 	 90 	 6.56384045E-06 	 6.07081716E-07 
4.012500 	 90 	 1.02796248E-05 	 9.47737963E-07 
4.014400 	 90 	 1.18191920E-05 	 1.02914690E-06 
4.018500 	 90 	 2.01533940E-05 	 1.52747958E-06 
4.020600 	 90 	 2.08490595E-05 	 1.67627825E-06 
4.021500 	 90 	 2.18316301E-05 	 1.76873863E-06 
4.026600 	 90 	 2.42662737E-05 	 1.70350890E-06 
4.030600 	 90 	 2.59026263E-05 	 1.71564082E-06 
4.031400 	 90 	 2.24208722E-05 	 1.70185154E-06 
4.036500 	 90 	 2.16436733E-05 	 1.65838832E-06 
4.041500 	 90 	 1.95541361E-05 	 1.46146674E-06 
4.046600 	 90 	 1.27320056E-05 	 1.08595344E-06 
4.281500 	 90 	 1.00910756E-05 	 9.33388531E-07 
4.301600 	 90 	 1.25424985E-05 	 1.09682572E-06 
4.302600 	 90 	 1.57571181E-05 	 1.36498765E-06 
4.304700 	 90 	 1.76493708E-05 	 1.53219814E-06 
4.305700 	 90 	 2.01870427E-05 	 1.73742497E-06 
4.306600 	 90 	 2.56799592E-05 	 2.03651213E-06 
4.307700 	 90 	 2.56602943E-05 	 2.17103338E-06 
4.308700 	 90 	 4.38357601E-05 	 3.23225630E-06 
4.309600 	 90 	 1.21761944E-04 	 8.68752185E-06 
4.310600 	 90 	 1.81510225E-04 	 1.29432627E-05 
4.312600 	 90 	 2.83115792E-04 	 1.93962101E-05 
4.314600 	 90 	 2.96076214E-04 	 1.92623188E-05 
4.316700 	 90 	 2.65444424E-04 	 1.78355073E-05 
4.318700 	 90 	 2.50418734E-04 	 1.77193526E-05 
4.320800 	 90 	 2.57049078E-04 	 1.80371281E-05 
4.321500 	 90 	 2.60242256E-04 	 1.75951456E-05 
4.322700 	 90 	 2.49218681E-04 	 1.69869678E-05 
4.324600 	 90 	 2.48863806E-04 	 1.70684917E-05 
4.326600 	 90 	 2.40549431E-04 	 1.71057436E-05 
4.328700 	 90 	 2.44773142E-04 	 1.66451425E-05 
4.330700 	 90 	 2.44262109E-04 	 1.73094299E-05 
4.332700 	 90 	 2.14516294E-04 	 1.50340384E-05 
4.334500 	 90 	 1.94805382E-04 	 1.35119380E-05 
4.336700 	 90 	 1.58949552E-04 	 1.08700546E-05 
4.338600 	 90 	 1.33515599E-04 	 8.95637762E-06 
4.340600 	 90 	 8.47538554E-05 	 5.84157251E-06 
4.341600 	 90 	 1.28271348E-04 	 8.94614974E-06 
4.342700 	 90 	 5.98062384E-05 	 4.38701983E-06 
4.344700 	 90 	 4.62448722E-05 	 3.33682080E-06 
4.346700 	 90 	 3.12211998E-05 	 2.37619556E-06 
4.351500 	 90 	 2.11660832E-05 	 1.67601502E-06 
4.356400 	 90 	 1.80321954E-05 	 1.56282507E-06 
4.361500 	 90 	 2.04638012E-05 	 1.61825882E-06 
4.381600 	 90 	 2.22414431E-05 	 1.64968565E-06 
4.401600 	 90 	 3.15462208E-05 	 2.14349777E-06 
4.421500 	 90 	 3.95598256E-05 	 2.67401590E-06 
4.431700 	 90 	 5.47387922E-05 	 3.63210860E-06 
4.441700 	 90 	 7.06641032E-05 	 4.44313873E-06 
4.451500 	 90 	 1.38654950E-04 	 9.07770195E-06 
4.461400 	 90 	 2.20176048E-04 	 1.37346719E-05 
4.466500 	 90 	 5.21322328E-04 	 3.34472990E-05 
4.471600 	 90 	 7.52069707E-04 	 4.66665921E-05 
4.481500 	 90 	 8.06528618E-04 	 4.85597489E-05 
4.489500 	 90 	 5.91829542E-04 	 3.68727236E-05 
4.497600 	 90 	 2.63782350E-04 	 1.70943408E-05 
4.499700 	 90 	 2.01954742E-04 	 1.31576498E-05 
4.501600 	 90 	 2.78359254E-04 	 1.73166625E-05 
4.503700 	 90 	 1.02660802E-04 	 6.92869178E-06 
4.506500 	 90 	 6.59988805E-05 	 4.34785733E-06 
4.511500 	 90 	 3.48048573E-05 	 2.59153297E-06 
4.521700 	 90 	 2.92407894E-05 	 2.14561172E-06 
4.523700 	 90 	 5.91082911E-05 	 4.29548762E-06 
4.526600 	 90 	 1.58023077E-04 	 1.13490945E-05 
4.531600 	 90 	 2.98087694E-04 	 1.96622878E-05 
4.536700 	 90 	 5.33070296E-04 	 3.51024631E-05 
4.540900 	 90 	 5.41918312E-04 	 3.34733020E-05 
4.546600 	 90 	 9.66314794E-04 	 6.04398084E-05 
4.551700 	 90 	 1.06956313E-03 	 6.97249798E-05 
4.561300 	 90 	 1.48680474E-03 	 8.05459514E-05 
4.571700 	 90 	 2.31118734E-03 	 1.29195068E-04 
4.581600 	 90 	 2.21400821E-03 	 1.24594106E-04 
4.591500 	 90 	 1.07435965E-03 	 6.69008336E-05 
4.601600 	 90 	 6.19902915E-04 	 3.77281397E-05 
4.611800 	 90 	 4.29826343E-04 	 2.80468151E-05 
4.621500 	 90 	 9.41339518E-04 	 5.73952872E-05 
4.631700 	 90 	 1.05319994E-03 	 6.73572697E-05 
4.641400 	 90 	 7.31566089E-04 	 4.54806436E-05 
4.646700 	 90 	 3.95114722E-04 	 2.62298994E-05 
4.651500 	 90 	 2.37908375E-04 	 1.61590940E-05 
4.661500 	 90 	 2.12359476E-04 	 1.42588517E-05 
4.681600 	 90 	 1.10652592E-04 	 7.50564931E-06 
4.691700 	 90 	 5.86178604E-05 	 4.35958886E-06 
4.701400 	 90 	 4.25689276E-05 	 3.23652181E-06 
4.721500 	 90 	 3.70612101E-05 	 2.57818902E-06 
4.741500 	 90 	 3.21082183E-05 	 2.46654048E-06 
4.761500 	 90 	 4.50636883E-05 	 3.54257273E-06 
4.766700 	 90 	 8.31925589E-05 	 6.10968975E-06 
4.770400 	 90 	 8.79256921E-05 	 6.36919916E-06 
4.781500 	 90 	 1.07488666E-04 	 7.71254076E-06 
4.786500 	 90 	 1.62101379E-04 	 1.12099607E-05 
4.791700 	 90 	 3.14027918E-04 	 2.20458990E-05 
4.801600 	 90 	 4.26898697E-04 	 2.71539461E-05 
4.811400 	 90 	 3.59624178E-04 	 2.24773000E-05 
4.821500 	 90 	 1.70804714E-04 	 1.23911550E-05 
4.823700 	 90 	 7.81773569E-05 	 6.40800161E-06 
4.826800 	 90 	 5.07625446E-05 	 4.18096607E-06 
4.831600 	 90 	 2.66665272E-05 	 2.39277336E-06 
4.841400 	 90 	 1.97426964E-05 	 1.64054953E-06 
4.861500 	 90 	 1.27376814E-05 	 1.20518985E-06 
4.877800 	 90 	 1.13816782E-05 	 1.31054177E-06 
4.901400 	 90 	 1.52914959E-05 	 1.25027185E-06 
4.911400 	 90 	 2.81629805E-05 	 2.51772040E-06 
4.921600 	 90 	 4.25670641E-05 	 3.10658861E-06 
4.931500 	 90 	 5.47080379E-05 	 4.03338889E-06 
4.937700 	 90 	 5.77414090E-05 	 3.67286369E-06 
4.941700 	 90 	 5.66931988E-05 	 4.11720885E-06 
4.948400 	 90 	 5.52106406E-05 	 3.54672184E-06 
4.958200 	 90 	 5.74674548E-05 	 3.69676435E-06 
4.961800 	 90 	 5.43269333E-05 	 3.94308772E-06 
4.968300 	 90 	 6.11932412E-05 	 3.94537093E-06 
4.973400 	 90 	 6.07563459E-05 	 3.85878041E-06 
4.976200 	 90 	 6.64854139E-05 	 4.25379505E-06 
4.979400 	 90 	 6.63711606E-05 	 4.27028470E-06 
4.981500 	 90 	 6.42900683E-05 	 4.56613369E-06 
4.984300 	 90 	 6.67172363E-05 	 4.10261297E-06 
4.986100 	 90 	 6.33400293E-05 	 4.20146811E-06 
4.996200 	 90 	 5.49987184E-05 	 3.63720270E-06 
5.001600 	 90 	 5.24153427E-05 	 3.89155528E-06 
5.006200 	 90 	 4.40391881E-05 	 2.95351526E-06 
5.016100 	 90 	 3.48706404E-05 	 2.36545829E-06 
5.021500 	 90 	 3.62063244E-05 	 2.92822527E-06 
5.026300 	 90 	 4.44717878E-05 	 3.17732195E-06 
5.029200 	 90 	 6.28722802E-05 	 4.12926975E-06 
5.029400 	 90 	 5.97589944E-05 	 3.93567344E-06 
5.031300 	 90 	 9.22259900E-05 	 6.11274145E-06 
5.036300 	 90 	 1.71855333E-04 	 1.13840021E-05 
5.039300 	 90 	 1.84290327E-04 	 1.26275368E-05 
5.041600 	 90 	 2.03051980E-04 	 1.42343124E-05 
5.044300 	 90 	 2.32584366E-04 	 1.49425162E-05 
5.047400 	 90 	 2.58383162E-04 	 1.62796950E-05 
5.050200 	 90 	 2.74578618E-04 	 1.71039890E-05 
5.053500 	 90 	 2.65261704E-04 	 1.72661790E-05 
5.056300 	 90 	 2.36335998E-04 	 1.53214274E-05 
5.061500 	 90 	 1.85631359E-04 	 1.29044850E-05 
5.066300 	 90 	 1.21936929E-04 	 8.55963961E-06 
5.076400 	 90 	 9.17339462E-05 	 6.54245858E-06 
5.081400 	 90 	 7.93570264E-05 	 6.30010776E-06 
5.086000 	 90 	 6.13707637E-05 	 4.54758653E-06 
5.095700 	 90 	 4.81451587E-05 	 3.93312761E-06 
5.101500 	 90 	 5.90603038E-05 	 4.72460836E-06 
5.105200 	 90 	 2.04407603E-04 	 1.41177859E-05 
5.108300 	 90 	 3.99235225E-04 	 2.31744013E-05 
5.110400 	 90 	 4.37880892E-04 	 2.64018290E-05 
5.111500 	 90 	 4.57570464E-04 	 2.83173523E-05 
5.111900 	 90 	 4.40125156E-04 	 2.71779631E-05 
5.112200 	 90 	 4.57710826E-04 	 2.80245795E-05 
5.114400 	 90 	 5.55841251E-04 	 3.37221442E-05 
5.116400 	 90 	 5.82112997E-04 	 3.46494417E-05 
5.118400 	 90 	 5.84476850E-04 	 3.52496926E-05 
5.120300 	 90 	 5.74838183E-04 	 3.41403738E-05 
5.121500 	 90 	 6.08435150E-04 	 3.64566402E-05 
5.122300 	 90 	 6.05216234E-04 	 3.58530729E-05 
5.125300 	 90 	 5.87077946E-04 	 3.44520113E-05 
5.130300 	 90 	 4.81116878E-04 	 2.80869580E-05 
5.135300 	 90 	 3.58893208E-04 	 2.25557361E-05 
5.140000 	 90 	 2.63562371E-04 	 1.61149117E-05 
5.141400 	 90 	 2.68480548E-04 	 1.74463006E-05 
5.145300 	 90 	 2.07250925E-04 	 1.31332860E-05 
5.150400 	 90 	 2.10413594E-04 	 1.34096611E-05 
5.153200 	 90 	 1.96056892E-04 	 1.23900490E-05 
5.156200 	 90 	 1.87400263E-04 	 1.19940835E-05 
5.159500 	 90 	 1.72350270E-04 	 1.14245082E-05 
5.161500 	 90 	 1.63539497E-04 	 1.17187151E-05 
5.162500 	 90 	 1.62588376E-04 	 1.02664244E-05 
5.168500 	 90 	 1.30412404E-04 	 8.61497889E-06 
5.170900 	 90 	 1.22718867E-04 	 7.79577700E-06 
5.181500 	 90 	 7.84308262E-05 	 6.13495221E-06 
5.201300 	 90 	 5.97162238E-05 	 4.15424164E-06 
5.221500 	 90 	 6.69228496E-05 	 4.86654858E-06 
5.241500 	 90 	 8.85346381E-05 	 7.00919772E-06 
5.251000 	 90 	 1.06556630E-04 	 7.27382605E-06 
5.254600 	 90 	 1.22956818E-04 	 9.35543597E-06 
5.261600 	 90 	 1.72058353E-04 	 1.41885034E-05 
5.271400 	 90 	 2.47215293E-04 	 1.82331831E-05 
5.276500 	 90 	 2.94868927E-04 	 2.29092042E-05 
5.281500 	 90 	 3.58211259E-04 	 2.62351616E-05 
5.286500 	 90 	 4.66475050E-04 	 2.88924949E-05 
5.286500 	 90 	 4.59099610E-04 	 3.20755018E-05 
5.291300 	 90 	 7.11000331E-04 	 4.79407396E-05 
5.296500 	 90 	 8.95870755E-04 	 5.96121526E-05 
5.301700 	 90 	 1.24993715E-03 	 7.26953071E-05 
5.304400 	 90 	 1.38233637E-03 	 8.03057239E-05 
5.309200 	 90 	 1.35702085E-03 	 7.46905864E-05 
5.311200 	 90 	 1.32014557E-03 	 7.44125596E-05 
5.313900 	 90 	 1.24058849E-03 	 7.08992812E-05 
5.319700 	 90 	 1.08861015E-03 	 5.91350186E-05 
5.324400 	 90 	 1.02835299E-03 	 5.68348059E-05 
5.329000 	 90 	 8.74806933E-04 	 4.86955965E-05 
5.334300 	 90 	 7.04732053E-04 	 3.96194251E-05 
5.339200 	 90 	 6.02693337E-04 	 3.45656004E-05 
5.344400 	 90 	 4.31764327E-04 	 2.66515519E-05 
5.344400 	 90 	 4.46533360E-04 	 2.61262305E-05 
5.349000 	 90 	 3.10661592E-04 	 1.87164451E-05 
5.354200 	 90 	 1.88171264E-04 	 1.27439995E-05 
5.354400 	 90 	 1.98437066E-04 	 1.26154179E-05 
5.358400 	 90 	 1.44803607E-04 	 9.89762178E-06 
5.359800 	 90 	 1.46273214E-04 	 9.50117874E-06 
5.360100 	 90 	 1.32400747E-04 	 8.67621904E-06 
5.363600 	 90 	 2.10369373E-04 	 1.42820732E-05 
5.365100 	 90 	 1.69631945E-04 	 1.00187202E-05 
5.369400 	 90 	 2.68943557E-04 	 1.76346771E-05 
5.371300 	 90 	 2.55321805E-04 	 1.66982420E-05 
5.373400 	 90 	 2.47929063E-04 	 1.64440671E-05 
5.375400 	 90 	 2.40584696E-04 	 1.58573583E-05 
5.377500 	 90 	 2.27358222E-04 	 1.54436170E-05 
5.379500 	 90 	 2.17683302E-04 	 1.33172320E-05 
5.381200 	 90 	 2.24608430E-04 	 1.46914084E-05 
5.386300 	 90 	 1.30655557E-04 	 8.20906263E-06 
5.391600 	 90 	 5.58720895E-05 	 4.62399319E-06 
5.394400 	 90 	 3.80679198E-05 	 3.62293373E-06 
5.394800 	 90 	 5.28028364E-05 	 4.00262968E-06 
5.395400 	 90 	 3.00822956E-05 	 2.80763312E-06 
5.397500 	 90 	 2.85165435E-05 	 2.55740706E-06 
5.401400 	 90 	 2.36431744E-05 	 2.45326557E-06 
5.404600 	 90 	 2.19951209E-05 	 2.16560203E-06 
5.414900 	 90 	 2.37927659E-05 	 2.36851047E-06 
5.425600 	 90 	 2.85744283E-05 	 2.73048385E-06 
5.435900 	 90 	 2.56254541E-05 	 2.60347526E-06 
5.446900 	 90 	 2.95296592E-05 	 2.53271888E-06 
5.450800 	 90 	 3.47428340E-05 	 2.92170053E-06 
4.007500 	 75 	 8.81297211E-06 	 5.72438169E-07 
4.012500 	 75 	 1.29141518E-05 	 8.86205374E-07 
4.014400 	 75 	 1.56072708E-05 	 1.00803974E-06 
4.018500 	 75 	 2.29788836E-05 	 1.39479273E-06 
4.020600 	 75 	 2.45367823E-05 	 1.54084033E-06 
4.021500 	 75 	 2.51035844E-05 	 1.57483673E-06 
4.026600 	 75 	 2.87425442E-05 	 1.66708007E-06 
4.030600 	 75 	 2.75462080E-05 	 1.57887541E-06 
4.031400 	 75 	 2.66660988E-05 	 1.62398878E-06 
4.036500 	 75 	 2.57594856E-05 	 1.58257609E-06 
4.041500 	 75 	 2.18990044E-05 	 1.33143813E-06 
4.046600 	 75 	 1.82473601E-05 	 1.13412647E-06 
4.281500 	 75 	 8.66924876E-06 	 6.51650404E-07 
4.301600 	 75 	 1.27567014E-05 	 9.17671803E-07 
4.302600 	 75 	 1.71632366E-05 	 1.16906863E-06 
4.304700 	 75 	 2.15878432E-05 	 1.42142090E-06 
4.305700 	 75 	 2.45573510E-05 	 1.60361492E-06 
4.306600 	 75 	 2.82515217E-05 	 1.77937382E-06 
4.307700 	 75 	 3.26167609E-05 	 2.04458587E-06 
4.308700 	 75 	 4.85174190E-05 	 2.96204863E-06 
4.309600 	 75 	 1.30239509E-04 	 7.78977748E-06 
4.310600 	 75 	 2.08018305E-04 	 1.22386178E-05 
4.312600 	 75 	 3.12779299E-04 	 1.81623688E-05 
4.314600 	 75 	 3.06766940E-04 	 1.74984958E-05 
4.316700 	 75 	 3.01076045E-04 	 1.73310513E-05 
4.318700 	 75 	 2.85465117E-04 	 1.67811040E-05 
4.320800 	 75 	 2.80502475E-04 	 1.65042487E-05 
4.321500 	 75 	 2.90750474E-04 	 1.67515887E-05 
4.322700 	 75 	 2.83036046E-04 	 1.63450013E-05 
4.324600 	 75 	 2.82009209E-04 	 1.64113503E-05 
4.326600 	 75 	 2.75385693E-04 	 1.61791008E-05 
4.328700 	 75 	 2.78748314E-04 	 1.60363654E-05 
4.330700 	 75 	 2.64724282E-04 	 1.56595180E-05 
4.332700 	 75 	 2.48662712E-04 	 1.44524672E-05 
4.334500 	 75 	 2.24460383E-04 	 1.30616200E-05 
4.336700 	 75 	 1.83041619E-04 	 1.05475271E-05 
4.338600 	 75 	 1.44592541E-04 	 8.31165588E-06 
4.340600 	 75 	 9.82527488E-05 	 5.71243082E-06 
4.341600 	 75 	 1.35454122E-04 	 7.96577959E-06 
4.342700 	 75 	 6.94789310E-05 	 4.15373045E-06 
4.344700 	 75 	 4.66886209E-05 	 2.81888602E-06 
4.346700 	 75 	 3.93741702E-05 	 2.32641992E-06 
4.351500 	 75 	 2.31209111E-05 	 1.50391488E-06 
4.356400 	 75 	 2.12973758E-05 	 1.40231733E-06 
4.361500 	 75 	 1.88495063E-05 	 1.24509528E-06 
4.381600 	 75 	 2.24938866E-05 	 1.39235222E-06 
4.401600 	 75 	 2.92620280E-05 	 1.76367540E-06 
4.421500 	 75 	 4.11841331E-05 	 2.38732299E-06 
4.431700 	 75 	 6.05548791E-05 	 3.47780912E-06 
4.441700 	 75 	 7.42242228E-05 	 4.13713334E-06 
4.451500 	 75 	 1.40043112E-04 	 8.05057579E-06 
4.461400 	 75 	 2.19780498E-04 	 1.23191877E-05 
4.466500 	 75 	 5.23722189E-04 	 2.96223070E-05 
4.471600 	 75 	 7.85117174E-04 	 4.36617633E-05 
4.481500 	 75 	 8.28187810E-04 	 4.52971383E-05 
4.489500 	 75 	 6.19169032E-04 	 3.44916397E-05 
4.497600 	 75 	 2.94427212E-04 	 1.65469567E-05 
4.499700 	 75 	 2.15177157E-04 	 1.22473861E-05 
4.501600 	 75 	 2.84544689E-04 	 1.58320339E-05 
4.503700 	 75 	 1.08689154E-04 	 6.28910554E-06 
4.506500 	 75 	 7.20470158E-05 	 4.13737004E-06 
4.511500 	 75 	 3.95108787E-05 	 2.38907196E-06 
4.521700 	 75 	 2.79079246E-05 	 1.73671996E-06 
4.523700 	 75 	 5.78992214E-05 	 3.59395702E-06 
4.526600 	 75 	 1.79073735E-04 	 1.06092650E-05 
4.531600 	 75 	 3.15654310E-04 	 1.80578243E-05 
4.536700 	 75 	 5.90685064E-04 	 3.36713262E-05 
4.540900 	 75 	 5.82667254E-04 	 3.21935824E-05 
4.546600 	 75 	 1.02518784E-03 	 5.69863169E-05 
4.551700 	 75 	 1.15061732E-03 	 6.55243370E-05 
4.561300 	 75 	 1.51996579E-03 	 7.89678620E-05 
4.571700 	 75 	 2.44805928E-03 	 1.28820458E-04 
4.581600 	 75 	 2.22272927E-03 	 1.17801131E-04 
4.591500 	 75 	 1.16227364E-03 	 6.44585503E-05 
4.601600 	 75 	 5.97333312E-04 	 3.30781175E-05 
4.611800 	 75 	 4.69146464E-04 	 2.65827083E-05 
4.621500 	 75 	 1.00430430E-03 	 5.52017670E-05 
4.631700 	 75 	 1.08460785E-03 	 6.14297015E-05 
4.641400 	 75 	 7.97262233E-04 	 4.42589537E-05 
4.646700 	 75 	 4.37493689E-04 	 2.50132833E-05 
4.651500 	 75 	 2.60201104E-04 	 1.51714720E-05 
4.661500 	 75 	 2.31517382E-04 	 1.33778739E-05 
4.681600 	 75 	 1.15000087E-04 	 6.82768022E-06 
4.691700 	 75 	 5.86830782E-05 	 3.72278037E-06 
4.701400 	 75 	 4.79833940E-05 	 2.98760442E-06 
4.721500 	 75 	 3.70937725E-05 	 2.23834765E-06 
4.741500 	 75 	 3.41037855E-05 	 2.22636514E-06 
4.761500 	 75 	 4.66189862E-05 	 2.99402594E-06 
4.766700 	 75 	 8.50811290E-05 	 5.39950664E-06 
4.770400 	 75 	 1.00479994E-04 	 6.18380748E-06 
4.781500 	 75 	 1.19864230E-04 	 7.27309633E-06 
4.786500 	 75 	 1.78049061E-04 	 1.05371822E-05 
4.791700 	 75 	 3.51683307E-04 	 2.06852091E-05 
4.801600 	 75 	 4.40874790E-04 	 2.49005809E-05 
4.811400 	 75 	 3.66373756E-04 	 2.06465575E-05 
4.821500 	 75 	 1.79029605E-04 	 1.09003978E-05 
4.823700 	 75 	 8.43034192E-05 	 5.49514221E-06 
4.826800 	 75 	 5.18505774E-05 	 3.49584090E-06 
4.831600 	 75 	 2.83199790E-05 	 1.97509592E-06 
4.841400 	 75 	 1.87085369E-05 	 1.26074623E-06 
4.861500 	 75 	 1.38154966E-05 	 1.09880994E-06 
4.877800 	 75 	 1.31906629E-05 	 1.11448155E-06 
4.901400 	 75 	 1.52536512E-05 	 1.03171490E-06 
4.911400 	 75 	 3.13640077E-05 	 2.15790543E-06 
4.921600 	 75 	 4.59534669E-05 	 2.78873009E-06 
4.931500 	 75 	 5.97957474E-05 	 3.67817526E-06 
4.937700 	 75 	 5.64517322E-05 	 3.21334830E-06 
4.941700 	 75 	 5.63149945E-05 	 3.42436355E-06 
4.948400 	 75 	 5.47224060E-05 	 3.14921546E-06 
4.958200 	 75 	 5.56522761E-05 	 3.23173553E-06 
4.961800 	 75 	 5.73161707E-05 	 3.49798028E-06 
4.968300 	 75 	 6.00971216E-05 	 3.49150559E-06 
4.973400 	 75 	 6.33998318E-05 	 3.64425163E-06 
4.976200 	 75 	 6.95366874E-05 	 3.98887815E-06 
4.979400 	 75 	 6.66710858E-05 	 3.89986644E-06 
4.981500 	 75 	 6.79058868E-05 	 4.10702785E-06 
4.984300 	 75 	 6.70383018E-05 	 3.75664664E-06 
4.986100 	 75 	 6.67402353E-05 	 3.89682606E-06 
4.996200 	 75 	 5.63528886E-05 	 3.27977132E-06 
5.001600 	 75 	 5.08233527E-05 	 3.22598061E-06 
5.006200 	 75 	 4.38916246E-05 	 2.61809645E-06 
5.016100 	 75 	 3.49891150E-05 	 2.08619846E-06 
5.021500 	 75 	 3.79255811E-05 	 2.55582524E-06 
5.026300 	 75 	 4.59906207E-05 	 2.78903180E-06 
5.029200 	 75 	 6.23792516E-05 	 3.65764407E-06 
5.029400 	 75 	 6.13364918E-05 	 3.57590167E-06 
5.031300 	 75 	 9.78790360E-05 	 5.68230339E-06 
5.036300 	 75 	 1.74844893E-04 	 1.02379888E-05 
5.039300 	 75 	 1.92661784E-04 	 1.13949310E-05 
5.041600 	 75 	 2.05461417E-04 	 1.23723700E-05 
5.044300 	 75 	 2.27283509E-04 	 1.31216329E-05 
5.047400 	 75 	 2.64317234E-04 	 1.49050229E-05 
5.050200 	 75 	 2.72419946E-04 	 1.53997272E-05 
5.053500 	 75 	 2.60704256E-04 	 1.51905287E-05 
5.056300 	 75 	 2.43710354E-04 	 1.40614169E-05 
5.061500 	 75 	 1.90848647E-04 	 1.13312552E-05 
5.066300 	 75 	 1.35503799E-04 	 8.05675664E-06 
5.076400 	 75 	 9.19823256E-05 	 5.71480072E-06 
5.081400 	 75 	 7.43264168E-05 	 4.95209267E-06 
5.086000 	 75 	 6.07407918E-05 	 3.85538816E-06 
5.095700 	 75 	 5.44060136E-05 	 3.62719812E-06 
5.101500 	 75 	 5.83509467E-05 	 3.97171549E-06 
5.105200 	 75 	 2.16712790E-04 	 1.30424375E-05 
5.108300 	 75 	 4.06820905E-04 	 2.20746668E-05 
5.110400 	 75 	 4.57217274E-04 	 2.52813594E-05 
5.111500 	 75 	 4.77072251E-04 	 2.66647981E-05 
5.111900 	 75 	 4.76195505E-04 	 2.65867928E-05 
5.112200 	 75 	 4.61063563E-04 	 2.58071481E-05 
5.114400 	 75 	 5.74460897E-04 	 3.17386685E-05 
5.116400 	 75 	 5.99405790E-04 	 3.28243259E-05 
5.118400 	 75 	 6.18703605E-04 	 3.39745420E-05 
5.120300 	 75 	 6.04242293E-04 	 3.30157790E-05 
5.121500 	 75 	 6.10830478E-04 	 3.35304221E-05 
5.122300 	 75 	 6.05268652E-04 	 3.32994979E-05 
5.125300 	 75 	 6.01781843E-04 	 3.27076883E-05 
5.130300 	 75 	 5.05013148E-04 	 2.72695533E-05 
5.135300 	 75 	 3.62909729E-04 	 2.05439043E-05 
5.140000 	 75 	 2.78094416E-04 	 1.53754653E-05 
5.141400 	 75 	 2.81160078E-04 	 1.60806807E-05 
5.145300 	 75 	 2.15596334E-04 	 1.21620181E-05 
5.150400 	 75 	 2.19278059E-04 	 1.24279346E-05 
5.153200 	 75 	 2.08057386E-04 	 1.17038514E-05 
5.156200 	 75 	 1.92915029E-04 	 1.09151465E-05 
5.159500 	 75 	 1.77656509E-04 	 1.03197882E-05 
5.161500 	 75 	 1.67851578E-04 	 1.01524154E-05 
5.162500 	 75 	 1.57981405E-04 	 9.07212357E-06 
5.168500 	 75 	 1.38182563E-04 	 7.94291343E-06 
5.170900 	 75 	 1.24450887E-04 	 7.07176482E-06 
5.181500 	 75 	 7.51882109E-05 	 4.94330206E-06 
5.201300 	 75 	 5.73844135E-05 	 3.58268201E-06 
5.221500 	 75 	 6.28706468E-05 	 4.04418942E-06 
5.241500 	 75 	 8.43349455E-05 	 5.68235426E-06 
5.251000 	 75 	 1.13522056E-04 	 6.84651653E-06 
5.254600 	 75 	 1.25862582E-04 	 8.47611736E-06 
5.261600 	 75 	 1.70080845E-04 	 1.18607554E-05 
5.271400 	 75 	 2.57918305E-04 	 1.65384635E-05 
5.276500 	 75 	 3.05509089E-04 	 2.00315610E-05 
5.281500 	 75 	 3.65700143E-04 	 2.31182252E-05 
5.286500 	 75 	 4.71169512E-04 	 2.66344902E-05 
5.286500 	 75 	 4.93630338E-04 	 2.98026220E-05 
5.291300 	 75 	 7.29913350E-04 	 4.32743410E-05 
5.296500 	 75 	 9.55541809E-04 	 5.59718085E-05 
5.301700 	 75 	 1.22356287E-03 	 6.66031131E-05 
5.304400 	 75 	 1.39934527E-03 	 7.57004684E-05 
5.309200 	 75 	 1.40395560E-03 	 7.36364916E-05 
5.311200 	 75 	 1.35826751E-03 	 7.22158196E-05 
5.313900 	 75 	 1.30948833E-03 	 6.99488177E-05 
5.319700 	 75 	 1.13137261E-03 	 5.89177673E-05 
5.324400 	 75 	 1.07958463E-03 	 5.66184972E-05 
5.329000 	 75 	 9.14685797E-04 	 4.81730977E-05 
5.334300 	 75 	 7.07963404E-04 	 3.75651970E-05 
5.339200 	 75 	 6.16131615E-04 	 3.30190689E-05 
5.344400 	 75 	 4.32692629E-04 	 2.41923981E-05 
5.344400 	 75 	 4.65591080E-04 	 2.51068971E-05 
5.349000 	 75 	 3.12367868E-04 	 1.71400609E-05 
5.354200 	 75 	 1.87378023E-04 	 1.10502156E-05 
5.354400 	 75 	 1.93916574E-04 	 1.10521591E-05 
5.358400 	 75 	 1.47722683E-04 	 8.74712229E-06 
5.359800 	 75 	 1.39702217E-04 	 8.06554596E-06 
5.360100 	 75 	 1.27376110E-04 	 7.42846225E-06 
5.363600 	 75 	 2.21168649E-04 	 1.29489078E-05 
5.365100 	 75 	 1.67513608E-04 	 9.17828918E-06 
5.369400 	 75 	 2.65224451E-04 	 1.53841808E-05 
5.371300 	 75 	 2.50421077E-04 	 1.45761553E-05 
5.373400 	 75 	 2.31079015E-04 	 1.36752797E-05 
5.375400 	 75 	 2.34051955E-04 	 1.37373755E-05 
5.377500 	 75 	 2.39887332E-04 	 1.39574672E-05 
5.379500 	 75 	 2.22494163E-04 	 1.23484314E-05 
5.381200 	 75 	 2.29415684E-04 	 1.32799298E-05 
5.386300 	 75 	 1.31528806E-04 	 7.41836417E-06 
5.391600 	 75 	 5.92191308E-05 	 3.90684090E-06 
5.394400 	 75 	 3.90734091E-05 	 2.67914652E-06 
5.394800 	 75 	 5.23519993E-05 	 3.26952297E-06 
5.395400 	 75 	 3.66477955E-05 	 2.40327042E-06 
5.397500 	 75 	 2.62380448E-05 	 2.01696697E-06 
5.401400 	 75 	 2.35277031E-05 	 1.73841804E-06 
5.404600 	 75 	 2.33464449E-05 	 1.68674192E-06 
5.414900 	 75 	 2.13236194E-05 	 1.74740896E-06 
5.425600 	 75 	 2.61439380E-05 	 1.96446034E-06 
5.435900 	 75 	 2.63542300E-05 	 2.10225168E-06 
5.446900 	 75 	 2.85880983E-05 	 1.94755976E-06 
5.450800 	 75 	 3.22898359E-05 	 2.20741033E-06 
4.007500 	 60 	 8.85247387E-06 	 6.27335381E-07 
4.012500 	 60 	 1.46162098E-05 	 9.40897711E-07 
4.014400 	 60 	 1.75772642E-05 	 1.09543602E-06 
4.018500 	 60 	 2.44522298E-05 	 1.46415150E-06 
4.020600 	 60 	 2.68003597E-05 	 1.63373955E-06 
4.021500 	 60 	 2.57706753E-05 	 1.60672800E-06 
4.026600 	 60 	 2.92498679E-05 	 1.68706143E-06 
4.030600 	 60 	 2.95345618E-05 	 1.66108943E-06 
4.031400 	 60 	 2.68075950E-05 	 1.60773433E-06 
4.036500 	 60 	 2.66798818E-05 	 1.60334777E-06 
4.041500 	 60 	 2.32698062E-05 	 1.37473567E-06 
4.046600 	 60 	 1.83813382E-05 	 1.12980366E-06 
4.281500 	 60 	 9.72244059E-06 	 7.03261225E-07 
4.301600 	 60 	 1.44377834E-05 	 9.65203768E-07 
4.302600 	 60 	 1.84244286E-05 	 1.28993580E-06 
4.304700 	 60 	 2.14906744E-05 	 1.41115303E-06 
4.305700 	 60 	 2.57908356E-05 	 1.64251646E-06 
4.306600 	 60 	 3.04517512E-05 	 1.90751635E-06 
4.307700 	 60 	 3.31513256E-05 	 2.09317532E-06 
4.308700 	 60 	 5.15053939E-05 	 3.10063024E-06 
4.309600 	 60 	 1.45064738E-04 	 8.45111301E-06 
4.310600 	 60 	 2.30484134E-04 	 1.32963249E-05 
4.312600 	 60 	 3.44707180E-04 	 1.96164587E-05 
4.314600 	 60 	 3.50283995E-04 	 1.95638693E-05 
4.316700 	 60 	 3.32119406E-04 	 1.87794882E-05 
4.318700 	 60 	 3.08099469E-04 	 1.78029099E-05 
4.320800 	 60 	 3.20324908E-04 	 1.83808217E-05 
4.321500 	 60 	 3.24126005E-04 	 1.83479820E-05 
4.322700 	 60 	 3.15035120E-04 	 1.78397624E-05 
4.324600 	 60 	 3.07461427E-04 	 1.75670833E-05 
4.326600 	 60 	 3.11951620E-04 	 1.78744479E-05 
4.328700 	 60 	 2.96358659E-04 	 1.68267519E-05 
4.330700 	 60 	 2.84942992E-04 	 1.65272114E-05 
4.332700 	 60 	 2.78240351E-04 	 1.58150673E-05 
4.334500 	 60 	 2.55340882E-04 	 1.44629388E-05 
4.336700 	 60 	 2.00068129E-04 	 1.13427071E-05 
4.338600 	 60 	 1.62813776E-04 	 9.15996458E-06 
4.340600 	 60 	 1.10967562E-04 	 6.29651278E-06 
4.341600 	 60 	 1.54232031E-04 	 8.84652578E-06 
4.342700 	 60 	 7.65077281E-05 	 4.46266500E-06 
4.344700 	 60 	 5.33182341E-05 	 3.10574132E-06 
4.346700 	 60 	 4.00970786E-05 	 2.37452165E-06 
4.351500 	 60 	 2.39455334E-05 	 1.51734170E-06 
4.356400 	 60 	 2.25260431E-05 	 1.45620442E-06 
4.361500 	 60 	 2.15426329E-05 	 1.36566905E-06 
4.381600 	 60 	 2.21526210E-05 	 1.37925664E-06 
4.401600 	 60 	 2.94359106E-05 	 1.75094249E-06 
4.421500 	 60 	 4.16683180E-05 	 2.40754509E-06 
4.431700 	 60 	 6.01562314E-05 	 3.42537413E-06 
4.441700 	 60 	 7.47745048E-05 	 4.14329817E-06 
4.451500 	 60 	 1.41073771E-04 	 7.99690890E-06 
4.461400 	 60 	 2.23430408E-04 	 1.23845020E-05 
4.466500 	 60 	 5.10992406E-04 	 2.87725266E-05 
4.471600 	 60 	 7.78945830E-04 	 4.29900858E-05 
4.481500 	 60 	 8.47666537E-04 	 4.59261885E-05 
4.489500 	 60 	 6.02123995E-04 	 3.33802870E-05 
4.497600 	 60 	 2.95168563E-04 	 1.64644238E-05 
4.499700 	 60 	 2.09257030E-04 	 1.18312288E-05 
4.501600 	 60 	 2.87524452E-04 	 1.58608360E-05 
4.503700 	 60 	 1.09148830E-04 	 6.25622979E-06 
4.506500 	 60 	 7.39774774E-05 	 4.18367179E-06 
4.511500 	 60 	 4.08595514E-05 	 2.45142164E-06 
4.521700 	 60 	 2.92044265E-05 	 1.78842444E-06 
4.523700 	 60 	 6.73104901E-05 	 4.01883742E-06 
4.526600 	 60 	 1.99902867E-04 	 1.15532564E-05 
4.531600 	 60 	 3.44986479E-04 	 1.93543353E-05 
4.536700 	 60 	 6.31546663E-04 	 3.53986691E-05 
4.540900 	 60 	 6.32660225E-04 	 3.44358594E-05 
4.546600 	 60 	 1.09107652E-03 	 5.98567232E-05 
4.551700 	 60 	 1.21065661E-03 	 6.79854145E-05 
4.561300 	 60 	 1.60283118E-03 	 8.28688204E-05 
4.571700 	 60 	 2.45960348E-03 	 1.28902092E-04 
4.581600 	 60 	 2.25844415E-03 	 1.19007753E-04 
4.591500 	 60 	 1.17963328E-03 	 6.48472782E-05 
4.601600 	 60 	 6.12051877E-04 	 3.35706913E-05 
4.611800 	 60 	 4.86024160E-04 	 2.72785019E-05 
4.621500 	 60 	 1.08521737E-03 	 5.91355104E-05 
4.631700 	 60 	 1.25660388E-03 	 6.96724924E-05 
4.641400 	 60 	 8.75614320E-04 	 4.80344516E-05 
4.646700 	 60 	 4.79679905E-04 	 2.69990188E-05 
4.651500 	 60 	 2.88833901E-04 	 1.64698259E-05 
4.661500 	 60 	 2.33129914E-04 	 1.34281173E-05 
4.681600 	 60 	 1.20858540E-04 	 7.12240883E-06 
4.691700 	 60 	 6.42350809E-05 	 3.99760701E-06 
4.701400 	 60 	 4.81591767E-05 	 2.99136583E-06 
4.721500 	 60 	 3.86068984E-05 	 2.30185447E-06 
4.741500 	 60 	 3.53731080E-05 	 2.27943701E-06 
4.761500 	 60 	 4.84852114E-05 	 3.09445904E-06 
4.766700 	 60 	 8.38469752E-05 	 5.45232757E-06 
4.770400 	 60 	 9.93323905E-05 	 6.18368668E-06 
4.781500 	 60 	 1.23226334E-04 	 7.47381501E-06 
4.786500 	 60 	 1.85178747E-04 	 1.08230178E-05 
4.791700 	 60 	 4.05556158E-04 	 2.31407413E-05 
4.801600 	 60 	 4.78495517E-04 	 2.65447725E-05 
4.811400 	 60 	 3.92513279E-04 	 2.17790330E-05 
4.821500 	 60 	 1.86863793E-04 	 1.12191244E-05 
4.823700 	 60 	 9.14242494E-05 	 5.76708999E-06 
4.826800 	 60 	 5.66401707E-05 	 3.68126104E-06 
4.831600 	 60 	 3.06372085E-05 	 2.08505322E-06 
4.841400 	 60 	 1.98222300E-05 	 1.32030663E-06 
4.861500 	 60 	 1.39562031E-05 	 1.07159580E-06 
4.877800 	 60 	 1.29107288E-05 	 1.02503088E-06 
4.901400 	 60 	 1.53023239E-05 	 1.07573790E-06 
4.911400 	 60 	 3.22309981E-05 	 2.16689690E-06 
4.921600 	 60 	 4.46212651E-05 	 2.72078702E-06 
4.931500 	 60 	 5.78593055E-05 	 3.54560944E-06 
4.937700 	 60 	 5.81889591E-05 	 3.28336914E-06 
4.941700 	 60 	 5.73426150E-05 	 3.44429112E-06 
4.948400 	 60 	 5.59700876E-05 	 3.18958780E-06 
4.958200 	 60 	 5.78523637E-05 	 3.30791124E-06 
4.961800 	 60 	 5.75995569E-05 	 3.50080465E-06 
4.968300 	 60 	 6.10004519E-05 	 3.50043754E-06 
4.973400 	 60 	 6.33021946E-05 	 3.61193730E-06 
4.976200 	 60 	 6.61622004E-05 	 3.79509128E-06 
4.979400 	 60 	 6.94344710E-05 	 3.97406748E-06 
4.981500 	 60 	 7.50163273E-05 	 4.42974509E-06 
4.984300 	 60 	 6.83709858E-05 	 3.79822098E-06 
4.986100 	 60 	 6.87901214E-05 	 3.97117352E-06 
4.996200 	 60 	 5.75735928E-05 	 3.32119234E-06 
5.001600 	 60 	 5.95117158E-05 	 3.61902646E-06 
5.006200 	 60 	 4.27380915E-05 	 2.55671795E-06 
5.016100 	 60 	 3.55007221E-05 	 2.10239803E-06 
5.021500 	 60 	 3.76866902E-05 	 2.51585798E-06 
5.026300 	 60 	 4.78426730E-05 	 2.83870292E-06 
5.029200 	 60 	 6.66078716E-05 	 3.84921893E-06 
5.029400 	 60 	 6.27617158E-05 	 3.62878829E-06 
5.031300 	 60 	 1.02165875E-04 	 5.83436114E-06 
5.036300 	 60 	 1.93250642E-04 	 1.10075525E-05 
5.039300 	 60 	 2.09655331E-04 	 1.21108673E-05 
5.041600 	 60 	 2.19017913E-04 	 1.29754583E-05 
5.044300 	 60 	 2.41312360E-04 	 1.36622230E-05 
5.047400 	 60 	 2.85146016E-04 	 1.58030066E-05 
5.050200 	 60 	 2.95603020E-04 	 1.64098905E-05 
5.053500 	 60 	 2.85084180E-04 	 1.61881634E-05 
5.056300 	 60 	 2.63503244E-04 	 1.48627025E-05 
5.061500 	 60 	 2.09236897E-04 	 1.21355847E-05 
5.066300 	 60 	 1.51215692E-04 	 8.73655601E-06 
5.076400 	 60 	 9.82617264E-05 	 5.95876826E-06 
5.081400 	 60 	 8.01705888E-05 	 5.21104216E-06 
5.086000 	 60 	 6.54641616E-05 	 4.02867174E-06 
5.095700 	 60 	 5.36036150E-05 	 3.60437537E-06 
5.101500 	 60 	 6.07152074E-05 	 4.10422196E-06 
5.105200 	 60 	 2.27326673E-04 	 1.35533963E-05 
5.108300 	 60 	 4.39280885E-04 	 2.36264583E-05 
5.110400 	 60 	 4.86908805E-04 	 2.66913708E-05 
5.111500 	 60 	 5.18669425E-04 	 2.86729460E-05 
5.111900 	 60 	 5.06061633E-04 	 2.79812053E-05 
5.112200 	 60 	 5.13319248E-04 	 2.82903825E-05 
5.114400 	 60 	 6.12393662E-04 	 3.34819346E-05 
5.116400 	 60 	 6.61095901E-04 	 3.57817258E-05 
5.118400 	 60 	 6.43780229E-04 	 3.50614753E-05 
5.120300 	 60 	 6.60223857E-04 	 3.56440803E-05 
5.121500 	 60 	 6.56048439E-04 	 3.56993404E-05 
5.122300 	 60 	 6.65285831E-04 	 3.60679841E-05 
5.125300 	 60 	 6.44908475E-04 	 3.46930403E-05 
5.130300 	 60 	 5.37293843E-04 	 2.87031921E-05 
5.135300 	 60 	 4.00526447E-04 	 2.21879250E-05 
5.140000 	 60 	 2.83979544E-04 	 1.55870865E-05 
5.141400 	 60 	 2.98015949E-04 	 1.68297377E-05 
5.145300 	 60 	 2.26113836E-04 	 1.25518253E-05 
5.150400 	 60 	 2.29662696E-04 	 1.28475411E-05 
5.153200 	 60 	 2.24084857E-04 	 1.24152300E-05 
5.156200 	 60 	 2.04480315E-04 	 1.14311603E-05 
5.159500 	 60 	 1.94655252E-04 	 1.10497228E-05 
5.161500 	 60 	 1.86469702E-04 	 1.09549392E-05 
5.162500 	 60 	 1.74725983E-04 	 9.81627753E-06 
5.168500 	 60 	 1.51346022E-04 	 8.53344234E-06 
5.170900 	 60 	 1.32623476E-04 	 7.44617292E-06 
5.181500 	 60 	 8.78755728E-05 	 5.53850450E-06 
5.201300 	 60 	 6.07843946E-05 	 3.74615574E-06 
5.221500 	 60 	 6.55169082E-05 	 4.19326950E-06 
5.241500 	 60 	 9.36463091E-05 	 6.46278999E-06 
5.251000 	 60 	 1.19716494E-04 	 7.27666912E-06 
5.254600 	 60 	 1.25306989E-04 	 8.79072744E-06 
5.261600 	 60 	 1.75327031E-04 	 1.28154060E-05 
5.271400 	 60 	 2.62908071E-04 	 1.71979189E-05 
5.276500 	 60 	 3.16859799E-04 	 2.14150681E-05 
5.281500 	 60 	 3.93988889E-04 	 2.52543046E-05 
5.286500 	 60 	 5.06286715E-04 	 2.85662020E-05 
5.286500 	 60 	 5.22220855E-04 	 3.17049975E-05 
5.291300 	 60 	 7.84643998E-04 	 4.62300142E-05 
5.296500 	 60 	 1.02897991E-03 	 5.97353931E-05 
5.301700 	 60 	 1.32625151E-03 	 7.17311343E-05 
5.304400 	 60 	 1.51330708E-03 	 8.14003361E-05 
5.309200 	 60 	 1.51517045E-03 	 7.91978079E-05 
5.311200 	 60 	 1.46745812E-03 	 7.76692752E-05 
5.313900 	 60 	 1.39606731E-03 	 7.42889150E-05 
5.319700 	 60 	 1.20539607E-03 	 6.26090679E-05 
5.324400 	 60 	 1.13945903E-03 	 5.95742892E-05 
5.329000 	 60 	 9.81355247E-04 	 5.14186783E-05 
5.334300 	 60 	 7.82909524E-04 	 4.11689446E-05 
5.339200 	 60 	 6.47819893E-04 	 3.44337687E-05 
5.344400 	 60 	 4.73559689E-04 	 2.59527784E-05 
5.344400 	 60 	 5.04290085E-04 	 2.68801669E-05 
5.349000 	 60 	 3.39018531E-04 	 1.83269420E-05 
5.354200 	 60 	 2.09403802E-04 	 1.19326502E-05 
5.354400 	 60 	 2.08755368E-04 	 1.16217020E-05 
5.358400 	 60 	 1.57928773E-04 	 9.05265955E-06 
5.359800 	 60 	 1.48526032E-04 	 8.36409700E-06 
5.360100 	 60 	 1.41370697E-04 	 7.94142139E-06 
5.363600 	 60 	 2.38994614E-04 	 1.36431206E-05 
5.365100 	 60 	 1.82628978E-04 	 9.83693645E-06 
5.369400 	 60 	 2.92261885E-04 	 1.65678995E-05 
5.371300 	 60 	 2.75775196E-04 	 1.56347374E-05 
5.373400 	 60 	 2.68314041E-04 	 1.53490997E-05 
5.375400 	 60 	 2.56196763E-04 	 1.46914132E-05 
5.377500 	 60 	 2.54731371E-04 	 1.47315251E-05 
5.379500 	 60 	 2.40829423E-04 	 1.31464856E-05 
5.381200 	 60 	 2.46437866E-04 	 1.40274397E-05 
5.386300 	 60 	 1.43030112E-04 	 7.92236111E-06 
5.391600 	 60 	 6.40214444E-05 	 4.07825535E-06 
5.394400 	 60 	 4.14360165E-05 	 2.87358848E-06 
5.394800 	 60 	 5.78385688E-05 	 3.49147730E-06 
5.395400 	 60 	 3.58383593E-05 	 2.41381972E-06 
5.397500 	 60 	 2.80228637E-05 	 2.00631733E-06 
5.401400 	 60 	 2.44296195E-05 	 1.71916037E-06 
5.404600 	 60 	 2.27596111E-05 	 1.73065368E-06 
5.414900 	 60 	 2.34878751E-05 	 1.73117686E-06 
5.425600 	 60 	 2.69091700E-05 	 1.96935919E-06 
5.435900 	 60 	 2.67103252E-05 	 1.97983294E-06 
5.446900 	 60 	 2.83199783E-05 	 1.88580717E-06 
5.450800 	 60 	 3.40174416E-05 	 2.26082722E-06 
