2.118400 	 0 	 0.00040700 	 0.00009870 
2.119500 	 0 	 0.00033594 	 0.00007513 
2.120500 	 0 	 0.00018741 	 0.00006971 
2.121500 	 0 	 0.00023817 	 0.00007471 
2.122500 	 0 	 0.00028902 	 0.00004630 
2.123000 	 0 	 0.00056626 	 0.00007393 
2.123500 	 0 	 0.00089342 	 0.00007375 
2.123800 	 0 	 0.00079287 	 0.00007449 
2.125000 	 0 	 0.00046002 	 0.00007528 
2.126000 	 0 	 0.00044756 	 0.00006703 
2.126900 	 0 	 0.00056853 	 0.00007375 
2.130800 	 0 	 0.00041994 	 0.00007878 
2.135900 	 0 	 0.00048477 	 0.00030116 
2.137800 	 0 	 0.00031911 	 0.00009446 
2.149700 	 0 	 0.00124124 	 0.00054455 
2.159900 	 0 	 0.00018037 	 0.00003654 
2.164600 	 0 	 0.00027287 	 0.00003519 
2.169000 	 0 	 0.00029397 	 0.00005577 
2.173500 	 0 	 0.00041010 	 0.00011801 
2.174100 	 0 	 0.00023474 	 0.00004146 
2.174500 	 0 	 0.00093370 	 0.00011241 
2.174900 	 0 	 0.00093824 	 0.00005739 
2.175000 	 0 	 0.00216162 	 0.00012549 
2.175400 	 0 	 0.00086508 	 0.00011509 
2.176000 	 0 	 0.00042293 	 0.00004566 
2.176400 	 0 	 0.00037929 	 0.00005866 
2.176900 	 0 	 0.00031538 	 0.00005148 
2.178000 	 0 	 0.00018940 	 0.00004640 
2.179100 	 0 	 0.00027107 	 0.00003910 
2.185000 	 0 	 0.00033196 	 0.00004086 
2.189600 	 0 	 0.00036327 	 0.00004740 
2.194700 	 0 	 0.00119893 	 0.00006133 
2.197400 	 0 	 0.00059208 	 0.00005110 
2.198000 	 0 	 0.00055291 	 0.00006607 
2.198100 	 0 	 0.00070847 	 0.00010738 
2.198400 	 0 	 0.00061197 	 0.00007441 
2.198500 	 0 	 0.00067111 	 0.00009167 
2.199000 	 0 	 0.00112430 	 0.00011508 
2.199100 	 0 	 0.00057333 	 0.00006452 
2.199400 	 0 	 0.00088068 	 0.00008185 
2.199500 	 0 	 0.00061362 	 0.00004095 
2.199800 	 0 	 0.00067453 	 0.00004122 
2.200000 	 0 	 0.00075855 	 0.00012980 
2.201800 	 0 	 0.00064596 	 0.00006246 
2.204000 	 0 	 0.00070596 	 0.00006952 
2.204900 	 0 	 0.00079938 	 0.00006364 
2.205400 	 0 	 0.00070402 	 0.00004757 
2.209700 	 0 	 0.00078749 	 0.00006159 
2.209900 	 0 	 0.00087092 	 0.00007057 
2.213700 	 0 	 0.00095422 	 0.00006839 
2.213800 	 0 	 0.00094274 	 0.00005695 
2.219900 	 0 	 0.00111730 	 0.00005739 
2.224600 	 0 	 0.00137263 	 0.00006043 
2.229400 	 0 	 0.00142402 	 0.00006356 
2.244600 	 0 	 0.00148110 	 0.00009136 
2.249500 	 0 	 0.00132543 	 0.00007941 
2.254400 	 0 	 0.00116409 	 0.00007986 
2.259600 	 0 	 0.00098218 	 0.00006447 
2.264200 	 0 	 0.00089323 	 0.00006532 
2.269100 	 0 	 0.00083712 	 0.00006183 
2.274700 	 0 	 0.00086001 	 0.00006658 
2.279400 	 0 	 0.00090073 	 0.00006857 
2.285000 	 0 	 0.00096490 	 0.00006675 
2.290000 	 0 	 0.00128755 	 0.00006086 
2.291700 	 0 	 0.00156851 	 0.00007210 
2.293900 	 0 	 0.00194433 	 0.00006943 
2.295700 	 0 	 0.00267629 	 0.00007968 
2.297800 	 0 	 0.00377193 	 0.00009021 
2.299800 	 0 	 0.00560963 	 0.00010049 
2.302000 	 0 	 0.00903410 	 0.00011546 
2.303500 	 0 	 0.01216309 	 0.00012787 
2.305900 	 0 	 0.01687945 	 0.00014575 
2.307700 	 0 	 0.01781856 	 0.00016460 
2.309800 	 0 	 0.01546547 	 0.00016148 
2.313900 	 0 	 0.00826635 	 0.00012677 
2.318000 	 0 	 0.00453607 	 0.00010211 
2.319700 	 0 	 0.00390607 	 0.00009978 
2.320900 	 0 	 0.00346493 	 0.00008797 
2.321800 	 0 	 0.00328006 	 0.00009675 
2.322900 	 0 	 0.00304733 	 0.00006704 
2.324100 	 0 	 0.00299752 	 0.00005758 
2.324500 	 0 	 0.00297434 	 0.00008141 
2.325100 	 0 	 0.00304954 	 0.00008042 
2.325500 	 0 	 0.00336313 	 0.00006567 
2.325800 	 0 	 0.00364668 	 0.00010264 
2.326000 	 0 	 0.00363124 	 0.00011328 
2.326600 	 0 	 0.00351864 	 0.00008590 
2.327000 	 0 	 0.00311095 	 0.00009758 
2.327500 	 0 	 0.00277210 	 0.00009205 
2.328000 	 0 	 0.00251077 	 0.00008141 
2.328600 	 0 	 0.00234829 	 0.00006866 
2.329000 	 0 	 0.00225157 	 0.00005204 
2.329800 	 0 	 0.00199247 	 0.00009112 
2.329900 	 0 	 0.00203748 	 0.00004709 
2.333900 	 0 	 0.00174243 	 0.00009471 
2.334000 	 0 	 0.00164851 	 0.00004104 
2.337400 	 0 	 0.00150148 	 0.00008004 
2.341700 	 0 	 0.00136067 	 0.00010774 
2.341800 	 0 	 0.00134459 	 0.00003222 
2.343500 	 0 	 0.00126975 	 0.00006117 
2.343900 	 0 	 0.00130313 	 0.00010380 
2.345200 	 0 	 0.00131739 	 0.00006560 
2.345900 	 0 	 0.00132173 	 0.00009265 
2.346700 	 0 	 0.00140458 	 0.00007294 
2.348000 	 0 	 0.00150700 	 0.00012144 
2.348100 	 0 	 0.00138893 	 0.00007681 
2.349500 	 0 	 0.00142797 	 0.00006747 
2.349700 	 0 	 0.00134331 	 0.00009897 
2.350500 	 0 	 0.00150562 	 0.00007592 
2.351200 	 0 	 0.00154909 	 0.00006531 
2.351900 	 0 	 0.00149348 	 0.00009855 
2.352000 	 0 	 0.00164105 	 0.00007535 
2.352800 	 0 	 0.00156989 	 0.00007328 
2.353600 	 0 	 0.00176517 	 0.00006699 
2.353900 	 0 	 0.00181170 	 0.00011288 
2.354100 	 0 	 0.00188699 	 0.00006979 
2.354700 	 0 	 0.00197731 	 0.00006830 
2.355200 	 0 	 0.00216303 	 0.00006803 
2.355700 	 0 	 0.00232054 	 0.00007222 
2.356000 	 0 	 0.00237453 	 0.00012119 
2.356400 	 0 	 0.00253208 	 0.00007049 
2.356900 	 0 	 0.00258908 	 0.00007615 
2.357400 	 0 	 0.00277079 	 0.00007837 
2.357700 	 0 	 0.00278580 	 0.00006721 
2.358300 	 0 	 0.00286415 	 0.00006493 
2.358800 	 0 	 0.00301438 	 0.00008308 
2.359200 	 0 	 0.00316746 	 0.00008575 
2.359900 	 0 	 0.00348960 	 0.00006741 
2.360500 	 0 	 0.00389852 	 0.00006370 
2.361000 	 0 	 0.00459105 	 0.00006521 
2.361200 	 0 	 0.00420244 	 0.00013336 
2.361500 	 0 	 0.00527473 	 0.00006758 
2.362000 	 0 	 0.00629845 	 0.00006618 
2.362500 	 0 	 0.00749730 	 0.00007053 
2.362900 	 0 	 0.00868961 	 0.00008289 
2.363400 	 0 	 0.01038760 	 0.00008371 
2.363800 	 0 	 0.00958458 	 0.00012802 
2.364000 	 0 	 0.01233907 	 0.00009669 
2.364400 	 0 	 0.01375162 	 0.00009290 
2.364900 	 0 	 0.01461921 	 0.00010926 
2.365400 	 0 	 0.01436729 	 0.00010913 
2.366000 	 0 	 0.01291635 	 0.00011218 
2.366500 	 0 	 0.01132968 	 0.00010688 
2.366900 	 0 	 0.01001491 	 0.00010659 
2.367400 	 0 	 0.00860480 	 0.00010415 
2.367900 	 0 	 0.00736626 	 0.00009627 
2.368500 	 0 	 0.00597740 	 0.00010087 
2.369300 	 0 	 0.00567039 	 0.00008682 
2.369600 	 0 	 0.00498454 	 0.00008883 
2.369900 	 0 	 0.00453854 	 0.00009046 
2.370600 	 0 	 0.00410305 	 0.00009451 
2.370900 	 0 	 0.00372387 	 0.00007909 
2.371500 	 0 	 0.00337613 	 0.00007789 
2.372000 	 0 	 0.00334951 	 0.00007729 
2.372300 	 0 	 0.00312252 	 0.00009959 
2.372500 	 0 	 0.00310587 	 0.00007634 
2.373000 	 0 	 0.00286618 	 0.00008172 
2.374100 	 0 	 0.00242127 	 0.00006114 
2.375000 	 0 	 0.00224198 	 0.00005844 
2.375900 	 0 	 0.00204593 	 0.00004701 
2.377000 	 0 	 0.00204558 	 0.00006263 
2.377900 	 0 	 0.00198336 	 0.00005754 
2.379900 	 0 	 0.00211076 	 0.00006538 
2.381900 	 0 	 0.00253871 	 0.00006619 
2.384000 	 0 	 0.00334280 	 0.00007241 
2.386000 	 0 	 0.00464167 	 0.00007895 
2.387900 	 0 	 0.00667897 	 0.00008887 
2.389800 	 0 	 0.00863146 	 0.00009391 
2.390100 	 0 	 0.00991153 	 0.00010853 
2.391800 	 0 	 0.01230312 	 0.00011185 
2.393900 	 0 	 0.01815983 	 0.00013788 
2.394800 	 0 	 0.02349392 	 0.00016032 
2.396000 	 0 	 0.02699415 	 0.00017409 
2.398000 	 0 	 0.03467120 	 0.00016037 
2.399800 	 0 	 0.03577612 	 0.00019505 
2.400100 	 0 	 0.03607796 	 0.00011700 
2.401700 	 0 	 0.03131540 	 0.00009580 
2.403500 	 0 	 0.02565252 	 0.00010271 
2.405700 	 0 	 0.01943907 	 0.00009080 
2.407800 	 0 	 0.01526347 	 0.00008216 
2.409900 	 0 	 0.01231191 	 0.00006151 
2.411700 	 0 	 0.01061707 	 0.00005835 
2.414500 	 0 	 0.00876552 	 0.00005237 
2.414900 	 0 	 0.00849816 	 0.00009226 
2.419500 	 0 	 0.00677040 	 0.00008550 
2.419700 	 0 	 0.00666831 	 0.00005383 
2.423600 	 0 	 0.00583875 	 0.00008903 
2.423800 	 0 	 0.00583862 	 0.00005085 
2.426500 	 0 	 0.00537242 	 0.00005233 
2.427900 	 0 	 0.00527130 	 0.00009417 
2.428600 	 0 	 0.00516954 	 0.00007303 
2.429900 	 0 	 0.00500864 	 0.00006900 
2.430900 	 0 	 0.00489253 	 0.00010018 
2.431900 	 0 	 0.00423162 	 0.00004663 
2.432700 	 0 	 0.00490626 	 0.00010389 
2.433800 	 0 	 0.00481310 	 0.00007697 
2.434900 	 0 	 0.00475951 	 0.00010021 
2.435200 	 0 	 0.00490117 	 0.00009171 
2.436000 	 0 	 0.00473756 	 0.00010628 
2.437000 	 0 	 0.00493528 	 0.00009443 
2.437500 	 0 	 0.00493924 	 0.00009379 
2.438000 	 0 	 0.00495183 	 0.00006760 
2.438800 	 0 	 0.00501748 	 0.00008734 
2.438900 	 0 	 0.00497449 	 0.00009594 
2.439200 	 0 	 0.00491848 	 0.00009260 
2.439600 	 0 	 0.00487021 	 0.00008901 
2.439800 	 0 	 0.00485402 	 0.00006661 
2.440100 	 0 	 0.00490685 	 0.00009089 
2.440900 	 0 	 0.00477366 	 0.00005794 
2.441800 	 0 	 0.00465304 	 0.00008203 
2.442000 	 0 	 0.00460707 	 0.00008570 
2.442900 	 0 	 0.00456603 	 0.00008447 
2.443800 	 0 	 0.00448188 	 0.00007360 
2.444000 	 0 	 0.00455130 	 0.00008018 
2.445800 	 0 	 0.00440776 	 0.00008168 
2.447700 	 0 	 0.00436889 	 0.00008505 
2.447900 	 0 	 0.00432995 	 0.00008130 
2.449900 	 0 	 0.00432936 	 0.00008061 
2.451800 	 0 	 0.00422494 	 0.00006072 
2.452200 	 0 	 0.00421734 	 0.00009663 
2.453900 	 0 	 0.00431886 	 0.00009747 
2.455900 	 0 	 0.00429932 	 0.00006131 
2.458100 	 0 	 0.00429275 	 0.00007061 
2.459800 	 0 	 0.00433864 	 0.00005787 
2.461900 	 0 	 0.00446780 	 0.00005749 
2.463800 	 0 	 0.00457882 	 0.00007661 
2.464800 	 0 	 0.00474396 	 0.00010331 
2.465800 	 0 	 0.00487581 	 0.00008612 
2.465900 	 0 	 0.00496946 	 0.00007292 
2.466300 	 0 	 0.00491707 	 0.00010246 
2.466900 	 0 	 0.00517759 	 0.00010930 
2.467400 	 0 	 0.00526106 	 0.00010496 
2.467800 	 0 	 0.00572208 	 0.00007879 
2.468000 	 0 	 0.00565599 	 0.00011361 
2.468400 	 0 	 0.00581580 	 0.00011095 
2.468900 	 0 	 0.00612277 	 0.00011503 
2.469400 	 0 	 0.00666162 	 0.00012102 
2.469800 	 0 	 0.00778178 	 0.00007817 
2.470600 	 0 	 0.00857848 	 0.00011888 
2.471000 	 0 	 0.00925294 	 0.00013548 
2.471300 	 0 	 0.00953685 	 0.00013248 
2.471800 	 0 	 0.00946524 	 0.00012240 
2.471900 	 0 	 0.00881666 	 0.00010361 
2.472400 	 0 	 0.00874928 	 0.00010309 
2.473800 	 0 	 0.00640546 	 0.00005114 
2.474800 	 0 	 0.00594785 	 0.00011153 
2.475900 	 0 	 0.00553323 	 0.00009959 
2.476800 	 0 	 0.00529013 	 0.00009576 
2.477800 	 0 	 0.00519249 	 0.00004367 
2.478900 	 0 	 0.00511783 	 0.00010792 
2.479800 	 0 	 0.00508576 	 0.00010599 
2.479900 	 0 	 0.00516705 	 0.00005153 
2.480900 	 0 	 0.00512049 	 0.00004694 
2.481000 	 0 	 0.00509121 	 0.00011638 
2.481500 	 0 	 0.00510068 	 0.00011241 
2.482000 	 0 	 0.00519349 	 0.00004658 
2.482400 	 0 	 0.00531262 	 0.00006408 
2.482500 	 0 	 0.00517366 	 0.00011037 
2.482900 	 0 	 0.00551047 	 0.00009654 
2.483000 	 0 	 0.00525672 	 0.00011487 
2.483400 	 0 	 0.00537792 	 0.00012383 
2.483500 	 0 	 0.00610930 	 0.00014660 
2.483900 	 0 	 0.00630460 	 0.00010639 
2.484500 	 0 	 0.00629207 	 0.00011492 
2.485000 	 0 	 0.00567370 	 0.00008303 
2.485500 	 0 	 0.00548577 	 0.00006596 
2.485700 	 0 	 0.00538044 	 0.00012229 
2.486000 	 0 	 0.00543352 	 0.00006961 
2.486400 	 0 	 0.00544013 	 0.00005419 
2.486800 	 0 	 0.00543611 	 0.00004262 
2.487500 	 0 	 0.00547124 	 0.00004748 
2.487900 	 0 	 0.00546926 	 0.00004633 
2.488000 	 0 	 0.00545960 	 0.00009979 
2.488900 	 0 	 0.00538348 	 0.00010457 
2.489000 	 0 	 0.00552607 	 0.00005195 
2.489800 	 0 	 0.00549174 	 0.00009606 
2.489900 	 0 	 0.00566305 	 0.00004299 
2.490900 	 0 	 0.00575791 	 0.00004776 
2.491100 	 0 	 0.00564826 	 0.00010186 
2.491800 	 0 	 0.00578014 	 0.00004390 
2.492800 	 0 	 0.00590543 	 0.00005271 
2.493000 	 0 	 0.00569980 	 0.00010228 
2.493900 	 0 	 0.00584304 	 0.00009297 
2.494800 	 0 	 0.00595139 	 0.00007088 
2.494900 	 0 	 0.00614441 	 0.00005175 
2.496100 	 0 	 0.00606743 	 0.00008667 
2.496800 	 0 	 0.00613564 	 0.00008837 
2.496900 	 0 	 0.00637924 	 0.00004708 
2.497900 	 0 	 0.00631488 	 0.00009163 
2.498900 	 0 	 0.00637733 	 0.00008736 
2.499300 	 0 	 0.00669774 	 0.00003965 
2.500000 	 0 	 0.00660229 	 0.00009354 
2.500900 	 0 	 0.00667685 	 0.00010439 
2.501900 	 0 	 0.00687275 	 0.00009518 
2.502900 	 0 	 0.00709141 	 0.00009733 
2.503700 	 0 	 0.00713482 	 0.00010488 
2.504900 	 0 	 0.00742519 	 0.00011610 
2.506000 	 0 	 0.00766890 	 0.00011269 
2.506700 	 0 	 0.00787367 	 0.00011808 
2.507900 	 0 	 0.00816173 	 0.00011519 
2.509000 	 0 	 0.00841173 	 0.00010557 
2.510300 	 0 	 0.00873768 	 0.00012232 
2.510700 	 0 	 0.00895633 	 0.00012365 
2.513000 	 0 	 0.01006987 	 0.00014128 
2.515000 	 0 	 0.01095675 	 0.00013387 
2.516400 	 0 	 0.01208686 	 0.00012640 
2.518600 	 0 	 0.01434341 	 0.00014623 
2.520800 	 0 	 0.01765347 	 0.00015859 
2.522900 	 0 	 0.02319620 	 0.00017934 
2.525000 	 0 	 0.03060516 	 0.00017950 
2.527000 	 0 	 0.03690083 	 0.00018519 
2.528900 	 0 	 0.03875727 	 0.00021593 
2.530900 	 0 	 0.03487463 	 0.00021651 
2.533000 	 0 	 0.03017079 	 0.00019055 
2.535000 	 0 	 0.02689011 	 0.00016660 
2.536800 	 0 	 0.02503317 	 0.00014678 
2.539300 	 0 	 0.02354644 	 0.00018025 
2.540800 	 0 	 0.02352094 	 0.00018025 
2.542800 	 0 	 0.02354983 	 0.00017892 
2.544800 	 0 	 0.02399421 	 0.00018291 
2.547000 	 0 	 0.02491343 	 0.00016703 
2.549000 	 0 	 0.02627583 	 0.00018748 
2.550900 	 0 	 0.02764209 	 0.00017807 
2.552900 	 0 	 0.02908456 	 0.00015291 
2.555000 	 0 	 0.03065247 	 0.00020245 
2.556900 	 0 	 0.03284619 	 0.00020587 
2.559000 	 0 	 0.03545584 	 0.00021546 
2.560900 	 0 	 0.03820862 	 0.00019233 
2.563000 	 0 	 0.04167856 	 0.00027342 
2.564900 	 0 	 0.04539007 	 0.00022266 
2.566900 	 0 	 0.04978239 	 0.00021426 
2.569000 	 0 	 0.05374922 	 0.00021614 
2.570900 	 0 	 0.05611671 	 0.00023439 
2.573000 	 0 	 0.05794893 	 0.00022485 
2.574900 	 0 	 0.05984432 	 0.00020919 
2.576800 	 0 	 0.06121669 	 0.00023002 
2.578900 	 0 	 0.06220771 	 0.00021987 
2.580800 	 0 	 0.06305526 	 0.00023423 
2.583000 	 0 	 0.06249142 	 0.00022181 
2.585000 	 0 	 0.06213452 	 0.00023906 
2.586800 	 0 	 0.06111956 	 0.00022528 
2.589000 	 0 	 0.06055611 	 0.00023261 
2.590800 	 0 	 0.05991081 	 0.00021617 
2.593000 	 0 	 0.05968894 	 0.00023378 
2.595000 	 0 	 0.05852920 	 0.00022618 
2.596800 	 0 	 0.05519379 	 0.00020368 
2.597800 	 0 	 0.05311365 	 0.00022426 
2.599100 	 0 	 0.04917665 	 0.00020583 
2.600000 	 0 	 0.04672058 	 0.00020228 
2.602100 	 0 	 0.04046735 	 0.00019806 
2.603700 	 0 	 0.03645701 	 0.00017531 
2.605800 	 0 	 0.03216048 	 0.00016618 
2.608000 	 0 	 0.02843806 	 0.00016402 
2.609900 	 0 	 0.02610203 	 0.00015765 
2.614500 	 0 	 0.02151703 	 0.00015064 
2.620000 	 0 	 0.01798248 	 0.00013524 
2.624400 	 0 	 0.01613089 	 0.00013546 
2.629400 	 0 	 0.01442681 	 0.00013974 
2.635000 	 0 	 0.01323516 	 0.00012188 
2.639600 	 0 	 0.01243436 	 0.00011595 
2.644900 	 0 	 0.01196665 	 0.00012229 
2.649400 	 0 	 0.01187016 	 0.00011322 
2.651900 	 0 	 0.01180130 	 0.00011174 
2.653900 	 0 	 0.01194659 	 0.00012488 
2.655700 	 0 	 0.01228574 	 0.00012609 
2.657600 	 0 	 0.01241858 	 0.00009759 
2.659800 	 0 	 0.01284357 	 0.00010675 
2.661700 	 0 	 0.01315131 	 0.00011026 
2.663900 	 0 	 0.01338460 	 0.00014622 
2.666200 	 0 	 0.01336180 	 0.00012893 
2.668000 	 0 	 0.01316184 	 0.00012965 
2.670200 	 0 	 0.01279335 	 0.00010104 
2.671600 	 0 	 0.01267805 	 0.00010026 
2.673800 	 0 	 0.01251537 	 0.00010003 
2.675700 	 0 	 0.01253951 	 0.00011376 
2.677900 	 0 	 0.01259474 	 0.00012522 
2.684700 	 0 	 0.01380658 	 0.00010725 
2.689600 	 0 	 0.01523176 	 0.00011785 
2.694700 	 0 	 0.01749862 	 0.00010999 
2.697900 	 0 	 0.01868290 	 0.00016207 
2.699900 	 0 	 0.02045456 	 0.00012394 
2.702900 	 0 	 0.02222023 	 0.00017489 
2.703900 	 0 	 0.02368970 	 0.00014553 
2.705000 	 0 	 0.02392156 	 0.00019343 
2.705900 	 0 	 0.02503584 	 0.00020266 
2.706500 	 0 	 0.02583409 	 0.00022135 
2.707000 	 0 	 0.02639364 	 0.00023025 
2.707400 	 0 	 0.02752484 	 0.00017245 
2.707600 	 0 	 0.02721244 	 0.00022661 
2.707900 	 0 	 0.02741694 	 0.00023187 
2.708400 	 0 	 0.02881300 	 0.00016681 
2.708500 	 0 	 0.02882112 	 0.00027131 
2.708700 	 0 	 0.02921548 	 0.00025906 
2.708900 	 0 	 0.02982124 	 0.00017079 
2.709300 	 0 	 0.03017476 	 0.00029588 
2.709500 	 0 	 0.03072401 	 0.00032040 
2.709600 	 0 	 0.03092622 	 0.00035688 
2.709900 	 0 	 0.03130641 	 0.00019901 
2.710000 	 0 	 0.03101936 	 0.00032225 
2.710500 	 0 	 0.03169187 	 0.00025300 
2.711000 	 0 	 0.03239630 	 0.00029402 
2.711400 	 0 	 0.03331158 	 0.00028266 
2.711900 	 0 	 0.03403492 	 0.00020700 
2.712400 	 0 	 0.03498742 	 0.00035146 
2.713000 	 0 	 0.03553851 	 0.00027024 
2.713500 	 0 	 0.03655059 	 0.00029527 
2.713900 	 0 	 0.03727107 	 0.00018935 
2.714500 	 0 	 0.03818548 	 0.00027860 
2.714800 	 0 	 0.03954696 	 0.00026982 
2.715600 	 0 	 0.04008519 	 0.00032967 
2.716000 	 0 	 0.04104217 	 0.00027679 
2.716100 	 0 	 0.04104901 	 0.00033724 
2.716500 	 0 	 0.04196499 	 0.00042039 
2.717000 	 0 	 0.04237419 	 0.00039047 
2.717400 	 0 	 0.04347708 	 0.00036298 
2.717900 	 0 	 0.04401001 	 0.00019621 
2.718500 	 0 	 0.04447538 	 0.00041168 
2.719000 	 0 	 0.04471848 	 0.00026491 
2.719500 	 0 	 0.04460109 	 0.00044435 
2.719700 	 0 	 0.04600450 	 0.00030353 
2.719900 	 0 	 0.04530741 	 0.00046432 
2.720100 	 0 	 0.04518491 	 0.00034534 
2.720300 	 0 	 0.04539581 	 0.00033257 
2.721000 	 0 	 0.04516180 	 0.00034515 
2.722000 	 0 	 0.04463243 	 0.00020896 
2.723000 	 0 	 0.04270553 	 0.00031492 
2.723800 	 0 	 0.04241589 	 0.00025038 
2.724000 	 0 	 0.04045594 	 0.00031306 
2.725000 	 0 	 0.03844647 	 0.00022490 
2.726000 	 0 	 0.03540271 	 0.00032071 
2.726900 	 0 	 0.03259735 	 0.00026530 
2.727700 	 0 	 0.03152040 	 0.00026003 
2.728000 	 0 	 0.02939423 	 0.00031911 
2.729000 	 0 	 0.02684148 	 0.00032038 
2.730100 	 0 	 0.02400971 	 0.00027466 
2.731000 	 0 	 0.02140309 	 0.00019963 
2.731500 	 0 	 0.02091010 	 0.00026300 
2.731800 	 0 	 0.02088425 	 0.00023380 
2.731900 	 0 	 0.02000874 	 0.00028110 
2.732000 	 0 	 0.01963562 	 0.00027517 
2.732500 	 0 	 0.01881724 	 0.00031504 
2.732900 	 0 	 0.01828927 	 0.00028976 
2.733500 	 0 	 0.01733985 	 0.00032277 
2.733900 	 0 	 0.01747201 	 0.00025680 
2.734100 	 0 	 0.01618220 	 0.00026798 
2.734200 	 0 	 0.01576762 	 0.00025809 
2.734400 	 0 	 0.01545699 	 0.00030073 
2.734700 	 0 	 0.01491957 	 0.00025067 
2.734800 	 0 	 0.01495632 	 0.00018345 
2.734900 	 0 	 0.01558742 	 0.00028841 
2.735000 	 0 	 0.01517440 	 0.00032185 
2.735300 	 0 	 0.01469364 	 0.00029089 
2.735400 	 0 	 0.01481877 	 0.00030940 
2.735500 	 0 	 0.01442662 	 0.00028161 
2.735800 	 0 	 0.01432080 	 0.00032380 
2.735900 	 0 	 0.01435638 	 0.00031905 
2.736000 	 0 	 0.01382780 	 0.00025812 
2.736200 	 0 	 0.01403651 	 0.00035028 
2.736400 	 0 	 0.01437374 	 0.00039281 
2.736500 	 0 	 0.01369795 	 0.00040269 
2.736700 	 0 	 0.01347224 	 0.00011104 
2.737000 	 0 	 0.01337315 	 0.00010946 
2.737400 	 0 	 0.01284622 	 0.00011960 
2.738000 	 0 	 0.01236100 	 0.00013385 
2.738300 	 0 	 0.01198701 	 0.00013557 
2.738400 	 0 	 0.01149398 	 0.00019963 
2.738900 	 0 	 0.01124103 	 0.00009871 
2.739100 	 0 	 0.01099313 	 0.00012965 
2.739300 	 0 	 0.01133087 	 0.00010251 
2.739500 	 0 	 0.01082248 	 0.00010861 
2.739800 	 0 	 0.01034358 	 0.00014929 
2.740000 	 0 	 0.01085273 	 0.00011979 
2.740300 	 0 	 0.01011784 	 0.00018111 
2.740700 	 0 	 0.01023154 	 0.00013892 
2.740800 	 0 	 0.00981740 	 0.00018591 
2.741200 	 0 	 0.01010930 	 0.00013062 
2.741400 	 0 	 0.00950675 	 0.00013374 
2.741700 	 0 	 0.00990153 	 0.00012479 
2.741900 	 0 	 0.00918935 	 0.00015625 
2.742000 	 0 	 0.00999969 	 0.00011541 
2.742300 	 0 	 0.00907707 	 0.00014653 
2.742500 	 0 	 0.00979999 	 0.00007621 
2.742800 	 0 	 0.00902725 	 0.00012889 
2.742900 	 0 	 0.00956863 	 0.00010748 
2.743200 	 0 	 0.00879034 	 0.00008996 
2.743800 	 0 	 0.00927861 	 0.00010629 
2.745300 	 0 	 0.00819128 	 0.00016131 
2.745600 	 0 	 0.00825399 	 0.00015135 
2.745900 	 0 	 0.00827759 	 0.00011955 
2.746000 	 0 	 0.00871645 	 0.00011117 
2.747800 	 0 	 0.00860925 	 0.00010876 
2.748000 	 0 	 0.00798721 	 0.00017557 
2.749900 	 0 	 0.00854451 	 0.00008883 
2.751500 	 0 	 0.00809368 	 0.00016209 
2.752000 	 0 	 0.00868607 	 0.00012594 
2.753900 	 0 	 0.00875873 	 0.00009981 
2.755700 	 0 	 0.00850303 	 0.00018064 
2.757800 	 0 	 0.00921145 	 0.00010194 
2.757900 	 0 	 0.00848213 	 0.00015923 
2.758500 	 0 	 0.00856631 	 0.00016737 
2.758900 	 0 	 0.00871087 	 0.00018354 
2.759300 	 0 	 0.00878605 	 0.00012299 
2.760400 	 0 	 0.00880513 	 0.00015259 
2.760900 	 0 	 0.00907180 	 0.00018662 
2.761400 	 0 	 0.00909073 	 0.00014095 
2.761800 	 0 	 0.00960851 	 0.00010956 
2.761900 	 0 	 0.00897218 	 0.00016760 
2.762900 	 0 	 0.00906947 	 0.00019802 
2.763800 	 0 	 0.00987251 	 0.00011657 
2.764000 	 0 	 0.00939886 	 0.00019211 
2.765800 	 0 	 0.00946223 	 0.00015887 
2.765900 	 0 	 0.01014712 	 0.00011881 
2.767700 	 0 	 0.01041284 	 0.00011490 
2.769600 	 0 	 0.01021481 	 0.00008858 
2.769900 	 0 	 0.01065814 	 0.00012293 
2.771900 	 0 	 0.01101631 	 0.00012116 
2.774500 	 0 	 0.01128430 	 0.00019834 
2.775900 	 0 	 0.01191959 	 0.00013899 
2.779700 	 0 	 0.01274531 	 0.00016441 
2.779900 	 0 	 0.01350325 	 0.00166388 
2.783800 	 0 	 0.01354812 	 0.00013421 
2.787800 	 0 	 0.01463907 	 0.00016557 
2.790100 	 0 	 0.01465099 	 0.00017608 
2.791800 	 0 	 0.01578314 	 0.00017587 
2.795900 	 0 	 0.01704417 	 0.00021654 
2.799200 	 0 	 0.01794548 	 0.00017222 
2.799700 	 0 	 0.01772223 	 0.00022631 
2.801900 	 0 	 0.01829221 	 0.00013883 
2.802600 	 0 	 0.01868590 	 0.00013263 
2.803500 	 0 	 0.01930779 	 0.00023105 
2.803600 	 0 	 0.01894784 	 0.00024744 
2.804500 	 0 	 0.01946669 	 0.00016660 
2.804800 	 0 	 0.02013653 	 0.00025464 
2.805100 	 0 	 0.02054548 	 0.00026398 
2.805300 	 0 	 0.02074634 	 0.00026523 
2.805800 	 0 	 0.02137079 	 0.00013791 
2.806100 	 0 	 0.02165140 	 0.00026349 
2.806200 	 0 	 0.02187480 	 0.00027041 
2.806500 	 0 	 0.02126573 	 0.00027838 
2.807100 	 0 	 0.02151545 	 0.00027601 
2.807600 	 0 	 0.02096942 	 0.00024964 
2.807700 	 0 	 0.02108052 	 0.00018242 
2.808000 	 0 	 0.02110292 	 0.00026250 
2.808500 	 0 	 0.02134569 	 0.00026273 
2.809000 	 0 	 0.02138561 	 0.00026636 
2.809400 	 0 	 0.02161902 	 0.00013472 
2.811600 	 0 	 0.02273620 	 0.00016865 
2.813900 	 0 	 0.02422418 	 0.00020535 
2.815900 	 0 	 0.02551241 	 0.00020223 
2.818000 	 0 	 0.02625845 	 0.00019658 
2.819600 	 0 	 0.02619597 	 0.00020821 
2.821800 	 0 	 0.02574409 	 0.00019260 
2.824200 	 0 	 0.02551503 	 0.00018997 
2.826400 	 0 	 0.02539762 	 0.00023551 
2.829400 	 0 	 0.02602408 	 0.00018859 
2.832000 	 0 	 0.02681807 	 0.00016287 
2.834600 	 0 	 0.02782631 	 0.00025097 
2.837300 	 0 	 0.02889236 	 0.00021859 
2.839600 	 0 	 0.03068674 	 0.00021730 
2.839900 	 0 	 0.03048212 	 0.00023138 
2.840400 	 0 	 0.03047032 	 0.00022486 
2.840700 	 0 	 0.03085735 	 0.00030004 
2.841000 	 0 	 0.03161792 	 0.00030544 
2.841300 	 0 	 0.03147331 	 0.00032846 
2.841600 	 0 	 0.03171393 	 0.00033376 
2.841800 	 0 	 0.03200603 	 0.00033749 
2.841900 	 0 	 0.03208738 	 0.00020624 
2.843400 	 0 	 0.03416169 	 0.00024039 
2.846400 	 0 	 0.03654525 	 0.00027954 
2.851500 	 0 	 0.04327875 	 0.00025320 
2.853700 	 0 	 0.04786983 	 0.00028633 
2.855700 	 0 	 0.05175069 	 0.00024889 
2.858000 	 0 	 0.05458309 	 0.00029579 
2.858500 	 0 	 0.05570351 	 0.00038456 
2.859000 	 0 	 0.05689472 	 0.00028738 
2.859400 	 0 	 0.05792424 	 0.00039386 
2.859500 	 0 	 0.05977405 	 0.00030367 
2.861800 	 0 	 0.06467804 	 0.00014442 
2.865900 	 0 	 0.07467178 	 0.00048350 
2.867500 	 0 	 0.07568969 	 0.00041172 
2.869000 	 0 	 0.07866389 	 0.00043443 
2.869900 	 0 	 0.07894752 	 0.00043342 
2.870400 	 0 	 0.07932374 	 0.00050562 
2.871000 	 0 	 0.07951909 	 0.00036046 
2.871100 	 0 	 0.07989889 	 0.00046614 
2.871600 	 0 	 0.07960563 	 0.00045137 
2.871900 	 0 	 0.07960667 	 0.00047672 
2.872000 	 0 	 0.07989563 	 0.00050886 
2.872200 	 0 	 0.08046391 	 0.00049080 
2.872500 	 0 	 0.08110229 	 0.00053507 
2.872800 	 0 	 0.07982725 	 0.00061485 
2.873000 	 0 	 0.08021304 	 0.00045626 
2.873200 	 0 	 0.07949468 	 0.00052850 
2.873400 	 0 	 0.07991061 	 0.00053429 
2.873900 	 0 	 0.07844088 	 0.00042475 
2.874000 	 0 	 0.07855808 	 0.00061608 
2.874900 	 0 	 0.07859447 	 0.00058430 
2.875800 	 0 	 0.07587670 	 0.00030793 
2.876000 	 0 	 0.07706180 	 0.00021976 
2.877000 	 0 	 0.07338383 	 0.00034241 
2.878000 	 0 	 0.07218407 	 0.00042927 
2.878900 	 0 	 0.07072188 	 0.00028011 
2.880000 	 0 	 0.06973262 	 0.00031365 
2.880800 	 0 	 0.06640810 	 0.00049493 
2.884900 	 0 	 0.05798438 	 0.00047702 
2.888800 	 0 	 0.05145715 	 0.00031815 
2.892700 	 0 	 0.04593715 	 0.00043054 
2.896700 	 0 	 0.03957466 	 0.00055003 
2.900800 	 0 	 0.03526237 	 0.00050755 
2.904400 	 0 	 0.03420163 	 0.00027113 
2.904800 	 0 	 0.03543153 	 0.00031519 
2.905800 	 0 	 0.04240772 	 0.00065185 
2.905900 	 0 	 0.04616270 	 0.00031715 
2.906400 	 0 	 0.04497056 	 0.00064804 
2.906800 	 0 	 0.04714067 	 0.00054334 
2.907100 	 0 	 0.04497815 	 0.00068685 
2.907400 	 0 	 0.04207157 	 0.00043533 
2.907900 	 0 	 0.04178276 	 0.00026258 
2.908500 	 0 	 0.04176652 	 0.00032461 
2.909000 	 0 	 0.04059581 	 0.00022143 
2.909500 	 0 	 0.03879219 	 0.00022156 
2.910000 	 0 	 0.03666727 	 0.00021299 
2.910300 	 0 	 0.03480404 	 0.00020875 
2.911500 	 0 	 0.02993594 	 0.00018481 
2.912500 	 0 	 0.02650552 	 0.00019894 
2.913400 	 0 	 0.02292226 	 0.00016928 
2.913900 	 0 	 0.02195751 	 0.00015878 
2.914500 	 0 	 0.02076282 	 0.00020857 
2.915000 	 0 	 0.01999155 	 0.00022356 
2.915400 	 0 	 0.01977053 	 0.00032434 
2.915500 	 0 	 0.01966894 	 0.00026880 
2.915700 	 0 	 0.01922156 	 0.00036945 
2.915800 	 0 	 0.01904033 	 0.00030101 
2.916000 	 0 	 0.01869405 	 0.00026306 
2.916500 	 0 	 0.01798175 	 0.00018532 
2.916900 	 0 	 0.01779343 	 0.00015908 
2.917500 	 0 	 0.01714924 	 0.00009781 
2.917900 	 0 	 0.01646125 	 0.00014903 
2.918400 	 0 	 0.01632792 	 0.00009288 
2.918900 	 0 	 0.01589025 	 0.00009424 
2.919500 	 0 	 0.01553011 	 0.00008293 
2.919900 	 0 	 0.01508176 	 0.00009760 
2.920400 	 0 	 0.01484438 	 0.00009690 
2.920800 	 0 	 0.01451348 	 0.00010245 
2.921400 	 0 	 0.01424906 	 0.00008951 
2.921900 	 0 	 0.01399893 	 0.00009967 
2.922500 	 0 	 0.01370649 	 0.00010022 
2.923000 	 0 	 0.01340286 	 0.00011575 
2.923500 	 0 	 0.01315108 	 0.00011184 
2.925800 	 0 	 0.01226328 	 0.00009850 
2.929800 	 0 	 0.01087432 	 0.00010371 
2.939700 	 0 	 0.00892624 	 0.00009058 
2.950100 	 0 	 0.00792266 	 0.00009525 
2.959700 	 0 	 0.00699475 	 0.00009428 
2.969800 	 0 	 0.00617094 	 0.00008167 
2.979800 	 0 	 0.00597413 	 0.00009432 
2.989700 	 0 	 0.00609888 	 0.00009793 
2.998400 	 0 	 0.00718452 	 0.00018666 
2.999900 	 0 	 0.00759023 	 0.00014973 
3.003500 	 0 	 0.00885724 	 0.00015095 
3.007600 	 0 	 0.00998505 	 0.00018333 
3.009500 	 0 	 0.01049581 	 0.00015194 
3.010800 	 0 	 0.01083162 	 0.00021714 
3.011200 	 0 	 0.01108398 	 0.00022159 
3.011600 	 0 	 0.01116802 	 0.00022803 
3.011800 	 0 	 0.01135348 	 0.00020223 
3.012000 	 0 	 0.01136507 	 0.00022915 
3.012200 	 0 	 0.01139639 	 0.00019569 
3.012500 	 0 	 0.01139572 	 0.00021770 
3.013000 	 0 	 0.01113476 	 0.00021142 
3.013400 	 0 	 0.01120785 	 0.00021409 
3.013900 	 0 	 0.01061088 	 0.00019705 
3.014500 	 0 	 0.01039751 	 0.00022339 
3.015000 	 0 	 0.00988074 	 0.00017065 
3.015600 	 0 	 0.00955878 	 0.00016111 
3.016000 	 0 	 0.00917820 	 0.00017898 
3.016500 	 0 	 0.00913478 	 0.00014795 
3.017000 	 0 	 0.00881086 	 0.00013025 
3.017600 	 0 	 0.00851710 	 0.00013992 
3.018100 	 0 	 0.00855555 	 0.00018405 
3.018500 	 0 	 0.00840279 	 0.00018505 
3.019500 	 0 	 0.00829861 	 0.00019907 
3.021700 	 0 	 0.00759938 	 0.00018901 
3.025400 	 0 	 0.00698666 	 0.00017690 
3.029400 	 0 	 0.00671081 	 0.00016464 
3.031500 	 0 	 0.00666750 	 0.00013549 
3.032500 	 0 	 0.00682483 	 0.00018777 
3.033100 	 0 	 0.00671427 	 0.00017746 
3.033500 	 0 	 0.00670476 	 0.00015247 
3.033800 	 0 	 0.00666806 	 0.00013025 
3.034000 	 0 	 0.00679234 	 0.00018002 
3.034300 	 0 	 0.00693203 	 0.00023233 
3.034500 	 0 	 0.00723367 	 0.00025285 
3.035400 	 0 	 0.00674348 	 0.00020302 
3.036500 	 0 	 0.00668087 	 0.00018322 
3.037500 	 0 	 0.00684187 	 0.00019466 
3.038500 	 0 	 0.00693536 	 0.00020134 
3.039500 	 0 	 0.00680302 	 0.00015245 
3.041500 	 0 	 0.00718861 	 0.00017831 
3.045400 	 0 	 0.00742949 	 0.00019615 
3.049500 	 0 	 0.00817237 	 0.00019551 
3.053500 	 0 	 0.00923379 	 0.00020538 
3.057500 	 0 	 0.01080158 	 0.00022837 
3.059500 	 0 	 0.01259188 	 0.00023615 
3.060000 	 0 	 0.01314143 	 0.00025986 
3.060500 	 0 	 0.01398886 	 0.00028684 
3.060800 	 0 	 0.01439220 	 0.00026644 
3.061000 	 0 	 0.01460669 	 0.00029726 
3.061300 	 0 	 0.01482953 	 0.00029125 
3.061500 	 0 	 0.01550341 	 0.00029544 
3.061800 	 0 	 0.01599809 	 0.00029673 
3.062100 	 0 	 0.01672008 	 0.00027482 
3.062300 	 0 	 0.01680114 	 0.00029571 
3.062600 	 0 	 0.01751120 	 0.00031966 
3.062700 	 0 	 0.01751221 	 0.00032283 
3.063000 	 0 	 0.01782177 	 0.00018309 
3.063200 	 0 	 0.01819386 	 0.00017508 
3.063500 	 0 	 0.01857762 	 0.00018775 
3.063700 	 0 	 0.01851788 	 0.00019553 
3.064000 	 0 	 0.01861084 	 0.00021628 
3.064300 	 0 	 0.01863832 	 0.00018711 
3.064500 	 0 	 0.01847630 	 0.00019214 
3.064800 	 0 	 0.01838583 	 0.00018792 
3.065000 	 0 	 0.01861458 	 0.00018911 
3.065300 	 0 	 0.01828249 	 0.00018287 
3.065500 	 0 	 0.01840126 	 0.00018403 
3.065700 	 0 	 0.01822225 	 0.00021350 
3.066100 	 0 	 0.01809238 	 0.00017346 
3.066600 	 0 	 0.01793997 	 0.00019187 
3.067100 	 0 	 0.01819269 	 0.00019371 
3.067400 	 0 	 0.01838737 	 0.00020106 
3.068600 	 0 	 0.01891068 	 0.00020150 
3.069500 	 0 	 0.01976854 	 0.00019350 
3.070400 	 0 	 0.02117507 	 0.00017152 
3.071600 	 0 	 0.02292141 	 0.00021065 
3.072000 	 0 	 0.02331803 	 0.00018238 
3.072300 	 0 	 0.02412620 	 0.00022304 
3.072600 	 0 	 0.02459622 	 0.00025672 
3.072800 	 0 	 0.02500238 	 0.00024184 
3.073100 	 0 	 0.02575004 	 0.00025464 
3.073300 	 0 	 0.02595863 	 0.00027036 
3.073500 	 0 	 0.02636689 	 0.00024251 
3.073800 	 0 	 0.02679541 	 0.00025610 
3.074000 	 0 	 0.02707137 	 0.00024540 
3.074600 	 0 	 0.02796924 	 0.00023399 
3.074900 	 0 	 0.02847799 	 0.00025585 
3.075400 	 0 	 0.02953711 	 0.00024964 
3.075900 	 0 	 0.03010747 	 0.00025735 
3.076500 	 0 	 0.03096623 	 0.00026521 
3.077500 	 0 	 0.03172942 	 0.00021967 
3.079500 	 0 	 0.03286935 	 0.00034720 
3.081500 	 0 	 0.03176727 	 0.00027023 
3.082400 	 0 	 0.03099082 	 0.00025447 
3.083100 	 0 	 0.03034728 	 0.00026233 
3.084600 	 0 	 0.02875215 	 0.00025962 
3.085500 	 0 	 0.02765758 	 0.00027885 
3.087500 	 0 	 0.02618817 	 0.00023462 
3.088500 	 0 	 0.02579167 	 0.00022742 
3.089500 	 0 	 0.02563179 	 0.00023147 
3.090500 	 0 	 0.02538163 	 0.00022646 
3.091500 	 0 	 0.02586319 	 0.00025718 
3.092500 	 0 	 0.02593889 	 0.00023583 
3.093600 	 0 	 0.02656699 	 0.00025063 
3.094600 	 0 	 0.02688785 	 0.00025043 
3.095500 	 0 	 0.02673354 	 0.00025863 
3.097500 	 0 	 0.02685967 	 0.00024578 
3.099100 	 0 	 0.02833750 	 0.00030740 
3.099400 	 0 	 0.02914195 	 0.00023367 
3.100100 	 0 	 0.03300313 	 0.00028323 
3.100800 	 0 	 0.03968082 	 0.00029011 
3.101000 	 0 	 0.04131798 	 0.00032931 
3.101200 	 0 	 0.04309952 	 0.00028786 
3.101600 	 0 	 0.04229896 	 0.00032185 
3.101800 	 0 	 0.04130645 	 0.00032392 
3.102000 	 0 	 0.03946465 	 0.00032087 
3.102200 	 0 	 0.03739136 	 0.00033386 
3.102500 	 0 	 0.03470544 	 0.00032881 
3.103000 	 0 	 0.03044439 	 0.00026607 
3.103500 	 0 	 0.02726825 	 0.00025980 
3.104000 	 0 	 0.02579672 	 0.00025702 
3.104600 	 0 	 0.02412311 	 0.00021339 
3.104900 	 0 	 0.02354006 	 0.00022664 
3.105400 	 0 	 0.02228862 	 0.00022603 
3.106100 	 0 	 0.02151470 	 0.00025124 
3.106600 	 0 	 0.02115994 	 0.00025162 
3.107000 	 0 	 0.02052879 	 0.00025393 
3.107300 	 0 	 0.02036726 	 0.00026000 
3.111500 	 0 	 0.01835668 	 0.00026316 
3.115100 	 0 	 0.01765006 	 0.00025115 
3.119500 	 0 	 0.01745849 	 0.00024958 
3.123500 	 0 	 0.01768331 	 0.00024531 
3.134400 	 0 	 0.01737757 	 0.00018104 
3.138400 	 0 	 0.01674932 	 0.00018529 
3.142200 	 0 	 0.01648715 	 0.00017468 
3.147100 	 0 	 0.01629634 	 0.00022310 
3.151500 	 0 	 0.01609292 	 0.00021415 
3.156500 	 0 	 0.01605708 	 0.00018412 
3.157300 	 0 	 0.01628145 	 0.00020165 
3.157900 	 0 	 0.01626411 	 0.00015330 
3.158400 	 0 	 0.01628921 	 0.00019466 
3.159300 	 0 	 0.01622403 	 0.00023467 
3.160400 	 0 	 0.01648220 	 0.00019291 
3.161200 	 0 	 0.01645597 	 0.00012612 
3.162000 	 0 	 0.01654419 	 0.00018041 
3.162700 	 0 	 0.01650445 	 0.00016108 
3.163400 	 0 	 0.01666317 	 0.00013543 
3.164800 	 0 	 0.01656771 	 0.00012954 
3.166100 	 0 	 0.01687438 	 0.00018712 
3.167100 	 0 	 0.01673803 	 0.00017981 
3.168400 	 0 	 0.01709058 	 0.00017006 
3.169900 	 0 	 0.01727392 	 0.00018408 
3.172300 	 0 	 0.01755288 	 0.00021579 
3.173300 	 0 	 0.01795548 	 0.00016848 
3.174300 	 0 	 0.01799322 	 0.00021661 
3.176800 	 0 	 0.01850179 	 0.00019781 
3.177600 	 0 	 0.01951103 	 0.00026412 
3.183400 	 0 	 0.02062497 	 0.00012678 
3.189300 	 0 	 0.02079430 	 0.00009717 
3.191500 	 0 	 0.02118044 	 0.00014011 
3.193400 	 0 	 0.02156116 	 0.00026083 
3.194400 	 0 	 0.02190345 	 0.00030384 
3.195400 	 0 	 0.02174003 	 0.00027511 
3.196500 	 0 	 0.02191430 	 0.00028309 
3.197100 	 0 	 0.02206402 	 0.00019600 
3.198200 	 0 	 0.02272407 	 0.00029502 
