2.120055 0.000000 0.000265 0.000023
2.121159 0.000000 0.000261 0.000029
2.122163 0.000000 0.000277 0.000027
2.123166 0.000000 0.000327 0.000023
2.124170 0.000000 0.000647 0.000026
2.124672 0.000000 0.001285 0.000034
2.125174 0.000000 0.002702 0.000053
2.125475 0.000000 0.002196 0.000050
2.126680 0.000000 0.000700 0.000037
2.127683 0.000000 0.000607 0.000030
2.128587 0.000000 0.000597 0.000035
2.132501 0.000000 0.000386 0.000032
2.137621 0.000000 0.000236 0.000057
2.139528 0.000000 0.000183 0.000069
2.161711 0.000000 0.000093 0.000009
2.166429 0.000000 0.000376 0.000018
2.170845 0.000000 0.000319 0.000016
2.175362 0.000000 0.000181 0.000067
2.175964 0.000000 0.000151 0.000014
2.176366 0.000000 0.002307 0.000060
2.176767 0.000000 0.002501 0.000034
2.176868 0.000000 0.006084 0.000080
2.177269 0.000000 0.002020 0.000065
2.177871 0.000000 0.000978 0.000024
2.178273 0.000000 0.000394 0.000021
2.178775 0.000000 0.000476 0.000024
2.179879 0.000000 0.000154 0.000022
2.180983 0.000000 0.000084 0.000010
2.186905 0.000000 0.000104 0.000021
2.191523 0.000000 0.000053 0.000011
2.196642 0.000000 0.000261 0.000017
2.199352 0.000000 0.000612 0.000023
2.199954 0.000000 0.000291 0.000021
2.200055 0.000000 0.000860 0.000043
2.200356 0.000000 0.000393 0.000023
2.200456 0.000000 0.000436 0.000042
2.200958 0.000000 0.001920 0.000070
2.201058 0.000000 0.000273 0.000030
2.201360 0.000000 0.000878 0.000045
2.201761 0.000000 0.000425 0.000018
2.201962 0.000000 0.000251 0.000035
2.203769 0.000000 0.000152 0.000017
2.205977 0.000000 0.000115 0.000034
2.206880 0.000000 0.000153 0.000054
2.207382 0.000000 0.000091 0.000011
2.211698 0.000000 0.000097 0.000015
2.211899 0.000000 0.000091 0.000023
2.215814 0.000000 0.000113 0.000017
2.221937 0.000000 0.000149 0.000047
2.226654 0.000000 0.000121 0.000015
2.231472 0.000000 0.000090 0.000012
2.246730 0.000000 0.000148 0.000045
2.251648 0.000000 0.000150 0.000054
2.256566 0.000000 0.000134 0.000031
2.261786 0.000000 0.000096 0.000013
2.266403 0.000000 0.000149 0.000054
2.271322 0.000000 0.000095 0.000015
2.276943 0.000000 0.000100 0.000020
2.281661 0.000000 0.000114 0.000031
2.292300 0.000000 0.000093 0.000019
2.294007 0.000000 0.000133 0.000017
2.298022 0.000000 0.000132 0.000023
2.300130 0.000000 0.000110 0.000020
2.302137 0.000000 0.000294 0.000022
2.304346 0.000000 0.000124 0.000018
2.305851 0.000000 0.000116 0.000019
2.308260 0.000000 0.000142 0.000023
2.310067 0.000000 0.000165 0.000026
2.312175 0.000000 0.000174 0.000032
2.316290 0.000000 0.000131 0.000044
2.320406 0.000000 0.000163 0.000035
2.322112 0.000000 0.000112 0.000021
2.323317 0.000000 0.000138 0.000016
2.324220 0.000000 0.000129 0.000015
2.325324 0.000000 0.000148 0.000017
2.326930 0.000000 0.000278 0.000024
2.327533 0.000000 0.000369 0.000024
2.327934 0.000000 0.000510 0.000022
2.328235 0.000000 0.000657 0.000034
2.328436 0.000000 0.000662 0.000036
2.329038 0.000000 0.000755 0.000029
2.329440 0.000000 0.000595 0.000034
2.329942 0.000000 0.000452 0.000031
2.330443 0.000000 0.000371 0.000026
2.331046 0.000000 0.000281 0.000021
2.331447 0.000000 0.000243 0.000018
2.332250 0.000000 0.000182 0.000030
2.332351 0.000000 0.000189 0.000016
2.336366 0.000000 0.000125 0.000043
2.336466 0.000000 0.000140 0.000015
2.339879 0.000000 0.000169 0.000026
2.344195 0.000000 0.000187 0.000048
2.344295 0.000000 0.000119 0.000011
2.346002 0.000000 0.000133 0.000026
2.347708 0.000000 0.000135 0.000021
2.349214 0.000000 0.000163 0.000020
2.350519 0.000000 0.000203 0.000035
2.350619 0.000000 0.000166 0.000023
2.352024 0.000000 0.000152 0.000020
2.352225 0.000000 0.000160 0.000038
2.353028 0.000000 0.000171 0.000022
2.353731 0.000000 0.000173 0.000018
2.354433 0.000000 0.000134 0.000060
2.354534 0.000000 0.000218 0.000020
2.355337 0.000000 0.000215 0.000022
2.356140 0.000000 0.000222 0.000021
2.356441 0.000000 0.000225 0.000040
2.356642 0.000000 0.000260 0.000021
2.357244 0.000000 0.000281 0.000022
2.357746 0.000000 0.000348 0.000023
2.358248 0.000000 0.000364 0.000021
2.358549 0.000000 0.000335 0.000041
2.358950 0.000000 0.000487 0.000023
2.359452 0.000000 0.000517 0.000024
2.359954 0.000000 0.000556 0.000027
2.360857 0.000000 0.000570 0.000022
2.361359 0.000000 0.000548 0.000027
2.361761 0.000000 0.000503 0.000026
2.363066 0.000000 0.000502 0.000019
2.363568 0.000000 0.000497 0.000018
2.363768 0.000000 0.000444 0.000034
2.364070 0.000000 0.000490 0.000019
2.364571 0.000000 0.000501 0.000017
2.365073 0.000000 0.000529 0.000017
2.365475 0.000000 0.000528 0.000019
2.365977 0.000000 0.000559 0.000018
2.366378 0.000000 0.000543 0.000026
2.366579 0.000000 0.000605 0.000022
2.366980 0.000000 0.000660 0.000021
2.367482 0.000000 0.000715 0.000023
2.367984 0.000000 0.000760 0.000022
2.368586 0.000000 0.000832 0.000023
2.369088 0.000000 0.000920 0.000025
2.369490 0.000000 0.000951 0.000025
2.369992 0.000000 0.001023 0.000026
2.370494 0.000000 0.001082 0.000025
2.371096 0.000000 0.001157 0.000029
2.371899 0.000000 0.001139 0.000026
2.372200 0.000000 0.001146 0.000027
2.372501 0.000000 0.001105 0.000027
2.373204 0.000000 0.001072 0.000029
2.373505 0.000000 0.001011 0.000026
2.374107 0.000000 0.000934 0.000025
2.374609 0.000000 0.000903 0.000025
2.374910 0.000000 0.000885 0.000032
2.375111 0.000000 0.000826 0.000023
2.375613 0.000000 0.000761 0.000028
2.376717 0.000000 0.000578 0.000021
2.377620 0.000000 0.000474 0.000019
2.378524 0.000000 0.000420 0.000017
2.379628 0.000000 0.000347 0.000019
2.380531 0.000000 0.000314 0.000016
2.382539 0.000000 0.000249 0.000019
2.384546 0.000000 0.000204 0.000018
2.386654 0.000000 0.000189 0.000017
2.388662 0.000000 0.000396 0.000020
2.390569 0.000000 0.000203 0.000017
2.392476 0.000000 0.000185 0.000017
2.392777 0.000000 0.000212 0.000020
2.394484 0.000000 0.000179 0.000016
2.396591 0.000000 0.000221 0.000020
2.397495 0.000000 0.000251 0.000022
2.398699 0.000000 0.000220 0.000019
2.400707 0.000000 0.000269 0.000017
2.402514 0.000000 0.000212 0.000021
2.402815 0.000000 0.000242 0.000015
2.404421 0.000000 0.000187 0.000012
2.406228 0.000000 0.000142 0.000012
2.408436 0.000000 0.000148 0.000013
2.410544 0.000000 0.000160 0.000012
2.414458 0.000000 0.000119 0.000009
2.417269 0.000000 0.000125 0.000009
2.417670 0.000000 0.000126 0.000015
2.422288 0.000000 0.000167 0.000015
2.422489 0.000000 0.000147 0.000011
2.426403 0.000000 0.000209 0.000018
2.426604 0.000000 0.000214 0.000011
2.429314 0.000000 0.000325 0.000013
2.430719 0.000000 0.000349 0.000021
2.431422 0.000000 0.000445 0.000018
2.432727 0.000000 0.000561 0.000018
2.433731 0.000000 0.000585 0.000028
2.434734 0.000000 0.000769 0.000015
2.435537 0.000000 0.000849 0.000030
2.436642 0.000000 0.001515 0.000027
2.437746 0.000000 0.001632 0.000037
2.438047 0.000000 0.002211 0.000036
2.438850 0.000000 0.002233 0.000043
2.439854 0.000000 0.002939 0.000040
2.440356 0.000000 0.003245 0.000041
2.441660 0.000000 0.003635 0.000042
2.441761 0.000000 0.003684 0.000044
2.442062 0.000000 0.003610 0.000043
2.442463 0.000000 0.003448 0.000041
2.442664 0.000000 0.003120 0.000030
2.442965 0.000000 0.003247 0.000041
2.444672 0.000000 0.001981 0.000032
2.444872 0.000000 0.002073 0.000034
2.445776 0.000000 0.001641 0.000031
2.446679 0.000000 0.001181 0.000024
2.446880 0.000000 0.001244 0.000027
2.448687 0.000000 0.000842 0.000025
2.450594 0.000000 0.000582 0.000023
2.450795 0.000000 0.000597 0.000024
2.452802 0.000000 0.000442 0.000022
2.454709 0.000000 0.000347 0.000015
2.455111 0.000000 0.000316 0.000023
2.456817 0.000000 0.000278 0.000022
2.461033 0.000000 0.000258 0.000016
2.466754 0.000000 0.000325 0.000018
2.467758 0.000000 0.000307 0.000021
2.468762 0.000000 0.000396 0.000021
2.468862 0.000000 0.000456 0.000017
2.469264 0.000000 0.000467 0.000028
2.469866 0.000000 0.000549 0.000028
2.470368 0.000000 0.002557 0.000045
2.470770 0.000000 0.001454 0.000028
2.470970 0.000000 0.001967 0.000043
2.471372 0.000000 0.001201 0.000036
2.471874 0.000000 0.001159 0.000035
2.472376 0.000000 0.001322 0.000038
2.473580 0.000000 0.002175 0.000042
2.473982 0.000000 0.002408 0.000049
2.474283 0.000000 0.002581 0.000048
2.474785 0.000000 0.002506 0.000046
2.474885 0.000000 0.002159 0.000037
2.475387 0.000000 0.002098 0.000036
2.477796 0.000000 0.000762 0.000033
2.478900 0.000000 0.000513 0.000024
2.479803 0.000000 0.000453 0.000025
2.481911 0.000000 0.000557 0.000031
2.482815 0.000000 0.000497 0.000030
2.482915 0.000000 0.000473 0.000015
2.483919 0.000000 0.000516 0.000013
2.484019 0.000000 0.000415 0.000028
2.484521 0.000000 0.000482 0.000030
2.485424 0.000000 0.001524 0.000024
2.485525 0.000000 0.000948 0.000035
2.485926 0.000000 0.003155 0.000044
2.486027 0.000000 0.001660 0.000042
2.486428 0.000000 0.003718 0.000061
2.486529 0.000000 0.013568 0.000112
2.488536 0.000000 0.003226 0.000031
2.488737 0.000000 0.003990 0.000062
2.489038 0.000000 0.002079 0.000028
2.489440 0.000000 0.001458 0.000020
2.490544 0.000000 0.000800 0.000014
2.490945 0.000000 0.000677 0.000014
2.491046 0.000000 0.000818 0.000030
2.491949 0.000000 0.000507 0.000028
2.492049 0.000000 0.000470 0.000014
2.492852 0.000000 0.000401 0.000025
2.492953 0.000000 0.000332 0.000010
2.493956 0.000000 0.000254 0.000010
2.494157 0.000000 0.000240 0.000020
2.495864 0.000000 0.000195 0.000011
2.496064 0.000000 0.000205 0.000020
2.496968 0.000000 0.000179 0.000020
2.497871 0.000000 0.000177 0.000015
2.497972 0.000000 0.000151 0.000009
2.499176 0.000000 0.000159 0.000016
2.499879 0.000000 0.000153 0.000017
2.499979 0.000000 0.000132 0.000009
2.500983 0.000000 0.000149 0.000018
2.501987 0.000000 0.000141 0.000015
2.502388 0.000000 0.000138 0.000008
2.503091 0.000000 0.000169 0.000022
2.503994 0.000000 0.000143 0.000022
2.504998 0.000000 0.000138 0.000017
2.506002 0.000000 0.000155 0.000015
2.506805 0.000000 0.000177 0.000016
2.508009 0.000000 0.000165 0.000038
2.509113 0.000000 0.000164 0.000023
2.509816 0.000000 0.000126 0.000021
2.511020 0.000000 0.000169 0.000020
2.512125 0.000000 0.000146 0.000017
2.513429 0.000000 0.000158 0.000029
2.513831 0.000000 0.000168 0.000019
2.516140 0.000000 0.003383 0.000060
2.518147 0.000000 0.000254 0.000027
2.519552 0.000000 0.000166 0.000020
2.521761 0.000000 0.000213 0.000022
2.523969 0.000000 0.000198 0.000018
2.526077 0.000000 0.000194 0.000024
2.528185 0.000000 0.000201 0.000022
2.530192 0.000000 0.000205 0.000021
2.532099 0.000000 0.000178 0.000018
2.534107 0.000000 0.000175 0.000027
2.536215 0.000000 0.000187 0.000022
2.538222 0.000000 0.000248 0.000022
2.540029 0.000000 0.000224 0.000020
2.542539 0.000000 0.000244 0.000022
2.544044 0.000000 0.000239 0.000025
2.546052 0.000000 0.000254 0.000026
2.548059 0.000000 0.000286 0.000024
2.550268 0.000000 0.000345 0.000024
2.552275 0.000000 0.000321 0.000022
2.554182 0.000000 0.000473 0.000026
2.556190 0.000000 0.000558 0.000023
2.558298 0.000000 0.000597 0.000032
2.560205 0.000000 0.000710 0.000033
2.562313 0.000000 0.000951 0.000036
2.564220 0.000000 0.001232 0.000033
2.566328 0.000000 0.001833 0.000052
2.568235 0.000000 0.002972 0.000049
2.570242 0.000000 0.004645 0.000055
2.572350 0.000000 0.005756 0.000058
2.574258 0.000000 0.004723 0.000058
2.576365 0.000000 0.003412 0.000048
2.578273 0.000000 0.002663 0.000041
2.580180 0.000000 0.002258 0.000041
2.582288 0.000000 0.002032 0.000038
2.584195 0.000000 0.001836 0.000039
2.586403 0.000000 0.001694 0.000036
2.588411 0.000000 0.001627 0.000038
2.590217 0.000000 0.001486 0.000036
2.592426 0.000000 0.001377 0.000035
2.594232 0.000000 0.001284 0.000034
2.596441 0.000000 0.001261 0.000036
2.598448 0.000000 0.001197 0.000033
2.600255 0.000000 0.001128 0.000031
2.601259 0.000000 0.001135 0.000035
2.602564 0.000000 0.001312 0.000035
2.603467 0.000000 0.002322 0.000042
2.605575 0.000000 0.002265 0.000043
2.607181 0.000000 0.001100 0.000032
2.609289 0.000000 0.000807 0.000029
2.611497 0.000000 0.000643 0.000029
2.613404 0.000000 0.000772 0.000029
2.618022 0.000000 0.000514 0.000026
2.623542 0.000000 0.000462 0.000026
2.627959 0.000000 0.000436 0.000026
2.632978 0.000000 0.000448 0.000029
2.638599 0.000000 0.000453 0.000027
2.643216 0.000000 0.000490 0.000026
2.648536 0.000000 0.000546 0.000028
2.653053 0.000000 0.000679 0.000029
2.655562 0.000000 0.000827 0.000029
2.657570 0.000000 0.000931 0.000033
2.659377 0.000000 0.001114 0.000034
2.661284 0.000000 0.001301 0.000029
2.663492 0.000000 0.001718 0.000034
2.665399 0.000000 0.002056 0.000037
2.667608 0.000000 0.002592 0.000051
2.669916 0.000000 0.003002 0.000048
2.671723 0.000000 0.003036 0.000047
2.673931 0.000000 0.002743 0.000037
2.675336 0.000000 0.002546 0.000036
2.677545 0.000000 0.002315 0.000035
2.679452 0.000000 0.001715 0.000035
2.681660 0.000000 0.001351 0.000035
2.688486 0.000000 0.000912 0.000026
2.693404 0.000000 0.000814 0.000026
2.698523 0.000000 0.000871 0.000024
2.701735 0.000000 0.000816 0.000032
2.703743 0.000000 0.000995 0.000027
2.706754 0.000000 0.001128 0.000037
2.707758 0.000000 0.001352 0.000033
2.708862 0.000000 0.001443 0.000042
2.709766 0.000000 0.001792 0.000048
2.710368 0.000000 0.002221 0.000054
2.710870 0.000000 0.002838 0.000064
2.711271 0.000000 0.003904 0.000051
2.711472 0.000000 0.004110 0.000070
2.711773 0.000000 0.005463 0.000080
2.712375 0.000000 0.012883 0.000126
2.712576 0.000000 0.015225 0.000130
2.713178 0.000000 0.017630 0.000155
2.713379 0.000000 0.016160 0.000158
2.713479 0.000000 0.015735 0.000177
2.713781 0.000000 0.012796 0.000090
2.713881 0.000000 0.011205 0.000138
2.714383 0.000000 0.008291 0.000096
2.714885 0.000000 0.006127 0.000099
2.715286 0.000000 0.005007 0.000085
2.716290 0.000000 0.003685 0.000094
2.716892 0.000000 0.003323 0.000069
2.717394 0.000000 0.003148 0.000073
2.718398 0.000000 0.002911 0.000065
2.718699 0.000000 0.002991 0.000064
2.719502 0.000000 0.002817 0.000076
2.719904 0.000000 0.002987 0.000060
2.720004 0.000000 0.002904 0.000075
2.720405 0.000000 0.002738 0.000093
2.720907 0.000000 0.002939 0.000091
2.721309 0.000000 0.003047 0.000084
2.722413 0.000000 0.002951 0.000092
2.723417 0.000000 0.003071 0.000101
2.723617 0.000000 0.003383 0.000068
2.723818 0.000000 0.003204 0.000107
2.724019 0.000000 0.003493 0.000081
2.724220 0.000000 0.003530 0.000076
2.724922 0.000000 0.004214 0.000087
2.726930 0.000000 0.004377 0.000081
2.727733 0.000000 0.004041 0.000061
2.727934 0.000000 0.003782 0.000075
2.728937 0.000000 0.003684 0.000056
2.729941 0.000000 0.003473 0.000078
2.730845 0.000000 0.003380 0.000067
2.731648 0.000000 0.003541 0.000066
2.731949 0.000000 0.003372 0.000082
2.732952 0.000000 0.003414 0.000088
2.734057 0.000000 0.003485 0.000077
2.734960 0.000000 0.003701 0.000061
2.735462 0.000000 0.003802 0.000079
2.735763 0.000000 0.004064 0.000071
2.735863 0.000000 0.004009 0.000087
2.735964 0.000000 0.004162 0.000087
2.736466 0.000000 0.004452 0.000102
2.736867 0.000000 0.004929 0.000098
2.737469 0.000000 0.005837 0.000120
2.737871 0.000000 0.006711 0.000100
2.738072 0.000000 0.007414 0.000111
2.738172 0.000000 0.007863 0.000113
2.738373 0.000000 0.008435 0.000138
2.738674 0.000000 0.011934 0.000130
2.738774 0.000000 0.011748 0.000094
2.738875 0.000000 0.011579 0.000146
2.738975 0.000000 0.010126 0.000156
2.739276 0.000000 0.012997 0.000154
2.739377 0.000000 0.018735 0.000191
2.739477 0.000000 0.015145 0.000163
2.739778 0.000000 0.019368 0.000201
2.739878 0.000000 0.030049 0.000236
2.739979 0.000000 0.024564 0.000179
2.740180 0.000000 0.031183 0.000259
2.740380 0.000000 0.044899 0.000324
2.740481 0.000000 0.039950 0.000328
2.740681 0.000000 0.045999 0.000094
2.741986 0.000000 0.019891 0.000088
2.742287 0.000000 0.015013 0.000079
2.742388 0.000000 0.017023 0.000127
2.743090 0.000000 0.007929 0.000062
2.743492 0.000000 0.006729 0.000049
2.743793 0.000000 0.006637 0.000067
2.743994 0.000000 0.006290 0.000052
2.744295 0.000000 0.005175 0.000076
2.744697 0.000000 0.004406 0.000054
2.744797 0.000000 0.004235 0.000074
2.745198 0.000000 0.003772 0.000048
2.745399 0.000000 0.003645 0.000050
2.745700 0.000000 0.003521 0.000045
2.745901 0.000000 0.003222 0.000056
2.746001 0.000000 0.003473 0.000042
2.746303 0.000000 0.002947 0.000051
2.746804 0.000000 0.002661 0.000043
2.746905 0.000000 0.002843 0.000037
2.747206 0.000000 0.002496 0.000031
2.747808 0.000000 0.002497 0.000035
2.749314 0.000000 0.002047 0.000051
2.749615 0.000000 0.002067 0.000048
2.749916 0.000000 0.002079 0.000038
2.750016 0.000000 0.002106 0.000035
2.751823 0.000000 0.002057 0.000034
2.752024 0.000000 0.001924 0.000053
2.755537 0.000000 0.001985 0.000051
2.756039 0.000000 0.002115 0.000040
2.759753 0.000000 0.002125 0.000058
2.761861 0.000000 0.002291 0.000034
2.761961 0.000000 0.002137 0.000050
2.762564 0.000000 0.002093 0.000051
2.762965 0.000000 0.002139 0.000057
2.763367 0.000000 0.002122 0.000038
2.764471 0.000000 0.002037 0.000047
2.764973 0.000000 0.001990 0.000056
2.765474 0.000000 0.001981 0.000043
2.765876 0.000000 0.002104 0.000033
2.765976 0.000000 0.001966 0.000052
2.766980 0.000000 0.001727 0.000059
2.767883 0.000000 0.001887 0.000035
2.768084 0.000000 0.001661 0.000052
2.769891 0.000000 0.001555 0.000045
2.769991 0.000000 0.001726 0.000034
2.771798 0.000000 0.001514 0.000032
2.773705 0.000000 0.001247 0.000026
2.774006 0.000000 0.001301 0.000033
2.776014 0.000000 0.001190 0.000031
2.778624 0.000000 0.000803 0.000046
2.780029 0.000000 0.000920 0.000033
2.783843 0.000000 0.000735 0.000033
2.787959 0.000000 0.000653 0.000029
2.791974 0.000000 0.000592 0.000035
2.794282 0.000000 0.000452 0.000032
2.795989 0.000000 0.000509 0.000032
2.800104 0.000000 0.000478 0.000036
2.803417 0.000000 0.000696 0.000031
2.803919 0.000000 0.000611 0.000046
2.806829 0.000000 0.001859 0.000032
2.807733 0.000000 0.002951 0.000064
2.807833 0.000000 0.001832 0.000061
2.808737 0.000000 0.004137 0.000052
2.809038 0.000000 0.006470 0.000092
2.809339 0.000000 0.008070 0.000103
2.809540 0.000000 0.009096 0.000108
2.810343 0.000000 0.012473 0.000121
2.810443 0.000000 0.012516 0.000124
2.810744 0.000000 0.011955 0.000124
2.811346 0.000000 0.008809 0.000110
2.811848 0.000000 0.006485 0.000089
2.811949 0.000000 0.004513 0.000056
2.812250 0.000000 0.004750 0.000084
2.812752 0.000000 0.003671 0.000075
2.813254 0.000000 0.002908 0.000070
2.815863 0.000000 0.001232 0.000035
2.818172 0.000000 0.000706 0.000032
2.820180 0.000000 0.000540 0.000031
2.822287 0.000000 0.000496 0.000030
2.823893 0.000000 0.000435 0.000031
2.826102 0.000000 0.000389 0.000032
2.828511 0.000000 0.000379 0.000025
2.830719 0.000000 0.000277 0.000027
2.833730 0.000000 0.000330 0.000029
2.836340 0.000000 0.000332 0.000023
2.838950 0.000000 0.000283 0.000032
2.841660 0.000000 0.000333 0.000040
2.843969 0.000000 0.001128 0.000036
2.844270 0.000000 0.000636 0.000034
2.844772 0.000000 0.001231 0.000041
2.845073 0.000000 0.003125 0.000073
2.845374 0.000000 0.006289 0.000096
2.845675 0.000000 0.006136 0.000101
2.845976 0.000000 0.004761 0.000094
2.846177 0.000000 0.003207 0.000081
2.846277 0.000000 0.001324 0.000036
2.847783 0.000000 0.000441 0.000031
2.850794 0.000000 0.000424 0.000036
2.855913 0.000000 0.000332 0.000029
2.858122 0.000000 0.000338 0.000034
2.860129 0.000000 0.000376 0.000025
2.862438 0.000000 0.000392 0.000031
2.862940 0.000000 0.000328 0.000038
2.863442 0.000000 0.000416 0.000031
2.863843 0.000000 0.000389 0.000056
2.863944 0.000000 0.000472 0.000031
2.866252 0.000000 0.000708 0.000017
2.870368 0.000000 0.000737 0.000058
2.871974 0.000000 0.000922 0.000048
2.873479 0.000000 0.001370 0.000059
2.874282 0.000000 0.003370 0.000061
2.874383 0.000000 0.002476 0.000069
2.874885 0.000000 0.002257 0.000078
2.875286 0.000000 0.005166 0.000152
2.875487 0.000000 0.004188 0.000069
2.875587 0.000000 0.003179 0.000083
2.876089 0.000000 0.003966 0.000085
2.876491 0.000000 0.004609 0.000104
2.876691 0.000000 0.004980 0.000102
2.876993 0.000000 0.005042 0.000113
2.877294 0.000000 0.004753 0.000132
2.877394 0.000000 0.004200 0.000207
2.877494 0.000000 0.004999 0.000095
2.877695 0.000000 0.004685 0.000110
2.877896 0.000000 0.004509 0.000107
2.878398 0.000000 0.003195 0.000073
2.878498 0.000000 0.003439 0.000110
2.878599 0.000000 0.003041 0.000117
2.879301 0.000000 0.002558 0.000169
2.879402 0.000000 0.002863 0.000105
2.880305 0.000000 0.002170 0.000047
2.880405 0.000000 0.002628 0.000133
2.880506 0.000000 0.002435 0.000036
2.881309 0.000000 0.002608 0.000169
2.881509 0.000000 0.001936 0.000050
2.883316 0.000000 0.002570 0.000114
2.884521 0.000000 0.002611 0.000053
2.885324 0.000000 0.001207 0.000067
2.885524 0.000000 0.001796 0.000123
2.889439 0.000000 0.000879 0.000062
2.893354 0.000000 0.001003 0.000043
2.897269 0.000000 0.000829 0.000060
2.901284 0.000000 0.000745 0.000089
2.905399 0.000000 0.000818 0.000105
2.909013 0.000000 0.002526 0.000060
2.909414 0.000000 0.004324 0.000084
2.910418 0.000000 0.022114 0.000323
2.911020 0.000000 0.018843 0.000299
2.911422 0.000000 0.034954 0.000315
2.911723 0.000000 0.021725 0.000339
2.912024 0.000000 0.009101 0.000151
2.912526 0.000000 0.005622 0.000074
2.913128 0.000000 0.004280 0.000082
2.913630 0.000000 0.003216 0.000051
2.914132 0.000000 0.002572 0.000047
2.914634 0.000000 0.002164 0.000044
2.914935 0.000000 0.001919 0.000042
2.916139 0.000000 0.001498 0.000036
2.917143 0.000000 0.001258 0.000038
2.918046 0.000000 0.001159 0.000033
2.918548 0.000000 0.001190 0.000032
2.919151 0.000000 0.001865 0.000050
2.919652 0.000000 0.004598 0.000075
2.920054 0.000000 0.016756 0.000176
2.920154 0.000000 0.018541 0.000154
2.920355 0.000000 0.015308 0.000199
2.920455 0.000000 0.010553 0.000142
2.920656 0.000000 0.006214 0.000101
2.921158 0.000000 0.002932 0.000053
2.921560 0.000000 0.002376 0.000044
2.922162 0.000000 0.001489 0.000024
2.922563 0.000000 0.001190 0.000032
2.923065 0.000000 0.001061 0.000021
2.923567 0.000000 0.000941 0.000021
2.924169 0.000000 0.000855 0.000018
2.924571 0.000000 0.000797 0.000021
2.925073 0.000000 0.000736 0.000020
2.925474 0.000000 0.000739 0.000021
2.926077 0.000000 0.000702 0.000019
2.926578 0.000000 0.000707 0.000021
2.927181 0.000000 0.000673 0.000021
2.927683 0.000000 0.000652 0.000024
2.928184 0.000000 0.000659 0.000023
2.930493 0.000000 0.000631 0.000021
2.934508 0.000000 0.000659 0.000024
2.944445 0.000000 0.000935 0.000024
2.954885 0.000000 0.001896 0.000033
2.964521 0.000000 0.001975 0.000034
2.974659 0.000000 0.001488 0.000028
2.975562 0.000000 0.001733 0.000082
2.984696 0.000000 0.001569 0.000033
2.985098 0.000000 0.001701 0.000067
2.994634 0.000000 0.002110 0.000037
2.995838 0.000000 0.002540 0.000077
2.999853 0.000000 0.003167 0.000091
3.003366 0.000000 0.003628 0.000085
3.003868 0.000000 0.004089 0.000114
3.006378 0.000000 0.005003 0.000080
3.007482 0.000000 0.005475 0.000091
3.008385 0.000000 0.005910 0.000125
3.008485 0.000000 0.005941 0.000078
3.009288 0.000000 0.006370 0.000134
3.010493 0.000000 0.007135 0.000084
3.011396 0.000000 0.007689 0.000090
3.012501 0.000000 0.008635 0.000088
3.012601 0.000000 0.008714 0.000106
3.013404 0.000000 0.009731 0.000098
3.014508 0.000000 0.011922 0.000096
3.014608 0.000000 0.011832 0.000122
3.015512 0.000000 0.014184 0.000113
3.015813 0.000000 0.014718 0.000151
3.016214 0.000000 0.015913 0.000154
3.016616 0.000000 0.017064 0.000164
3.016817 0.000000 0.018241 0.000147
3.017017 0.000000 0.019061 0.000169
3.017218 0.000000 0.019423 0.000147
3.017519 0.000000 0.019972 0.000167
3.018021 0.000000 0.020048 0.000162
3.018423 0.000000 0.019373 0.000159
3.018925 0.000000 0.017544 0.000148
3.019426 0.000000 0.013575 0.000155
3.019527 0.000000 0.015079 0.000160
3.020029 0.000000 0.012859 0.000116
3.020631 0.000000 0.011187 0.000105
3.021033 0.000000 0.009964 0.000113
3.021534 0.000000 0.008703 0.000090
3.022036 0.000000 0.007912 0.000077
3.022639 0.000000 0.007049 0.000079
3.023140 0.000000 0.006410 0.000101
3.024546 0.000000 0.005131 0.000100
3.026754 0.000000 0.004159 0.000092
3.027557 0.000000 0.004001 0.000069
3.030468 0.000000 0.003475 0.000082
3.031371 0.000000 0.003469 0.000078
3.034483 0.000000 0.003285 0.000077
3.035386 0.000000 0.003471 0.000071
3.036591 0.000000 0.003530 0.000062
3.037494 0.000000 0.004071 0.000076
3.037595 0.000000 0.003756 0.000088
3.038197 0.000000 0.004447 0.000089
3.038799 0.000000 0.009402 0.000106
3.038900 0.000000 0.007348 0.000078
3.039301 0.000000 0.013844 0.000101
3.039401 0.000000 0.019016 0.000180
3.039502 0.000000 0.021149 0.000107
3.039602 0.000000 0.025773 0.000211
3.040004 0.000000 0.013478 0.000111
3.040506 0.000000 0.011019 0.000136
3.041610 0.000000 0.005693 0.000101
3.042613 0.000000 0.004896 0.000101
3.043617 0.000000 0.004845 0.000099
3.043918 0.000000 0.004894 0.000070
3.044621 0.000000 0.004899 0.000077
3.046628 0.000000 0.004945 0.000091
3.048134 0.000000 0.004895 0.000072
3.050543 0.000000 0.004375 0.000094
3.052149 0.000000 0.003922 0.000076
3.054056 0.000000 0.003420 0.000069
3.054659 0.000000 0.003286 0.000083
3.058071 0.000000 0.002914 0.000067
3.058674 0.000000 0.002773 0.000077
3.062086 0.000000 0.003042 0.000074
3.062689 0.000000 0.002870 0.000081
3.064696 0.000000 0.003206 0.000080
3.065198 0.000000 0.003418 0.000090
3.065700 0.000000 0.003386 0.000098
3.066001 0.000000 0.003667 0.000091
3.066101 0.000000 0.003955 0.000066
3.066202 0.000000 0.003589 0.000099
3.066503 0.000000 0.003826 0.000102
3.066704 0.000000 0.003876 0.000102
3.067005 0.000000 0.003914 0.000101
3.067306 0.000000 0.004003 0.000092
3.067507 0.000000 0.004096 0.000099
3.067808 0.000000 0.004098 0.000107
3.067908 0.000000 0.004218 0.000107
3.068109 0.000000 0.004334 0.000069
3.068209 0.000000 0.004369 0.000061
3.068410 0.000000 0.004352 0.000058
3.068711 0.000000 0.004383 0.000062
3.068912 0.000000 0.004346 0.000065
3.069113 0.000000 0.004090 0.000078
3.069213 0.000000 0.004120 0.000070
3.069514 0.000000 0.004022 0.000059
3.070016 0.000000 0.003914 0.000061
3.070117 0.000000 0.003671 0.000084
3.070217 0.000000 0.003830 0.000060
3.070518 0.000000 0.003639 0.000059
3.070719 0.000000 0.003477 0.000058
3.070920 0.000000 0.003402 0.000067
3.071321 0.000000 0.003278 0.000054
3.071823 0.000000 0.003259 0.000060
3.072325 0.000000 0.003097 0.000058
3.072626 0.000000 0.003126 0.000063
3.073830 0.000000 0.003226 0.000064
3.074734 0.000000 0.003597 0.000062
3.076239 0.000000 0.006786 0.000096
3.076842 0.000000 0.008469 0.000090
3.077143 0.000000 0.019005 0.000247
3.077544 0.000000 0.020110 0.000130
3.077645 0.000000 0.044649 0.000417
3.078046 0.000000 0.046772 0.000183
3.078147 0.000000 0.042098 0.000235
3.078548 0.000000 0.038473 0.000190
3.078649 0.000000 0.030476 0.000229
3.078749 0.000000 0.030337 0.000160
3.078950 0.000000 0.022599 0.000195
3.079050 0.000000 0.020318 0.000144
3.079753 0.000000 0.009648 0.000118
3.079853 0.000000 0.009707 0.000099
3.080656 0.000000 0.006372 0.000087
3.081760 0.000000 0.004971 0.000083
3.082764 0.000000 0.004450 0.000066
3.083065 0.000000 0.004253 0.000080
3.084771 0.000000 0.003963 0.000096
3.086779 0.000000 0.003906 0.000075
3.087181 0.000000 0.003849 0.000095
3.087682 0.000000 0.003889 0.000071
3.088385 0.000000 0.003847 0.000075
3.089891 0.000000 0.003813 0.000073
3.090794 0.000000 0.003807 0.000081
3.091095 0.000000 0.003709 0.000069
3.092802 0.000000 0.003802 0.000070
3.093805 0.000000 0.003792 0.000067
3.094809 0.000000 0.003937 0.000068
3.094909 0.000000 0.003845 0.000065
3.095813 0.000000 0.003984 0.000067
3.096817 0.000000 0.004102 0.000077
3.097820 0.000000 0.004126 0.000071
3.098925 0.000000 0.004190 0.000075
3.099025 0.000000 0.004151 0.000068
3.099928 0.000000 0.004208 0.000075
3.100832 0.000000 0.004249 0.000093
3.102839 0.000000 0.004409 0.000075
3.103140 0.000000 0.004526 0.000075
3.104345 0.000000 0.005076 0.000067
3.104445 0.000000 0.004879 0.000095
3.104746 0.000000 0.005168 0.000075
3.104847 0.000000 0.005619 0.000069
3.105349 0.000000 0.006424 0.000094
3.105449 0.000000 0.006216 0.000092
3.105851 0.000000 0.009432 0.000184
3.106051 0.000000 0.011133 0.000109
3.106152 0.000000 0.008295 0.000098
3.106352 0.000000 0.009210 0.000116
3.106553 0.000000 0.011799 0.000110
3.106955 0.000000 0.017364 0.000144
3.107155 0.000000 0.020666 0.000154
3.107356 0.000000 0.021765 0.000160
3.107557 0.000000 0.020781 0.000167
3.107858 0.000000 0.017375 0.000157
3.108360 0.000000 0.011473 0.000114
3.108862 0.000000 0.008159 0.000101
3.109364 0.000000 0.006729 0.000095
3.109966 0.000000 0.005959 0.000076
3.110769 0.000000 0.005299 0.000082
3.111472 0.000000 0.005131 0.000088
3.111973 0.000000 0.005006 0.000090
3.112375 0.000000 0.004847 0.000091
3.112676 0.000000 0.004778 0.000093
3.114182 0.000000 0.004927 0.000080
3.116892 0.000000 0.005073 0.000099
3.118197 0.000000 0.005256 0.000081
3.120505 0.000000 0.005570 0.000099
3.122111 0.000000 0.005780 0.000085
3.124922 0.000000 0.006208 0.000103
3.126127 0.000000 0.006202 0.000076
3.128937 0.000000 0.006483 0.000103
3.130142 0.000000 0.006250 0.000092
3.132852 0.000000 0.006141 0.000087
3.134257 0.000000 0.005873 0.000084
3.138172 0.000000 0.005229 0.000110
3.139878 0.000000 0.005317 0.000074
3.142287 0.000000 0.004710 0.000083
3.143893 0.000000 0.004795 0.000074
3.146403 0.000000 0.003994 0.000078
3.147707 0.000000 0.004192 0.000069
3.148310 0.000000 0.003839 0.000066
3.152325 0.000000 0.003373 0.000076
3.152626 0.000000 0.003344 0.000082
3.156440 0.000000 0.003043 0.000077
3.157042 0.000000 0.003046 0.000076
3.158448 0.000000 0.002940 0.000073
3.160656 0.000000 0.002794 0.000081
3.161660 0.000000 0.002843 0.000098
3.162061 0.000000 0.002953 0.000065
3.162563 0.000000 0.002850 0.000050
3.162864 0.000000 0.002851 0.000070
3.163467 0.000000 0.002958 0.000055
3.163768 0.000000 0.003134 0.000102
3.163968 0.000000 0.003099 0.000070
3.164571 0.000000 0.003523 0.000106
3.164771 0.000000 0.003879 0.000104
3.164872 0.000000 0.003872 0.000090
3.165173 0.000000 0.007254 0.000135
3.165374 0.000000 0.014218 0.000169
3.165976 0.000000 0.010646 0.000105
3.166377 0.000000 0.011313 0.000154
3.166779 0.000000 0.004306 0.000051
3.167381 0.000000 0.003923 0.000110
3.167582 0.000000 0.003641 0.000066
3.168285 0.000000 0.003434 0.000059
3.168586 0.000000 0.003348 0.000086
3.168987 0.000000 0.003316 0.000050
3.169288 0.000000 0.003323 0.000102
3.170392 0.000000 0.003348 0.000047
3.170493 0.000000 0.003267 0.000102
3.171497 0.000000 0.003440 0.000104
3.171697 0.000000 0.003466 0.000068
3.173705 0.000000 0.003949 0.000108
3.174006 0.000000 0.004168 0.000067
3.174608 0.000000 0.004290 0.000111
3.175512 0.000000 0.004965 0.000077
3.175612 0.000000 0.004997 0.000118
3.176616 0.000000 0.005579 0.000120
3.177620 0.000000 0.006574 0.000129
3.177921 0.000000 0.007059 0.000100
3.178523 0.000000 0.007852 0.000139
3.178924 0.000000 0.008540 0.000084
3.179727 0.000000 0.009586 0.000148
3.179928 0.000000 0.010246 0.000115
3.180229 0.000000 0.010536 0.000153
3.180731 0.000000 0.011367 0.000157
3.181534 0.000000 0.012854 0.000168
3.182438 0.000000 0.011952 0.000111
3.182739 0.000000 0.013821 0.000174
3.183441 0.000000 0.013435 0.000174
3.184144 0.000000 0.012839 0.000168
3.184546 0.000000 0.012282 0.000167
3.185449 0.000000 0.010769 0.000140
3.186754 0.000000 0.008968 0.000152
3.187657 0.000000 0.007986 0.000140
3.188661 0.000000 0.006741 0.000129
3.189665 0.000000 0.005622 0.000122
3.190668 0.000000 0.004880 0.000112
3.191672 0.000000 0.004254 0.000109
3.192676 0.000000 0.003679 0.000101
3.193780 0.000000 0.003242 0.000098
3.194583 0.000000 0.002981 0.000095
3.194985 0.000000 0.002869 0.000031
3.195587 0.000000 0.002738 0.000093
3.196691 0.000000 0.002458 0.000088
3.197193 0.000000 0.002459 0.000041
3.197695 0.000000 0.002278 0.000079
3.198699 0.000000 0.002295 0.000087
3.199100 0.000000 0.002003 0.000071
3.199502 0.000000 0.002107 0.000077
3.200104 0.000000 0.001842 0.000084
3.200706 0.000000 0.001964 0.000081
3.201108 0.000000 0.001863 0.000073
3.201710 0.000000 0.001973 0.000095
3.202212 0.000000 0.001719 0.000071
3.202714 0.000000 0.001943 0.000087
3.202814 0.000000 0.001848 0.000052
3.203717 0.000000 0.001780 0.000085
3.203918 0.000000 0.001556 0.000075
3.204621 0.000000 0.001783 0.000081
3.206227 0.000000 0.001755 0.000069
