2.118400 	 0 	 0.00048626 	 0.00004268 
2.119500 	 0 	 0.00047921 	 0.00005258 
2.120500 	 0 	 0.00050848 	 0.00004943 
2.121500 	 0 	 0.00059866 	 0.00004221 
2.122500 	 0 	 0.00118718 	 0.00004757 
2.123000 	 0 	 0.00235655 	 0.00006269 
2.123500 	 0 	 0.00495360 	 0.00009803 
2.123800 	 0 	 0.00402580 	 0.00009112 
2.125000 	 0 	 0.00128408 	 0.00006695 
2.126000 	 0 	 0.00111254 	 0.00005524 
2.126900 	 0 	 0.00109401 	 0.00006439 
2.130800 	 0 	 0.00070780 	 0.00005875 
2.135900 	 0 	 0.00043214 	 0.00010523 
2.137800 	 0 	 0.00033583 	 0.00012714 
2.159900 	 0 	 0.00017121 	 0.00001679 
2.164600 	 0 	 0.00068845 	 0.00003290 
2.169000 	 0 	 0.00058565 	 0.00002908 
2.173500 	 0 	 0.00033230 	 0.00012235 
2.174100 	 0 	 0.00027608 	 0.00002626 
2.174500 	 0 	 0.00422978 	 0.00011041 
2.174900 	 0 	 0.00458471 	 0.00006242 
2.175000 	 0 	 0.01115429 	 0.00014628 
2.175400 	 0 	 0.00370417 	 0.00011937 
2.176000 	 0 	 0.00179227 	 0.00004331 
2.176400 	 0 	 0.00072222 	 0.00003800 
2.176900 	 0 	 0.00087162 	 0.00004469 
2.178000 	 0 	 0.00028309 	 0.00003984 
2.179100 	 0 	 0.00015349 	 0.00001851 
2.185000 	 0 	 0.00019109 	 0.00003917 
2.189600 	 0 	 0.00009665 	 0.00002003 
2.194700 	 0 	 0.00047814 	 0.00003172 
2.197400 	 0 	 0.00112283 	 0.00004243 
2.198000 	 0 	 0.00053362 	 0.00003804 
2.198100 	 0 	 0.00157697 	 0.00007935 
2.198400 	 0 	 0.00071983 	 0.00004226 
2.198500 	 0 	 0.00079874 	 0.00007723 
2.199000 	 0 	 0.00352033 	 0.00012919 
2.199100 	 0 	 0.00050134 	 0.00005577 
2.199400 	 0 	 0.00160894 	 0.00008336 
2.199500 	 0 	 0.00047351 	 0.00002984 
2.199800 	 0 	 0.00077843 	 0.00003277 
2.200000 	 0 	 0.00046025 	 0.00006403 
2.201800 	 0 	 0.00027780 	 0.00003131 
2.204000 	 0 	 0.00021174 	 0.00006331 
2.204900 	 0 	 0.00027990 	 0.00009892 
2.205400 	 0 	 0.00016703 	 0.00002061 
2.209700 	 0 	 0.00017839 	 0.00002662 
2.209900 	 0 	 0.00016666 	 0.00004209 
2.213800 	 0 	 0.00020627 	 0.00003079 
2.219900 	 0 	 0.00027364 	 0.00008656 
2.224600 	 0 	 0.00022143 	 0.00002753 
2.229400 	 0 	 0.00016531 	 0.00002107 
2.244600 	 0 	 0.00027169 	 0.00008238 
2.249500 	 0 	 0.00027511 	 0.00009966 
2.254400 	 0 	 0.00024585 	 0.00005746 
2.259600 	 0 	 0.00017668 	 0.00002459 
2.264200 	 0 	 0.00027374 	 0.00009898 
2.269100 	 0 	 0.00017502 	 0.00002741 
2.274700 	 0 	 0.00018317 	 0.00003641 
2.279400 	 0 	 0.00020983 	 0.00005691 
2.290000 	 0 	 0.00017081 	 0.00003391 
2.291700 	 0 	 0.00024345 	 0.00003151 
2.295700 	 0 	 0.00024291 	 0.00004279 
2.297800 	 0 	 0.00020232 	 0.00003607 
2.299800 	 0 	 0.00053854 	 0.00003991 
2.302000 	 0 	 0.00022760 	 0.00003320 
2.303500 	 0 	 0.00021211 	 0.00003454 
2.305900 	 0 	 0.00026054 	 0.00004159 
2.307700 	 0 	 0.00030302 	 0.00004677 
2.309800 	 0 	 0.00031989 	 0.00005918 
2.313900 	 0 	 0.00023999 	 0.00007997 
2.318000 	 0 	 0.00029898 	 0.00006468 
2.319700 	 0 	 0.00020458 	 0.00003793 
2.320900 	 0 	 0.00025342 	 0.00002981 
2.321800 	 0 	 0.00023638 	 0.00002690 
2.322900 	 0 	 0.00027144 	 0.00003058 
2.324100 	 0 	 0.00042924 	 0.00002653 
2.324500 	 0 	 0.00050978 	 0.00004387 
2.325100 	 0 	 0.00067722 	 0.00004421 
2.325500 	 0 	 0.00093512 	 0.00003964 
2.325800 	 0 	 0.00120471 	 0.00006217 
2.326000 	 0 	 0.00121310 	 0.00006613 
2.326600 	 0 	 0.00138421 	 0.00005297 
2.327000 	 0 	 0.00109078 	 0.00006179 
2.327500 	 0 	 0.00082936 	 0.00005618 
2.328000 	 0 	 0.00068000 	 0.00004758 
2.328600 	 0 	 0.00051592 	 0.00003919 
2.329000 	 0 	 0.00044473 	 0.00003317 
2.329800 	 0 	 0.00033342 	 0.00005492 
2.329900 	 0 	 0.00034622 	 0.00002949 
2.333900 	 0 	 0.00022910 	 0.00007964 
2.334000 	 0 	 0.00025605 	 0.00002800 
2.337400 	 0 	 0.00031024 	 0.00004837 
2.341700 	 0 	 0.00034229 	 0.00008849 
2.341800 	 0 	 0.00021779 	 0.00001931 
2.343500 	 0 	 0.00024302 	 0.00004837 
2.345200 	 0 	 0.00024795 	 0.00003785 
2.346700 	 0 	 0.00029837 	 0.00003677 
2.348000 	 0 	 0.00037201 	 0.00006348 
2.348100 	 0 	 0.00030400 	 0.00004260 
2.349500 	 0 	 0.00027804 	 0.00003652 
2.349700 	 0 	 0.00029411 	 0.00007002 
2.350500 	 0 	 0.00031423 	 0.00003989 
2.351200 	 0 	 0.00031645 	 0.00003344 
2.351900 	 0 	 0.00024626 	 0.00010976 
2.352000 	 0 	 0.00040046 	 0.00003645 
2.352800 	 0 	 0.00039495 	 0.00004055 
2.353600 	 0 	 0.00040665 	 0.00003839 
2.353900 	 0 	 0.00041176 	 0.00007349 
2.354100 	 0 	 0.00047638 	 0.00003933 
2.354700 	 0 	 0.00051476 	 0.00004091 
2.355200 	 0 	 0.00063759 	 0.00004154 
2.355700 	 0 	 0.00066799 	 0.00003852 
2.356000 	 0 	 0.00061445 	 0.00007474 
2.356400 	 0 	 0.00089272 	 0.00004303 
2.356900 	 0 	 0.00094733 	 0.00004402 
2.357400 	 0 	 0.00101955 	 0.00004958 
2.357700 	 0 	 0.00092278 	 0.00003842 
2.358300 	 0 	 0.00104517 	 0.00004101 
2.358800 	 0 	 0.00100525 	 0.00004896 
2.359200 	 0 	 0.00092162 	 0.00004788 
2.359900 	 0 	 0.00084697 	 0.00003407 
2.360500 	 0 	 0.00092017 	 0.00003512 
2.361000 	 0 	 0.00091104 	 0.00003385 
2.361200 	 0 	 0.00081404 	 0.00006275 
2.361500 	 0 	 0.00089888 	 0.00003416 
2.362000 	 0 	 0.00091928 	 0.00003193 
2.362500 	 0 	 0.00097044 	 0.00003133 
2.362900 	 0 	 0.00096725 	 0.00003535 
2.363400 	 0 	 0.00102394 	 0.00003382 
2.363800 	 0 	 0.00099503 	 0.00004824 
2.364000 	 0 	 0.00110969 	 0.00003951 
2.364400 	 0 	 0.00120978 	 0.00003847 
2.364900 	 0 	 0.00131049 	 0.00004132 
2.365400 	 0 	 0.00139323 	 0.00004074 
2.366000 	 0 	 0.00152495 	 0.00004301 
2.366500 	 0 	 0.00168592 	 0.00004587 
2.366900 	 0 	 0.00174409 	 0.00004511 
2.367400 	 0 	 0.00187594 	 0.00004735 
2.367900 	 0 	 0.00198355 	 0.00004612 
2.368500 	 0 	 0.00212110 	 0.00005391 
2.369300 	 0 	 0.00208868 	 0.00004841 
2.369600 	 0 	 0.00210172 	 0.00004939 
2.369900 	 0 	 0.00202636 	 0.00004965 
2.370600 	 0 	 0.00196498 	 0.00005406 
2.370900 	 0 	 0.00185345 	 0.00004771 
2.371500 	 0 	 0.00171282 	 0.00004669 
2.372000 	 0 	 0.00165459 	 0.00004554 
2.372300 	 0 	 0.00162293 	 0.00005823 
2.372500 	 0 	 0.00151367 	 0.00004277 
2.373000 	 0 	 0.00139495 	 0.00005045 
2.374100 	 0 	 0.00105934 	 0.00003911 
2.375000 	 0 	 0.00086813 	 0.00003421 
2.375900 	 0 	 0.00076913 	 0.00003073 
2.377000 	 0 	 0.00063524 	 0.00003450 
2.377900 	 0 	 0.00057660 	 0.00002988 
2.379900 	 0 	 0.00045701 	 0.00003411 
2.381900 	 0 	 0.00037405 	 0.00003244 
2.384000 	 0 	 0.00034645 	 0.00003167 
2.386000 	 0 	 0.00072535 	 0.00003634 
2.387900 	 0 	 0.00037187 	 0.00003169 
2.389800 	 0 	 0.00033958 	 0.00003171 
2.390100 	 0 	 0.00038838 	 0.00003683 
2.391800 	 0 	 0.00032821 	 0.00002941 
2.393900 	 0 	 0.00040428 	 0.00003707 
2.394800 	 0 	 0.00045933 	 0.00004050 
2.396000 	 0 	 0.00040316 	 0.00003531 
2.398000 	 0 	 0.00049254 	 0.00003196 
2.399800 	 0 	 0.00038795 	 0.00003925 
2.400100 	 0 	 0.00044444 	 0.00002681 
2.401700 	 0 	 0.00034355 	 0.00002175 
2.403500 	 0 	 0.00025992 	 0.00002270 
2.405700 	 0 	 0.00027158 	 0.00002343 
2.407800 	 0 	 0.00029268 	 0.00002251 
2.409900 	 0 	 0.00024042 	 0.00001735 
2.411700 	 0 	 0.00021736 	 0.00001707 
2.414500 	 0 	 0.00022976 	 0.00001640 
2.414900 	 0 	 0.00023109 	 0.00002758 
2.419500 	 0 	 0.00030660 	 0.00002832 
2.419700 	 0 	 0.00027009 	 0.00002001 
2.423600 	 0 	 0.00038368 	 0.00003271 
2.423800 	 0 	 0.00039299 	 0.00002080 
2.426500 	 0 	 0.00059662 	 0.00002350 
2.427900 	 0 	 0.00064035 	 0.00003919 
2.428600 	 0 	 0.00081582 	 0.00003288 
2.429900 	 0 	 0.00102763 	 0.00003306 
2.430900 	 0 	 0.00107178 	 0.00005051 
2.431900 	 0 	 0.00140953 	 0.00002681 
2.432700 	 0 	 0.00155669 	 0.00005517 
2.433800 	 0 	 0.00277756 	 0.00005015 
2.434900 	 0 	 0.00299250 	 0.00006697 
2.435200 	 0 	 0.00405371 	 0.00006638 
2.436000 	 0 	 0.00409329 	 0.00007971 
2.437000 	 0 	 0.00538803 	 0.00007370 
2.437500 	 0 	 0.00594893 	 0.00007439 
2.438000 	 0 	 0.00654067 	 0.00005679 
2.438800 	 0 	 0.00666370 	 0.00007641 
2.438900 	 0 	 0.00675370 	 0.00008095 
2.439200 	 0 	 0.00661894 	 0.00007810 
2.439600 	 0 	 0.00632144 	 0.00007502 
2.439800 	 0 	 0.00571998 	 0.00005473 
2.440100 	 0 	 0.00595274 	 0.00007517 
2.440900 	 0 	 0.00463704 	 0.00004432 
2.441800 	 0 	 0.00363137 	 0.00005951 
2.442000 	 0 	 0.00379978 	 0.00006312 
2.442900 	 0 	 0.00300807 	 0.00005671 
2.443800 	 0 	 0.00216468 	 0.00004469 
2.444000 	 0 	 0.00228060 	 0.00004931 
2.445800 	 0 	 0.00154295 	 0.00004591 
2.447700 	 0 	 0.00106616 	 0.00004303 
2.447900 	 0 	 0.00109483 	 0.00004368 
2.449900 	 0 	 0.00081033 	 0.00003940 
2.451800 	 0 	 0.00063602 	 0.00002791 
2.452200 	 0 	 0.00057950 	 0.00004247 
2.453900 	 0 	 0.00051033 	 0.00003986 
2.455900 	 0 	 0.00047262 	 0.00002485 
2.458100 	 0 	 0.00047385 	 0.00002975 
2.459800 	 0 	 0.00042515 	 0.00002360 
2.461900 	 0 	 0.00046089 	 0.00002299 
2.463800 	 0 	 0.00059491 	 0.00003345 
2.464800 	 0 	 0.00056235 	 0.00003901 
2.465800 	 0 	 0.00072679 	 0.00003769 
2.465900 	 0 	 0.00083687 	 0.00003195 
2.466300 	 0 	 0.00085548 	 0.00005060 
2.466900 	 0 	 0.00100588 	 0.00005175 
2.467400 	 0 	 0.00468803 	 0.00008225 
2.467800 	 0 	 0.00266494 	 0.00005076 
2.468000 	 0 	 0.00360668 	 0.00007902 
2.468400 	 0 	 0.00220213 	 0.00006513 
2.468900 	 0 	 0.00212467 	 0.00006494 
2.469400 	 0 	 0.00242387 	 0.00006969 
2.469800 	 0 	 0.00330927 	 0.00004868 
2.470600 	 0 	 0.00398669 	 0.00007683 
2.471000 	 0 	 0.00441512 	 0.00008918 
2.471300 	 0 	 0.00473132 	 0.00008779 
2.471800 	 0 	 0.00459475 	 0.00008342 
2.471900 	 0 	 0.00395874 	 0.00006775 
2.472400 	 0 	 0.00384668 	 0.00006569 
2.473800 	 0 	 0.00170718 	 0.00002814 
2.474800 	 0 	 0.00139623 	 0.00006022 
2.475900 	 0 	 0.00093993 	 0.00004488 
2.476800 	 0 	 0.00083037 	 0.00004516 
2.477800 	 0 	 0.00096219 	 0.00002373 
2.478900 	 0 	 0.00102151 	 0.00005611 
2.479800 	 0 	 0.00091198 	 0.00005550 
2.479900 	 0 	 0.00086742 	 0.00002765 
2.480900 	 0 	 0.00094566 	 0.00002470 
2.481000 	 0 	 0.00076103 	 0.00005219 
2.481500 	 0 	 0.00088316 	 0.00005538 
2.482000 	 0 	 0.00155893 	 0.00002662 
2.482400 	 0 	 0.00279478 	 0.00004348 
2.482500 	 0 	 0.00173830 	 0.00006424 
2.482900 	 0 	 0.00578395 	 0.00008157 
2.483000 	 0 	 0.00304269 	 0.00007746 
2.483400 	 0 	 0.00681555 	 0.00011108 
2.483500 	 0 	 0.02487396 	 0.00020488 
2.483900 	 0 	 0.03024757 	 0.00015389 
2.484500 	 0 	 0.03090833 	 0.00016464 
2.485000 	 0 	 0.01461988 	 0.00009731 
2.485500 	 0 	 0.00591412 	 0.00005752 
2.485700 	 0 	 0.00731563 	 0.00011299 
2.486000 	 0 	 0.00381150 	 0.00005196 
2.486400 	 0 	 0.00267284 	 0.00003603 
2.486800 	 0 	 0.00226889 	 0.00002681 
2.487500 	 0 	 0.00146590 	 0.00002618 
2.487900 	 0 	 0.00124092 	 0.00002478 
2.488000 	 0 	 0.00149968 	 0.00005435 
2.488900 	 0 	 0.00092998 	 0.00005166 
2.489000 	 0 	 0.00086156 	 0.00002515 
2.489800 	 0 	 0.00073491 	 0.00004542 
2.489900 	 0 	 0.00060901 	 0.00001920 
2.490900 	 0 	 0.00046590 	 0.00001922 
2.491100 	 0 	 0.00044044 	 0.00003714 
2.491800 	 0 	 0.00039801 	 0.00001734 
2.492800 	 0 	 0.00035739 	 0.00002000 
2.493000 	 0 	 0.00037509 	 0.00003687 
2.493900 	 0 	 0.00032860 	 0.00003616 
2.494800 	 0 	 0.00032437 	 0.00002770 
2.494900 	 0 	 0.00027676 	 0.00001726 
2.496100 	 0 	 0.00029136 	 0.00002972 
2.496800 	 0 	 0.00027982 	 0.00003151 
2.496900 	 0 	 0.00024209 	 0.00001684 
2.497900 	 0 	 0.00027393 	 0.00003349 
2.498900 	 0 	 0.00025918 	 0.00002801 
2.499300 	 0 	 0.00025292 	 0.00001531 
2.500000 	 0 	 0.00030954 	 0.00004000 
2.500900 	 0 	 0.00026300 	 0.00004120 
2.501900 	 0 	 0.00025244 	 0.00003074 
2.502900 	 0 	 0.00028418 	 0.00002730 
2.503700 	 0 	 0.00032476 	 0.00002953 
2.504900 	 0 	 0.00030304 	 0.00006918 
2.506000 	 0 	 0.00030152 	 0.00004131 
2.506700 	 0 	 0.00023178 	 0.00003825 
2.507900 	 0 	 0.00031055 	 0.00003654 
2.509000 	 0 	 0.00026830 	 0.00003077 
2.510300 	 0 	 0.00029057 	 0.00005400 
2.510700 	 0 	 0.00030845 	 0.00003498 
2.513000 	 0 	 0.00620203 	 0.00011002 
2.515000 	 0 	 0.00046537 	 0.00004959 
2.516400 	 0 	 0.00030389 	 0.00003644 
2.518600 	 0 	 0.00038975 	 0.00003990 
2.520800 	 0 	 0.00036381 	 0.00003295 
2.522900 	 0 	 0.00035551 	 0.00004324 
2.525000 	 0 	 0.00036798 	 0.00003967 
2.527000 	 0 	 0.00037543 	 0.00003771 
2.528900 	 0 	 0.00032602 	 0.00003300 
2.530900 	 0 	 0.00032039 	 0.00005040 
2.533000 	 0 	 0.00034331 	 0.00003942 
2.535000 	 0 	 0.00045492 	 0.00004033 
2.536800 	 0 	 0.00040978 	 0.00003746 
2.539300 	 0 	 0.00044739 	 0.00004082 
2.540800 	 0 	 0.00043799 	 0.00004528 
2.542800 	 0 	 0.00046618 	 0.00004843 
2.544800 	 0 	 0.00052483 	 0.00004318 
2.547000 	 0 	 0.00063157 	 0.00004331 
2.549000 	 0 	 0.00058904 	 0.00004071 
2.550900 	 0 	 0.00086796 	 0.00004852 
2.552900 	 0 	 0.00102384 	 0.00004237 
2.555000 	 0 	 0.00109467 	 0.00005876 
2.556900 	 0 	 0.00130164 	 0.00005997 
2.559000 	 0 	 0.00174264 	 0.00006651 
2.560900 	 0 	 0.00225880 	 0.00006091 
2.563000 	 0 	 0.00335969 	 0.00009523 
2.564900 	 0 	 0.00544909 	 0.00009018 
2.566900 	 0 	 0.00851552 	 0.00010092 
2.569000 	 0 	 0.01055197 	 0.00010685 
2.570900 	 0 	 0.00865952 	 0.00010687 
2.573000 	 0 	 0.00625512 	 0.00008823 
2.574900 	 0 	 0.00488212 	 0.00007491 
2.576800 	 0 	 0.00413958 	 0.00007558 
2.578900 	 0 	 0.00372564 	 0.00007025 
2.580800 	 0 	 0.00336644 	 0.00007218 
2.583000 	 0 	 0.00310518 	 0.00006681 
2.585000 	 0 	 0.00298333 	 0.00006958 
2.586800 	 0 	 0.00272381 	 0.00006637 
2.589000 	 0 	 0.00252391 	 0.00006400 
2.590800 	 0 	 0.00235428 	 0.00006276 
2.593000 	 0 	 0.00231187 	 0.00006562 
2.595000 	 0 	 0.00219367 	 0.00006121 
2.596800 	 0 	 0.00206719 	 0.00005644 
2.597800 	 0 	 0.00208098 	 0.00006381 
2.599100 	 0 	 0.00240561 	 0.00006381 
2.600000 	 0 	 0.00425612 	 0.00007700 
2.602100 	 0 	 0.00415196 	 0.00007831 
2.603700 	 0 	 0.00201623 	 0.00005826 
2.605800 	 0 	 0.00147963 	 0.00005299 
2.608000 	 0 	 0.00117892 	 0.00005309 
2.609900 	 0 	 0.00141562 	 0.00005294 
2.614500 	 0 	 0.00094324 	 0.00004850 
2.620000 	 0 	 0.00084656 	 0.00004715 
2.624400 	 0 	 0.00079961 	 0.00004725 
2.629400 	 0 	 0.00082140 	 0.00005293 
2.635000 	 0 	 0.00083086 	 0.00004863 
2.639600 	 0 	 0.00089874 	 0.00004792 
2.644900 	 0 	 0.00100174 	 0.00005115 
2.649400 	 0 	 0.00124494 	 0.00005407 
2.651900 	 0 	 0.00151574 	 0.00005337 
2.653900 	 0 	 0.00170728 	 0.00005970 
2.655700 	 0 	 0.00204238 	 0.00006258 
2.657600 	 0 	 0.00238428 	 0.00005362 
2.659800 	 0 	 0.00315029 	 0.00006256 
2.661700 	 0 	 0.00376960 	 0.00006755 
2.663900 	 0 	 0.00475247 	 0.00009410 
2.666200 	 0 	 0.00550407 	 0.00008872 
2.668000 	 0 	 0.00556611 	 0.00008587 
2.670200 	 0 	 0.00502809 	 0.00006734 
2.671600 	 0 	 0.00466843 	 0.00006525 
2.673800 	 0 	 0.00424462 	 0.00006380 
2.675700 	 0 	 0.00314441 	 0.00006426 
2.677900 	 0 	 0.00247723 	 0.00006484 
2.684700 	 0 	 0.00167151 	 0.00004748 
2.689600 	 0 	 0.00149266 	 0.00004806 
2.694700 	 0 	 0.00159721 	 0.00004445 
2.697900 	 0 	 0.00149511 	 0.00005943 
2.699900 	 0 	 0.00182444 	 0.00004927 
2.702900 	 0 	 0.00206788 	 0.00006707 
2.703900 	 0 	 0.00247852 	 0.00006039 
2.705000 	 0 	 0.00264460 	 0.00007743 
2.705900 	 0 	 0.00328608 	 0.00008739 
2.706500 	 0 	 0.00407242 	 0.00009894 
2.707000 	 0 	 0.00520368 	 0.00011647 
2.707400 	 0 	 0.00715648 	 0.00009436 
2.707600 	 0 	 0.00753427 	 0.00012781 
2.707900 	 0 	 0.01001595 	 0.00014595 
2.708400 	 0 	 0.01823084 	 0.00012974 
2.708500 	 0 	 0.02361847 	 0.00023184 
2.708700 	 0 	 0.02791260 	 0.00023897 
2.708900 	 0 	 0.03046777 	 0.00015806 
2.709300 	 0 	 0.03232248 	 0.00028474 
2.709500 	 0 	 0.02962698 	 0.00028957 
2.709600 	 0 	 0.02884730 	 0.00032416 
2.709900 	 0 	 0.02345891 	 0.00016581 
2.710000 	 0 	 0.02054316 	 0.00025215 
2.710500 	 0 	 0.01519948 	 0.00017590 
2.711000 	 0 	 0.01123367 	 0.00018101 
2.711400 	 0 	 0.00917870 	 0.00015649 
2.711900 	 0 	 0.00852867 	 0.00011188 
2.712400 	 0 	 0.00675602 	 0.00017143 
2.713000 	 0 	 0.00609183 	 0.00012636 
2.713500 	 0 	 0.00577050 	 0.00013393 
2.713900 	 0 	 0.00576444 	 0.00008435 
2.714500 	 0 	 0.00533653 	 0.00011851 
2.714800 	 0 	 0.00548404 	 0.00011648 
2.715600 	 0 	 0.00516463 	 0.00013849 
2.716000 	 0 	 0.00547523 	 0.00011072 
2.716100 	 0 	 0.00532379 	 0.00013683 
2.716500 	 0 	 0.00502047 	 0.00017020 
2.717000 	 0 	 0.00538746 	 0.00016645 
2.717400 	 0 	 0.00558556 	 0.00015342 
2.717900 	 0 	 0.00569006 	 0.00008326 
2.718500 	 0 	 0.00541080 	 0.00016873 
2.719000 	 0 	 0.00594127 	 0.00011237 
2.719500 	 0 	 0.00563013 	 0.00018534 
2.719700 	 0 	 0.00620295 	 0.00012539 
2.719900 	 0 	 0.00587396 	 0.00019589 
2.720100 	 0 	 0.00640331 	 0.00014836 
2.720300 	 0 	 0.00647232 	 0.00013912 
2.721000 	 0 	 0.00772608 	 0.00015959 
2.722000 	 0 	 0.01146829 	 0.00011319 
2.723000 	 0 	 0.00802441 	 0.00014923 
2.723800 	 0 	 0.00740933 	 0.00011195 
2.724000 	 0 	 0.00693421 	 0.00013802 
2.725000 	 0 	 0.00675375 	 0.00010301 
2.726000 	 0 	 0.00636706 	 0.00014360 
2.726900 	 0 	 0.00619617 	 0.00012206 
2.727700 	 0 	 0.00649199 	 0.00012094 
2.728000 	 0 	 0.00618285 	 0.00015062 
2.729000 	 0 	 0.00625840 	 0.00016217 
2.730100 	 0 	 0.00638887 	 0.00014081 
2.731000 	 0 	 0.00678567 	 0.00011097 
2.731500 	 0 	 0.00697121 	 0.00014476 
2.731800 	 0 	 0.00745039 	 0.00013005 
2.731900 	 0 	 0.00734939 	 0.00015956 
2.732000 	 0 	 0.00763122 	 0.00015868 
2.732500 	 0 	 0.00816133 	 0.00018737 
2.732900 	 0 	 0.00903580 	 0.00018034 
2.733500 	 0 	 0.01070146 	 0.00022038 
2.733900 	 0 	 0.01230388 	 0.00018290 
2.734100 	 0 	 0.01359263 	 0.00020375 
2.734200 	 0 	 0.01441583 	 0.00020699 
2.734400 	 0 	 0.01546454 	 0.00025359 
2.734700 	 0 	 0.02187860 	 0.00023786 
2.734800 	 0 	 0.02153866 	 0.00017301 
2.734900 	 0 	 0.02122770 	 0.00026714 
2.735000 	 0 	 0.01856535 	 0.00028594 
2.735300 	 0 	 0.02382811 	 0.00028272 
2.735400 	 0 	 0.03434743 	 0.00035071 
2.735500 	 0 	 0.02776654 	 0.00029803 
2.735800 	 0 	 0.03550783 	 0.00036804 
2.735900 	 0 	 0.05509049 	 0.00043333 
2.736000 	 0 	 0.04503402 	 0.00032890 
2.736200 	 0 	 0.05716955 	 0.00047462 
2.736400 	 0 	 0.08231478 	 0.00059323 
2.736500 	 0 	 0.07324168 	 0.00060213 
2.736700 	 0 	 0.08433172 	 0.00017307 
2.737000 	 0 	 0.08934997 	 0.00017506 
2.737400 	 0 	 0.06838202 	 0.00017465 
2.738000 	 0 	 0.03646648 	 0.00016160 
2.738300 	 0 	 0.02752460 	 0.00014492 
2.738400 	 0 	 0.03120948 	 0.00023351 
2.738900 	 0 	 0.01873224 	 0.00009517 
2.739100 	 0 	 0.01453699 	 0.00011309 
2.739300 	 0 	 0.02400250 	 0.00010579 
2.739500 	 0 	 0.01233609 	 0.00009023 
2.739800 	 0 	 0.01216753 	 0.00012252 
2.740000 	 0 	 0.01153094 	 0.00009532 
2.740300 	 0 	 0.00948790 	 0.00013924 
2.740700 	 0 	 0.00807785 	 0.00009842 
2.740800 	 0 	 0.00776365 	 0.00013604 
2.741200 	 0 	 0.00691465 	 0.00008767 
2.741400 	 0 	 0.00668237 	 0.00009091 
2.741700 	 0 	 0.00645599 	 0.00008259 
2.741900 	 0 	 0.00590763 	 0.00010225 
2.742000 	 0 	 0.00636735 	 0.00007647 
2.742300 	 0 	 0.00540218 	 0.00009334 
2.742500 	 0 	 0.00562233 	 0.00004932 
2.742800 	 0 	 0.00487934 	 0.00007911 
2.742900 	 0 	 0.00521286 	 0.00006804 
2.743200 	 0 	 0.00457667 	 0.00005616 
2.743800 	 0 	 0.00457723 	 0.00006422 
2.745300 	 0 	 0.00375178 	 0.00009279 
2.745600 	 0 	 0.00378981 	 0.00008719 
2.745900 	 0 	 0.00381190 	 0.00006885 
2.746000 	 0 	 0.00386151 	 0.00006451 
2.747800 	 0 	 0.00377103 	 0.00006240 
2.748000 	 0 	 0.00352724 	 0.00009805 
2.749900 	 0 	 0.00367768 	 0.00005084 
2.751500 	 0 	 0.00363877 	 0.00009329 
2.752000 	 0 	 0.00387748 	 0.00007322 
2.753900 	 0 	 0.00397579 	 0.00005933 
2.755700 	 0 	 0.00389535 	 0.00010590 
2.757800 	 0 	 0.00419940 	 0.00006143 
2.757900 	 0 	 0.00391745 	 0.00009255 
2.758500 	 0 	 0.00383662 	 0.00009347 
2.758900 	 0 	 0.00392140 	 0.00010521 
2.759300 	 0 	 0.00389093 	 0.00006948 
2.760400 	 0 	 0.00373404 	 0.00008658 
2.760900 	 0 	 0.00364921 	 0.00010235 
2.761400 	 0 	 0.00363210 	 0.00007862 
2.761800 	 0 	 0.00385739 	 0.00006113 
2.761900 	 0 	 0.00360484 	 0.00009527 
2.762900 	 0 	 0.00316695 	 0.00010768 
2.763800 	 0 	 0.00346047 	 0.00006426 
2.764000 	 0 	 0.00304501 	 0.00009585 
2.765800 	 0 	 0.00285146 	 0.00008275 
2.765900 	 0 	 0.00316488 	 0.00006250 
2.767700 	 0 	 0.00277625 	 0.00005858 
2.769600 	 0 	 0.00228557 	 0.00004705 
2.769900 	 0 	 0.00238454 	 0.00006019 
2.771900 	 0 	 0.00218240 	 0.00005721 
2.774500 	 0 	 0.00147280 	 0.00008360 
2.775900 	 0 	 0.00168752 	 0.00006013 
2.779700 	 0 	 0.00134783 	 0.00006140 
2.783800 	 0 	 0.00119686 	 0.00005330 
2.787800 	 0 	 0.00108605 	 0.00006333 
2.790100 	 0 	 0.00082782 	 0.00005804 
2.791800 	 0 	 0.00093377 	 0.00005801 
2.795900 	 0 	 0.00087607 	 0.00006524 
2.799200 	 0 	 0.00127664 	 0.00005640 
2.799700 	 0 	 0.00111932 	 0.00008505 
2.801900 	 0 	 0.00206807 	 0.00005180 
2.802600 	 0 	 0.00340820 	 0.00005942 
2.803500 	 0 	 0.00541023 	 0.00011677 
2.803600 	 0 	 0.00335866 	 0.00011205 
2.804500 	 0 	 0.00758451 	 0.00009595 
2.804800 	 0 	 0.01186198 	 0.00016882 
2.805100 	 0 	 0.01479570 	 0.00018939 
2.805300 	 0 	 0.01667523 	 0.00019854 
2.805800 	 0 	 0.02212045 	 0.00011460 
2.806100 	 0 	 0.02286756 	 0.00022189 
2.806200 	 0 	 0.02294578 	 0.00022681 
2.806500 	 0 	 0.02191846 	 0.00022716 
2.807100 	 0 	 0.01614972 	 0.00020097 
2.807600 	 0 	 0.01188874 	 0.00016352 
2.807700 	 0 	 0.00827436 	 0.00010337 
2.808000 	 0 	 0.00870821 	 0.00015429 
2.808500 	 0 	 0.00672949 	 0.00013761 
2.809000 	 0 	 0.00533169 	 0.00012884 
2.809400 	 0 	 0.00462658 	 0.00006188 
2.811600 	 0 	 0.00225910 	 0.00006375 
2.813900 	 0 	 0.00129471 	 0.00005848 
2.815900 	 0 	 0.00098929 	 0.00005708 
2.818000 	 0 	 0.00090939 	 0.00005448 
2.819600 	 0 	 0.00079696 	 0.00005660 
2.821800 	 0 	 0.00071250 	 0.00005813 
2.824200 	 0 	 0.00069519 	 0.00004638 
2.826400 	 0 	 0.00050853 	 0.00004953 
2.829400 	 0 	 0.00060583 	 0.00005262 
2.832000 	 0 	 0.00060805 	 0.00004154 
2.834600 	 0 	 0.00051841 	 0.00005920 
2.837300 	 0 	 0.00061041 	 0.00007298 
2.839600 	 0 	 0.00206882 	 0.00006667 
2.839900 	 0 	 0.00116571 	 0.00006198 
2.840400 	 0 	 0.00225766 	 0.00007557 
2.840700 	 0 	 0.00572928 	 0.00013418 
2.841000 	 0 	 0.01153042 	 0.00017635 
2.841300 	 0 	 0.01124913 	 0.00018533 
2.841600 	 0 	 0.00872929 	 0.00017296 
2.841800 	 0 	 0.00587920 	 0.00014936 
2.841900 	 0 	 0.00242812 	 0.00006584 
2.843400 	 0 	 0.00080866 	 0.00005644 
2.846400 	 0 	 0.00077675 	 0.00006634 
2.851500 	 0 	 0.00060854 	 0.00005296 
2.853700 	 0 	 0.00062017 	 0.00006187 
2.855700 	 0 	 0.00068977 	 0.00004573 
2.858000 	 0 	 0.00071791 	 0.00005649 
2.858500 	 0 	 0.00060074 	 0.00007003 
2.859000 	 0 	 0.00076322 	 0.00005637 
2.859400 	 0 	 0.00071287 	 0.00010174 
2.859500 	 0 	 0.00086575 	 0.00005755 
2.861800 	 0 	 0.00129885 	 0.00003143 
2.865900 	 0 	 0.00135172 	 0.00010562 
2.867500 	 0 	 0.00169043 	 0.00008711 
2.869000 	 0 	 0.00251193 	 0.00010733 
2.869800 	 0 	 0.00617755 	 0.00011271 
2.869900 	 0 	 0.00453910 	 0.00012708 
2.870400 	 0 	 0.00413786 	 0.00014388 
2.870800 	 0 	 0.00947038 	 0.00027878 
2.871000 	 0 	 0.00767761 	 0.00012664 
2.871100 	 0 	 0.00582822 	 0.00015219 
2.871600 	 0 	 0.00727033 	 0.00015655 
2.871900 	 0 	 0.00944317 	 0.00015213 
2.872000 	 0 	 0.00845076 	 0.00019148 
2.872200 	 0 	 0.00913004 	 0.00018694 
2.872500 	 0 	 0.00924441 	 0.00020735 
2.872800 	 0 	 0.00871353 	 0.00024147 
2.872900 	 0 	 0.00770013 	 0.00038035 
2.873000 	 0 	 0.00916410 	 0.00017342 
2.873200 	 0 	 0.00858958 	 0.00020122 
2.873400 	 0 	 0.00826704 	 0.00019608 
2.873900 	 0 	 0.00585782 	 0.00013387 
2.874000 	 0 	 0.00630526 	 0.00020234 
2.874100 	 0 	 0.00557548 	 0.00021518 
2.874800 	 0 	 0.00469000 	 0.00031011 
2.874900 	 0 	 0.00524852 	 0.00019225 
2.875800 	 0 	 0.00397864 	 0.00008676 
2.875900 	 0 	 0.00481820 	 0.00024450 
2.876000 	 0 	 0.00446441 	 0.00006508 
2.876800 	 0 	 0.00478226 	 0.00030955 
2.877000 	 0 	 0.00354950 	 0.00009239 
2.878000 	 0 	 0.00642443 	 0.00010301 
2.878800 	 0 	 0.00471104 	 0.00020894 
2.878900 	 0 	 0.00624200 	 0.00009520 
2.880000 	 0 	 0.00478749 	 0.00009735 
2.880800 	 0 	 0.00221266 	 0.00012308 
2.881000 	 0 	 0.00329315 	 0.00022580 
2.884900 	 0 	 0.00161172 	 0.00011320 
2.888800 	 0 	 0.00183817 	 0.00007814 
2.892700 	 0 	 0.00151905 	 0.00010986 
2.896700 	 0 	 0.00136518 	 0.00016277 
2.900800 	 0 	 0.00149968 	 0.00019302 
2.904400 	 0 	 0.00463171 	 0.00011073 
2.904800 	 0 	 0.00792815 	 0.00015384 
2.905800 	 0 	 0.04054178 	 0.00059284 
2.905900 	 0 	 0.06308288 	 0.00033730 
2.906400 	 0 	 0.03454482 	 0.00054841 
2.906800 	 0 	 0.06408208 	 0.00057679 
2.907100 	 0 	 0.03983007 	 0.00062220 
2.907400 	 0 	 0.01668556 	 0.00027609 
2.907900 	 0 	 0.01030773 	 0.00013552 
2.908500 	 0 	 0.00784639 	 0.00015093 
2.909000 	 0 	 0.00589674 	 0.00009336 
2.909500 	 0 	 0.00471473 	 0.00008552 
2.910000 	 0 	 0.00396813 	 0.00008061 
2.910300 	 0 	 0.00351878 	 0.00007651 
2.911500 	 0 	 0.00274582 	 0.00006617 
2.912500 	 0 	 0.00230637 	 0.00006913 
2.913400 	 0 	 0.00212476 	 0.00006017 
2.913900 	 0 	 0.00218149 	 0.00005852 
2.914500 	 0 	 0.00341843 	 0.00009146 
2.915000 	 0 	 0.00842966 	 0.00013801 
2.915400 	 0 	 0.03071992 	 0.00032262 
2.915500 	 0 	 0.03399219 	 0.00028261 
2.915700 	 0 	 0.02806368 	 0.00036512 
2.915800 	 0 	 0.01934723 	 0.00026047 
2.916000 	 0 	 0.01139295 	 0.00018525 
2.916500 	 0 	 0.00537562 	 0.00009794 
2.916900 	 0 	 0.00435604 	 0.00008049 
2.917500 	 0 	 0.00272996 	 0.00004341 
2.917900 	 0 	 0.00218130 	 0.00005918 
2.918400 	 0 	 0.00194530 	 0.00003850 
2.918900 	 0 	 0.00172542 	 0.00003811 
2.919500 	 0 	 0.00156743 	 0.00003382 
2.919900 	 0 	 0.00146038 	 0.00003813 
2.920400 	 0 	 0.00134934 	 0.00003611 
2.920800 	 0 	 0.00135411 	 0.00003918 
2.921400 	 0 	 0.00128699 	 0.00003543 
2.921900 	 0 	 0.00129613 	 0.00003901 
2.922500 	 0 	 0.00123431 	 0.00003781 
2.923000 	 0 	 0.00119536 	 0.00004401 
2.923500 	 0 	 0.00120765 	 0.00004287 
2.925800 	 0 	 0.00115600 	 0.00003867 
2.929800 	 0 	 0.00120863 	 0.00004325 
2.939700 	 0 	 0.00171515 	 0.00004433 
2.950100 	 0 	 0.00347682 	 0.00006056 
2.959700 	 0 	 0.00362056 	 0.00006317 
2.969800 	 0 	 0.00272844 	 0.00005157 
2.970700 	 0 	 0.00317650 	 0.00015115 
2.979800 	 0 	 0.00287730 	 0.00006006 
2.980200 	 0 	 0.00311943 	 0.00012242 
2.989700 	 0 	 0.00386837 	 0.00006754 
2.990900 	 0 	 0.00465683 	 0.00014174 
2.994900 	 0 	 0.00580665 	 0.00016665 
2.998400 	 0 	 0.00665042 	 0.00015541 
2.998900 	 0 	 0.00749675 	 0.00020816 
2.999900 	 0 	 0.00774569 	 0.00010686 
3.001400 	 0 	 0.00917139 	 0.00014580 
3.002500 	 0 	 0.01003716 	 0.00016592 
3.003400 	 0 	 0.01083521 	 0.00022849 
3.003500 	 0 	 0.01089172 	 0.00014344 
3.004300 	 0 	 0.01167768 	 0.00024482 
3.005500 	 0 	 0.01308005 	 0.00015411 
3.006400 	 0 	 0.01409698 	 0.00016443 
3.007500 	 0 	 0.01583141 	 0.00016126 
3.007600 	 0 	 0.01597468 	 0.00019403 
3.008400 	 0 	 0.01783939 	 0.00017956 
3.009500 	 0 	 0.02185693 	 0.00017679 
3.009600 	 0 	 0.02169161 	 0.00022407 
3.010500 	 0 	 0.02600429 	 0.00020796 
3.010800 	 0 	 0.02698321 	 0.00027675 
3.011200 	 0 	 0.02917342 	 0.00028183 
3.011600 	 0 	 0.03128427 	 0.00030049 
3.011800 	 0 	 0.03344208 	 0.00027040 
3.012000 	 0 	 0.03494601 	 0.00031031 
3.012200 	 0 	 0.03560880 	 0.00027037 
3.012500 	 0 	 0.03661478 	 0.00030590 
3.013000 	 0 	 0.03675499 	 0.00029628 
3.013400 	 0 	 0.03551627 	 0.00029219 
3.013900 	 0 	 0.03216353 	 0.00027103 
3.014400 	 0 	 0.02488780 	 0.00028341 
3.014500 	 0 	 0.02764562 	 0.00029261 
3.015000 	 0 	 0.02357399 	 0.00021308 
3.015600 	 0 	 0.02050887 	 0.00019261 
3.016000 	 0 	 0.01826748 	 0.00020753 
3.016500 	 0 	 0.01595597 	 0.00016530 
3.017000 	 0 	 0.01450487 	 0.00014138 
3.017600 	 0 	 0.01292394 	 0.00014545 
3.018100 	 0 	 0.01175241 	 0.00018450 
3.018500 	 0 	 0.01099572 	 0.00013120 
3.019500 	 0 	 0.00940617 	 0.00018346 
3.021700 	 0 	 0.00762404 	 0.00016812 
3.022500 	 0 	 0.00733486 	 0.00012652 
3.025400 	 0 	 0.00637091 	 0.00014985 
3.026300 	 0 	 0.00635985 	 0.00014300 
3.029400 	 0 	 0.00602268 	 0.00014132 
3.030300 	 0 	 0.00636261 	 0.00013005 
3.031500 	 0 	 0.00647123 	 0.00011369 
3.032400 	 0 	 0.00746411 	 0.00013976 
3.032500 	 0 	 0.00688537 	 0.00016141 
3.033100 	 0 	 0.00815329 	 0.00016318 
3.033500 	 0 	 0.01096802 	 0.00011038 
3.033700 	 0 	 0.01723633 	 0.00019518 
3.033800 	 0 	 0.01347221 	 0.00014222 
3.034000 	 0 	 0.02777671 	 0.00018121 
3.034200 	 0 	 0.02538152 	 0.00018598 
3.034300 	 0 	 0.03486173 	 0.00033007 
3.034400 	 0 	 0.03877388 	 0.00019632 
3.034500 	 0 	 0.04725090 	 0.00038681 
3.034900 	 0 	 0.02470994 	 0.00020288 
3.035400 	 0 	 0.02020203 	 0.00024958 
3.036500 	 0 	 0.01043648 	 0.00018477 
3.037500 	 0 	 0.00897605 	 0.00018479 
3.038500 	 0 	 0.00888199 	 0.00018230 
3.038800 	 0 	 0.00897191 	 0.00012807 
3.039500 	 0 	 0.00898077 	 0.00014171 
3.041500 	 0 	 0.00906617 	 0.00016634 
3.043000 	 0 	 0.00897426 	 0.00013241 
3.045400 	 0 	 0.00802168 	 0.00017289 
3.047000 	 0 	 0.00718997 	 0.00013845 
3.048900 	 0 	 0.00627049 	 0.00012685 
3.049500 	 0 	 0.00602448 	 0.00015196 
3.052900 	 0 	 0.00534267 	 0.00012249 
3.053500 	 0 	 0.00508296 	 0.00014165 
3.056900 	 0 	 0.00557791 	 0.00013620 
3.057500 	 0 	 0.00526144 	 0.00014808 
3.059500 	 0 	 0.00587672 	 0.00014703 
3.060000 	 0 	 0.00626615 	 0.00016583 
3.060500 	 0 	 0.00620693 	 0.00017923 
3.060800 	 0 	 0.00672353 	 0.00016709 
3.060900 	 0 	 0.00725066 	 0.00012041 
3.061000 	 0 	 0.00658023 	 0.00018233 
3.061300 	 0 	 0.00701512 	 0.00018686 
3.061500 	 0 	 0.00710670 	 0.00018646 
3.061800 	 0 	 0.00717532 	 0.00018431 
3.062100 	 0 	 0.00733804 	 0.00016782 
3.062300 	 0 	 0.00750844 	 0.00018206 
3.062600 	 0 	 0.00751369 	 0.00019618 
3.062700 	 0 	 0.00773261 	 0.00019551 
3.062900 	 0 	 0.00794551 	 0.00012609 
3.063000 	 0 	 0.00800906 	 0.00011123 
3.063200 	 0 	 0.00797939 	 0.00010654 
3.063500 	 0 	 0.00803549 	 0.00011353 
3.063700 	 0 	 0.00796820 	 0.00011858 
3.063900 	 0 	 0.00749748 	 0.00014348 
3.064000 	 0 	 0.00755323 	 0.00012870 
3.064300 	 0 	 0.00737365 	 0.00010802 
3.064500 	 0 	 0.00721906 	 0.00009104 
3.064800 	 0 	 0.00717547 	 0.00011109 
3.064900 	 0 	 0.00673042 	 0.00015487 
3.065000 	 0 	 0.00702146 	 0.00011078 
3.065300 	 0 	 0.00667223 	 0.00010805 
3.065500 	 0 	 0.00637440 	 0.00010609 
3.065700 	 0 	 0.00623693 	 0.00012236 
3.066100 	 0 	 0.00601053 	 0.00009872 
3.066600 	 0 	 0.00597424 	 0.00010986 
3.067100 	 0 	 0.00567843 	 0.00010720 
3.067400 	 0 	 0.00573050 	 0.00011512 
3.068600 	 0 	 0.00591487 	 0.00011673 
3.069500 	 0 	 0.00659504 	 0.00011400 
3.070400 	 0 	 0.00862867 	 0.00008883 
3.071000 	 0 	 0.01244033 	 0.00017529 
3.071600 	 0 	 0.01552668 	 0.00016462 
3.071900 	 0 	 0.03484195 	 0.00045234 
3.072000 	 0 	 0.02493382 	 0.00015159 
3.072300 	 0 	 0.03686804 	 0.00023925 
3.072400 	 0 	 0.08185646 	 0.00076526 
3.072600 	 0 	 0.07053945 	 0.00027019 
3.072800 	 0 	 0.08574829 	 0.00033624 
3.072900 	 0 	 0.07717969 	 0.00042997 
3.073100 	 0 	 0.07771274 	 0.00026697 
3.073300 	 0 	 0.07053396 	 0.00034913 
3.073400 	 0 	 0.05587321 	 0.00042016 
3.073500 	 0 	 0.05561828 	 0.00029405 
3.073700 	 0 	 0.04143085 	 0.00035811 
3.073800 	 0 	 0.03724980 	 0.00026471 
3.074000 	 0 	 0.02838244 	 0.00015904 
3.074500 	 0 	 0.01768754 	 0.00021711 
3.074600 	 0 	 0.01779534 	 0.00018117 
3.074900 	 0 	 0.01421955 	 0.00013302 
3.075400 	 0 	 0.01168278 	 0.00015907 
3.075900 	 0 	 0.00983835 	 0.00010839 
3.076500 	 0 	 0.00911379 	 0.00015189 
3.077500 	 0 	 0.00815910 	 0.00012080 
3.077800 	 0 	 0.00779746 	 0.00014622 
3.079500 	 0 	 0.00726548 	 0.00017579 
3.081500 	 0 	 0.00716073 	 0.00013752 
3.081900 	 0 	 0.00705730 	 0.00017341 
3.082400 	 0 	 0.00712927 	 0.00013089 
3.083100 	 0 	 0.00705348 	 0.00013671 
3.084600 	 0 	 0.00699066 	 0.00013350 
3.085500 	 0 	 0.00697951 	 0.00014867 
3.085800 	 0 	 0.00679995 	 0.00012582 
3.087500 	 0 	 0.00697095 	 0.00012753 
3.088500 	 0 	 0.00695188 	 0.00012207 
3.089500 	 0 	 0.00721854 	 0.00012472 
3.089600 	 0 	 0.00704833 	 0.00011899 
3.090500 	 0 	 0.00730413 	 0.00012296 
3.091500 	 0 	 0.00752057 	 0.00014155 
3.092500 	 0 	 0.00756422 	 0.00012998 
3.093600 	 0 	 0.00768258 	 0.00013752 
3.093700 	 0 	 0.00761050 	 0.00012532 
3.094600 	 0 	 0.00771422 	 0.00013791 
3.095500 	 0 	 0.00779037 	 0.00017134 
3.097500 	 0 	 0.00808350 	 0.00013828 
3.097800 	 0 	 0.00829861 	 0.00013827 
3.099000 	 0 	 0.00930534 	 0.00012237 
3.099100 	 0 	 0.00894464 	 0.00017418 
3.099400 	 0 	 0.00947398 	 0.00013796 
3.099500 	 0 	 0.01030215 	 0.00012702 
3.100000 	 0 	 0.01177670 	 0.00017269 
3.100100 	 0 	 0.01139580 	 0.00016909 
3.100500 	 0 	 0.01729239 	 0.00033652 
3.100700 	 0 	 0.02041054 	 0.00020002 
3.100800 	 0 	 0.01520777 	 0.00018017 
3.101000 	 0 	 0.01688474 	 0.00021222 
3.101200 	 0 	 0.02163140 	 0.00020123 
3.101600 	 0 	 0.03183357 	 0.00026376 
3.101800 	 0 	 0.03788704 	 0.00028321 
3.102000 	 0 	 0.03990205 	 0.00029295 
3.102200 	 0 	 0.03809788 	 0.00030602 
3.102500 	 0 	 0.03185461 	 0.00028847 
3.103000 	 0 	 0.02103312 	 0.00020882 
3.103500 	 0 	 0.01495889 	 0.00018569 
3.104000 	 0 	 0.01233651 	 0.00017390 
3.104600 	 0 	 0.01092497 	 0.00013858 
3.104900 	 0 	 0.00990352 	 0.00010237 
3.105400 	 0 	 0.00971460 	 0.00014971 
3.106100 	 0 	 0.00940681 	 0.00016149 
3.106600 	 0 	 0.00917821 	 0.00016448 
3.107000 	 0 	 0.00888562 	 0.00016714 
3.107300 	 0 	 0.00876015 	 0.00016990 
3.108800 	 0 	 0.00903362 	 0.00014706 
3.111500 	 0 	 0.00930115 	 0.00018173 
3.112800 	 0 	 0.00963568 	 0.00014773 
3.115100 	 0 	 0.01021209 	 0.00018180 
3.116700 	 0 	 0.01059743 	 0.00015658 
3.119500 	 0 	 0.01138083 	 0.00018816 
3.120700 	 0 	 0.01137105 	 0.00013917 
3.123500 	 0 	 0.01188531 	 0.00018934 
3.124700 	 0 	 0.01145916 	 0.00016883 
3.127400 	 0 	 0.01125802 	 0.00015926 
3.128800 	 0 	 0.01076778 	 0.00015436 
3.132700 	 0 	 0.00958704 	 0.00020113 
3.134400 	 0 	 0.00974744 	 0.00013556 
3.136800 	 0 	 0.00863457 	 0.00015184 
3.138400 	 0 	 0.00879145 	 0.00013608 
3.140900 	 0 	 0.00732176 	 0.00014365 
3.142200 	 0 	 0.00768490 	 0.00012736 
3.142800 	 0 	 0.00703758 	 0.00012120 
3.146800 	 0 	 0.00618415 	 0.00014018 
3.147100 	 0 	 0.00613034 	 0.00015020 
3.150900 	 0 	 0.00557895 	 0.00014090 
3.151500 	 0 	 0.00558463 	 0.00013967 
3.152900 	 0 	 0.00539005 	 0.00013476 
3.155100 	 0 	 0.00512238 	 0.00014912 
3.156100 	 0 	 0.00521194 	 0.00018054 
3.156500 	 0 	 0.00541438 	 0.00011920 
3.157000 	 0 	 0.00522490 	 0.00009086 
3.157300 	 0 	 0.00522635 	 0.00012850 
3.157900 	 0 	 0.00542335 	 0.00010064 
3.158200 	 0 	 0.00574473 	 0.00018762 
3.158400 	 0 	 0.00568150 	 0.00012783 
3.159000 	 0 	 0.00645802 	 0.00019388 
3.159200 	 0 	 0.00711084 	 0.00019053 
3.159300 	 0 	 0.00709898 	 0.00016457 
3.159600 	 0 	 0.01329871 	 0.00024757 
3.159800 	 0 	 0.02606720 	 0.00031002 
3.160400 	 0 	 0.01951709 	 0.00019237 
3.160800 	 0 	 0.02074124 	 0.00028291 
3.161200 	 0 	 0.00789509 	 0.00009360 
3.161800 	 0 	 0.00719282 	 0.00020156 
3.162000 	 0 	 0.00667525 	 0.00012185 
3.162700 	 0 	 0.00629500 	 0.00010831 
3.163000 	 0 	 0.00613844 	 0.00015775 
3.163400 	 0 	 0.00608008 	 0.00009103 
3.163700 	 0 	 0.00609168 	 0.00018680 
3.164800 	 0 	 0.00613856 	 0.00008699 
3.164900 	 0 	 0.00598908 	 0.00018677 
3.165900 	 0 	 0.00630587 	 0.00019126 
3.166100 	 0 	 0.00635386 	 0.00012423 
3.167100 	 0 	 0.00676346 	 0.00010513 
3.168100 	 0 	 0.00723944 	 0.00019727 
3.168400 	 0 	 0.00764086 	 0.00012364 
3.169000 	 0 	 0.00786538 	 0.00020326 
3.169900 	 0 	 0.00910228 	 0.00014043 
3.170000 	 0 	 0.00916023 	 0.00021635 
3.171000 	 0 	 0.01022752 	 0.00021930 
3.172000 	 0 	 0.01205273 	 0.00023655 
3.172300 	 0 	 0.01294132 	 0.00018329 
3.172900 	 0 	 0.01439563 	 0.00025505 
3.173300 	 0 	 0.01565584 	 0.00015373 
3.174100 	 0 	 0.01757511 	 0.00027194 
3.174300 	 0 	 0.01878448 	 0.00021072 
3.174600 	 0 	 0.01931674 	 0.00028063 
3.175100 	 0 	 0.02084003 	 0.00028824 
3.175900 	 0 	 0.02356608 	 0.00030848 
3.176800 	 0 	 0.02191248 	 0.00020321 
3.177100 	 0 	 0.02533806 	 0.00031975 
3.177600 	 0 	 0.02302508 	 0.00020342 
3.177800 	 0 	 0.02463059 	 0.00031936 
3.178500 	 0 	 0.02353880 	 0.00030886 
3.178900 	 0 	 0.02251610 	 0.00030531 
3.179800 	 0 	 0.01974374 	 0.00025653 
3.181100 	 0 	 0.01644064 	 0.00027865 
3.182000 	 0 	 0.01464017 	 0.00025618 
3.183000 	 0 	 0.01235910 	 0.00023625 
3.183400 	 0 	 0.00884471 	 0.00009020 
3.184000 	 0 	 0.01030645 	 0.00022391 
3.185000 	 0 	 0.00894695 	 0.00020551 
3.186000 	 0 	 0.00779931 	 0.00019901 
3.187000 	 0 	 0.00674424 	 0.00018605 
3.188100 	 0 	 0.00594394 	 0.00018056 
3.188900 	 0 	 0.00546467 	 0.00017497 
3.189300 	 0 	 0.00525946 	 0.00005750 
3.189900 	 0 	 0.00501993 	 0.00017077 
3.191000 	 0 	 0.00450709 	 0.00016078 
3.191500 	 0 	 0.00450898 	 0.00007559 
3.192000 	 0 	 0.00417555 	 0.00014409 
3.193000 	 0 	 0.00420736 	 0.00015958 
3.193400 	 0 	 0.00367141 	 0.00013055 
3.193800 	 0 	 0.00386333 	 0.00014167 
3.194400 	 0 	 0.00337753 	 0.00015353 
3.195000 	 0 	 0.00360005 	 0.00014788 
3.195400 	 0 	 0.00341517 	 0.00013297 
3.196000 	 0 	 0.00361684 	 0.00017437 
3.196500 	 0 	 0.00315130 	 0.00013054 
3.197000 	 0 	 0.00356296 	 0.00016029 
3.197100 	 0 	 0.00338819 	 0.00009475 
3.198000 	 0 	 0.00326401 	 0.00015615 
3.198200 	 0 	 0.00285318 	 0.00013677 
3.198900 	 0 	 0.00326874 	 0.00014891 
3.200500 	 0 	 0.00321687 	 0.00012633 
