2.106856 0.000000 0.000222 0.000054
2.108034 0.000000 0.000183 0.000041
2.109105 0.000000 0.000102 0.000038
2.110176 0.000000 0.000130 0.000041
2.111247 0.000000 0.000158 0.000025
2.111782 0.000000 0.000309 0.000040
2.112317 0.000000 0.000487 0.000040
2.112638 0.000000 0.000433 0.000041
2.113922 0.000000 0.000251 0.000041
2.114992 0.000000 0.000244 0.000037
2.115955 0.000000 0.000310 0.000040
2.120125 0.000000 0.000229 0.000043
2.125572 0.000000 0.000264 0.000164
2.127601 0.000000 0.000174 0.000052
2.140287 0.000000 0.000677 0.000297
2.151137 0.000000 0.000098 0.000020
2.156130 0.000000 0.000149 0.000019
2.160800 0.000000 0.000160 0.000030
2.165573 0.000000 0.000224 0.000064
2.166209 0.000000 0.000128 0.000023
2.166633 0.000000 0.000509 0.000061
2.167057 0.000000 0.000512 0.000031
2.167163 0.000000 0.001179 0.000068
2.167586 0.000000 0.000472 0.000063
2.168222 0.000000 0.000231 0.000025
2.168646 0.000000 0.000207 0.000032
2.169176 0.000000 0.000172 0.000028
2.170341 0.000000 0.000103 0.000025
2.171506 0.000000 0.000148 0.000021
2.177751 0.000000 0.000181 0.000022
2.182615 0.000000 0.000198 0.000026
2.188003 0.000000 0.000654 0.000033
2.190853 0.000000 0.000323 0.000028
2.191487 0.000000 0.000302 0.000036
2.191592 0.000000 0.000386 0.000059
2.191909 0.000000 0.000334 0.000041
2.192014 0.000000 0.000366 0.000050
2.192542 0.000000 0.000613 0.000063
2.192648 0.000000 0.000313 0.000035
2.192964 0.000000 0.000480 0.000045
2.193386 0.000000 0.000368 0.000022
2.193597 0.000000 0.000414 0.000071
2.195496 0.000000 0.000352 0.000034
2.197816 0.000000 0.000385 0.000038
2.198764 0.000000 0.000436 0.000035
2.199291 0.000000 0.000384 0.000026
2.203822 0.000000 0.000430 0.000034
2.204033 0.000000 0.000475 0.000038
2.208033 0.000000 0.000520 0.000037
2.208139 0.000000 0.000514 0.000031
2.214555 0.000000 0.000609 0.000031
2.219494 0.000000 0.000749 0.000033
2.224535 0.000000 0.000777 0.000035
2.240469 0.000000 0.000808 0.000050
2.245597 0.000000 0.000723 0.000043
2.250721 0.000000 0.000635 0.000044
2.256154 0.000000 0.000536 0.000035
2.260957 0.000000 0.000487 0.000036
2.266068 0.000000 0.000457 0.000034
2.271906 0.000000 0.000469 0.000036
2.276801 0.000000 0.000491 0.000037
2.282629 0.000000 0.000526 0.000036
2.287828 0.000000 0.000702 0.000033
2.289595 0.000000 0.000856 0.000039
2.291881 0.000000 0.001060 0.000038
2.293750 0.000000 0.001460 0.000043
2.295931 0.000000 0.002057 0.000049
2.298007 0.000000 0.003060 0.000055
2.300290 0.000000 0.004928 0.000063
2.301846 0.000000 0.006634 0.000070
2.304335 0.000000 0.009207 0.000080
2.306201 0.000000 0.009719 0.000090
2.308378 0.000000 0.008436 0.000088
2.312626 0.000000 0.004509 0.000069
2.316871 0.000000 0.002474 0.000056
2.318631 0.000000 0.002131 0.000054
2.319872 0.000000 0.001890 0.000048
2.320804 0.000000 0.001789 0.000053
2.321941 0.000000 0.001662 0.000037
2.323596 0.000000 0.001622 0.000044
2.324217 0.000000 0.001663 0.000044
2.324630 0.000000 0.001834 0.000036
2.324941 0.000000 0.001989 0.000056
2.325147 0.000000 0.001981 0.000062
2.325768 0.000000 0.001919 0.000047
2.326181 0.000000 0.001697 0.000053
2.326698 0.000000 0.001512 0.000050
2.327215 0.000000 0.001370 0.000044
2.327835 0.000000 0.001281 0.000037
2.328249 0.000000 0.001228 0.000028
2.329075 0.000000 0.001087 0.000050
2.329179 0.000000 0.001111 0.000026
2.333311 0.000000 0.000950 0.000052
2.333414 0.000000 0.000899 0.000022
2.336925 0.000000 0.000819 0.000044
2.341362 0.000000 0.000742 0.000059
2.341465 0.000000 0.000733 0.000018
2.343219 0.000000 0.000693 0.000033
2.343632 0.000000 0.000711 0.000057
2.344972 0.000000 0.000719 0.000036
2.345694 0.000000 0.000721 0.000051
2.346519 0.000000 0.000766 0.000040
2.347859 0.000000 0.000822 0.000066
2.347962 0.000000 0.000758 0.000042
2.349405 0.000000 0.000779 0.000037
2.349611 0.000000 0.000733 0.000054
2.350435 0.000000 0.000821 0.000041
2.351157 0.000000 0.000845 0.000036
2.351878 0.000000 0.000815 0.000054
2.351981 0.000000 0.000895 0.000041
2.352805 0.000000 0.000856 0.000040
2.353629 0.000000 0.000963 0.000037
2.353938 0.000000 0.000988 0.000062
2.354144 0.000000 0.001029 0.000038
2.354762 0.000000 0.001079 0.000037
2.355277 0.000000 0.001180 0.000037
2.355792 0.000000 0.001266 0.000039
2.356101 0.000000 0.001295 0.000066
2.356512 0.000000 0.001381 0.000038
2.357027 0.000000 0.001412 0.000042
2.357542 0.000000 0.001511 0.000043
2.358468 0.000000 0.001562 0.000035
2.358983 0.000000 0.001644 0.000045
2.359395 0.000000 0.001728 0.000047
2.360733 0.000000 0.002126 0.000035
2.361247 0.000000 0.002504 0.000036
2.361453 0.000000 0.002292 0.000073
2.361762 0.000000 0.002877 0.000037
2.362276 0.000000 0.003436 0.000036
2.362790 0.000000 0.004090 0.000038
2.363202 0.000000 0.004740 0.000045
2.363716 0.000000 0.005666 0.000046
2.364128 0.000000 0.005228 0.000070
2.364333 0.000000 0.006731 0.000053
2.364745 0.000000 0.007501 0.000051
2.365259 0.000000 0.007974 0.000060
2.365773 0.000000 0.007837 0.000060
2.366390 0.000000 0.007045 0.000061
2.366904 0.000000 0.006180 0.000058
2.367316 0.000000 0.005463 0.000058
2.367830 0.000000 0.004694 0.000057
2.368344 0.000000 0.004018 0.000053
2.368961 0.000000 0.003260 0.000055
2.369783 0.000000 0.003093 0.000047
2.370091 0.000000 0.002719 0.000048
2.370400 0.000000 0.002476 0.000049
2.371119 0.000000 0.002238 0.000052
2.371427 0.000000 0.002031 0.000043
2.372044 0.000000 0.001842 0.000042
2.372558 0.000000 0.001827 0.000042
2.372866 0.000000 0.001703 0.000054
2.373071 0.000000 0.001694 0.000042
2.373585 0.000000 0.001563 0.000045
2.374715 0.000000 0.001321 0.000033
2.375640 0.000000 0.001223 0.000032
2.376564 0.000000 0.001116 0.000026
2.377694 0.000000 0.001116 0.000034
2.378618 0.000000 0.001082 0.000031
2.380671 0.000000 0.001151 0.000036
2.382723 0.000000 0.001385 0.000036
2.384878 0.000000 0.001823 0.000039
2.386930 0.000000 0.002532 0.000043
2.388878 0.000000 0.003643 0.000048
2.390826 0.000000 0.004708 0.000051
2.391134 0.000000 0.005406 0.000059
2.392877 0.000000 0.006711 0.000061
2.395029 0.000000 0.009905 0.000075
2.395951 0.000000 0.012815 0.000087
2.397180 0.000000 0.014724 0.000095
2.399229 0.000000 0.018912 0.000087
2.401072 0.000000 0.019514 0.000106
2.401379 0.000000 0.019679 0.000064
2.403017 0.000000 0.017082 0.000052
2.404860 0.000000 0.013992 0.000056
2.407111 0.000000 0.010603 0.000050
2.409259 0.000000 0.008325 0.000045
2.413248 0.000000 0.005791 0.000032
2.416111 0.000000 0.004781 0.000029
2.416519 0.000000 0.004635 0.000050
2.421220 0.000000 0.003693 0.000047
2.421424 0.000000 0.003637 0.000029
2.425407 0.000000 0.003185 0.000049
2.425611 0.000000 0.003185 0.000028
2.428368 0.000000 0.002931 0.000029
2.429797 0.000000 0.002875 0.000051
2.430511 0.000000 0.002820 0.000040
2.431838 0.000000 0.002732 0.000038
2.432858 0.000000 0.002669 0.000055
2.433878 0.000000 0.002308 0.000025
2.434694 0.000000 0.002676 0.000057
2.435816 0.000000 0.002625 0.000042
2.436938 0.000000 0.002596 0.000055
2.437244 0.000000 0.002673 0.000050
2.438060 0.000000 0.002584 0.000058
2.439079 0.000000 0.002692 0.000052
2.439589 0.000000 0.002694 0.000051
2.440914 0.000000 0.002737 0.000048
2.441016 0.000000 0.002713 0.000052
2.441322 0.000000 0.002683 0.000051
2.441730 0.000000 0.002656 0.000049
2.441934 0.000000 0.002648 0.000036
2.442239 0.000000 0.002677 0.000050
2.443972 0.000000 0.002538 0.000045
2.444176 0.000000 0.002513 0.000047
2.445093 0.000000 0.002491 0.000046
2.446010 0.000000 0.002445 0.000040
2.446213 0.000000 0.002483 0.000044
2.448047 0.000000 0.002404 0.000045
2.449982 0.000000 0.002383 0.000046
2.450186 0.000000 0.002362 0.000044
2.452222 0.000000 0.002361 0.000044
2.454156 0.000000 0.002304 0.000033
2.454564 0.000000 0.002300 0.000053
2.456294 0.000000 0.002356 0.000053
2.460567 0.000000 0.002341 0.000039
2.466364 0.000000 0.002498 0.000042
2.467381 0.000000 0.002588 0.000056
2.468397 0.000000 0.002660 0.000047
2.468499 0.000000 0.002711 0.000040
2.468905 0.000000 0.002682 0.000056
2.469515 0.000000 0.002824 0.000060
2.470023 0.000000 0.002870 0.000057
2.470430 0.000000 0.003121 0.000043
2.470633 0.000000 0.003085 0.000062
2.471039 0.000000 0.003172 0.000061
2.471548 0.000000 0.003340 0.000063
2.472056 0.000000 0.003634 0.000066
2.473275 0.000000 0.004679 0.000065
2.473681 0.000000 0.005047 0.000074
2.473986 0.000000 0.005202 0.000072
2.474494 0.000000 0.005163 0.000067
2.474596 0.000000 0.004809 0.000057
2.475103 0.000000 0.004772 0.000056
2.477541 0.000000 0.003244 0.000061
2.478658 0.000000 0.003018 0.000054
2.479572 0.000000 0.002885 0.000052
2.481704 0.000000 0.002792 0.000059
2.482617 0.000000 0.002774 0.000058
2.482719 0.000000 0.002818 0.000028
2.483734 0.000000 0.002793 0.000026
2.483835 0.000000 0.002777 0.000063
2.484343 0.000000 0.002782 0.000061
2.485256 0.000000 0.002898 0.000035
2.485358 0.000000 0.002822 0.000060
2.485764 0.000000 0.003006 0.000053
2.485865 0.000000 0.002867 0.000063
2.486271 0.000000 0.002933 0.000068
2.486372 0.000000 0.003332 0.000080
2.488402 0.000000 0.002992 0.000036
2.488605 0.000000 0.002935 0.000067
2.488909 0.000000 0.002964 0.000038
2.489315 0.000000 0.002967 0.000030
2.490430 0.000000 0.002984 0.000026
2.490836 0.000000 0.002983 0.000025
2.490938 0.000000 0.002978 0.000054
2.491850 0.000000 0.002936 0.000057
2.491952 0.000000 0.003014 0.000028
2.492763 0.000000 0.002995 0.000052
2.492864 0.000000 0.003089 0.000023
2.493878 0.000000 0.003141 0.000026
2.494081 0.000000 0.003081 0.000056
2.495805 0.000000 0.003221 0.000029
2.496008 0.000000 0.003109 0.000056
2.496920 0.000000 0.003187 0.000051
2.497832 0.000000 0.003246 0.000039
2.497934 0.000000 0.003352 0.000028
2.499150 0.000000 0.003310 0.000047
2.499859 0.000000 0.003347 0.000048
2.499961 0.000000 0.003480 0.000026
2.500974 0.000000 0.003444 0.000050
2.501987 0.000000 0.003478 0.000048
2.502393 0.000000 0.003654 0.000022
2.503102 0.000000 0.003601 0.000051
2.504014 0.000000 0.003642 0.000057
2.505027 0.000000 0.003749 0.000052
2.506039 0.000000 0.003868 0.000053
2.506850 0.000000 0.003892 0.000057
2.508065 0.000000 0.004050 0.000063
2.509179 0.000000 0.004183 0.000061
2.509888 0.000000 0.004295 0.000064
2.511103 0.000000 0.004452 0.000063
2.512216 0.000000 0.004588 0.000058
2.513532 0.000000 0.004766 0.000067
2.513937 0.000000 0.004885 0.000067
2.516265 0.000000 0.005493 0.000077
2.518288 0.000000 0.005976 0.000073
2.519705 0.000000 0.006593 0.000069
2.521930 0.000000 0.007824 0.000080
2.524155 0.000000 0.009629 0.000087
2.526279 0.000000 0.012652 0.000098
2.528402 0.000000 0.016694 0.000098
2.530424 0.000000 0.020128 0.000101
2.532344 0.000000 0.021140 0.000118
2.534365 0.000000 0.019023 0.000118
2.536487 0.000000 0.016457 0.000104
2.538507 0.000000 0.014667 0.000091
2.540325 0.000000 0.013654 0.000080
2.542850 0.000000 0.012843 0.000098
2.544364 0.000000 0.012830 0.000098
2.546383 0.000000 0.012845 0.000098
2.548402 0.000000 0.013088 0.000100
2.550622 0.000000 0.013589 0.000091
2.552641 0.000000 0.014332 0.000102
2.554558 0.000000 0.015078 0.000097
2.556575 0.000000 0.015864 0.000083
2.558693 0.000000 0.016720 0.000110
2.560609 0.000000 0.017916 0.000112
2.562727 0.000000 0.019339 0.000118
2.564642 0.000000 0.020841 0.000105
2.566759 0.000000 0.022734 0.000149
2.568674 0.000000 0.024758 0.000121
2.570690 0.000000 0.027154 0.000117
2.572806 0.000000 0.029318 0.000118
2.574720 0.000000 0.030609 0.000128
2.576835 0.000000 0.031609 0.000123
2.578749 0.000000 0.032642 0.000114
2.580662 0.000000 0.033391 0.000125
2.582777 0.000000 0.033932 0.000120
2.584690 0.000000 0.034394 0.000128
2.586905 0.000000 0.034086 0.000121
2.588918 0.000000 0.033892 0.000130
2.590729 0.000000 0.033338 0.000123
2.592943 0.000000 0.033031 0.000127
2.594754 0.000000 0.032679 0.000118
2.596967 0.000000 0.032558 0.000128
2.598979 0.000000 0.031925 0.000123
2.600789 0.000000 0.030106 0.000111
2.601795 0.000000 0.028971 0.000122
2.603102 0.000000 0.026824 0.000112
2.604007 0.000000 0.025484 0.000110
2.606119 0.000000 0.022073 0.000108
2.607727 0.000000 0.019886 0.000096
2.609838 0.000000 0.017542 0.000091
2.612050 0.000000 0.015512 0.000089
2.613959 0.000000 0.014237 0.000086
2.618581 0.000000 0.011737 0.000082
2.624106 0.000000 0.009809 0.000074
2.628525 0.000000 0.008799 0.000074
2.633545 0.000000 0.007869 0.000076
2.639166 0.000000 0.007219 0.000066
2.643782 0.000000 0.006782 0.000063
2.649099 0.000000 0.006527 0.000067
2.653613 0.000000 0.006475 0.000062
2.656120 0.000000 0.006437 0.000061
2.658126 0.000000 0.006516 0.000068
2.659930 0.000000 0.006701 0.000069
2.661835 0.000000 0.006774 0.000053
2.664041 0.000000 0.007006 0.000058
2.665946 0.000000 0.007174 0.000060
2.668151 0.000000 0.007301 0.000080
2.670456 0.000000 0.007288 0.000070
2.672260 0.000000 0.007179 0.000071
2.674465 0.000000 0.006978 0.000055
2.675868 0.000000 0.006915 0.000055
2.678072 0.000000 0.006827 0.000055
2.679976 0.000000 0.006840 0.000062
2.682180 0.000000 0.006870 0.000068
2.688991 0.000000 0.007531 0.000058
2.693898 0.000000 0.008308 0.000064
2.699005 0.000000 0.009545 0.000060
2.702209 0.000000 0.010190 0.000088
2.704211 0.000000 0.011157 0.000068
2.707214 0.000000 0.012120 0.000095
2.708215 0.000000 0.012922 0.000079
2.709316 0.000000 0.013048 0.000106
2.710217 0.000000 0.013656 0.000111
2.710818 0.000000 0.014091 0.000121
2.711318 0.000000 0.014397 0.000126
2.711718 0.000000 0.015013 0.000094
2.711919 0.000000 0.014843 0.000124
2.712219 0.000000 0.014955 0.000126
2.712819 0.000000 0.015721 0.000148
2.713020 0.000000 0.015936 0.000141
2.713620 0.000000 0.016459 0.000161
2.713820 0.000000 0.016759 0.000175
2.713920 0.000000 0.016869 0.000195
2.714221 0.000000 0.017076 0.000109
2.714321 0.000000 0.016920 0.000176
2.714821 0.000000 0.017286 0.000138
2.715321 0.000000 0.017671 0.000160
2.715722 0.000000 0.018170 0.000154
2.716723 0.000000 0.019084 0.000192
2.717323 0.000000 0.019385 0.000147
2.717823 0.000000 0.019937 0.000161
2.718824 0.000000 0.020828 0.000152
2.719124 0.000000 0.021571 0.000147
2.719925 0.000000 0.021865 0.000180
2.720325 0.000000 0.022387 0.000151
2.720425 0.000000 0.022390 0.000184
2.720825 0.000000 0.022890 0.000229
2.721326 0.000000 0.023113 0.000213
2.721726 0.000000 0.023715 0.000198
2.722827 0.000000 0.024259 0.000225
2.723827 0.000000 0.024328 0.000242
2.724027 0.000000 0.025093 0.000166
2.724228 0.000000 0.024713 0.000253
2.724428 0.000000 0.024646 0.000188
2.724628 0.000000 0.024761 0.000181
2.725328 0.000000 0.024634 0.000188
2.727329 0.000000 0.023294 0.000172
2.728130 0.000000 0.023136 0.000137
2.728330 0.000000 0.022067 0.000171
2.729330 0.000000 0.020971 0.000123
2.730331 0.000000 0.019311 0.000175
2.731231 0.000000 0.017780 0.000145
2.732032 0.000000 0.017193 0.000142
2.732332 0.000000 0.016033 0.000174
2.733332 0.000000 0.014641 0.000175
2.734432 0.000000 0.013096 0.000150
2.735333 0.000000 0.011674 0.000109
2.735833 0.000000 0.011405 0.000143
2.736133 0.000000 0.011391 0.000128
2.736233 0.000000 0.010914 0.000153
2.736333 0.000000 0.010710 0.000150
2.736833 0.000000 0.010264 0.000172
2.737233 0.000000 0.009976 0.000158
2.737834 0.000000 0.009458 0.000176
2.738234 0.000000 0.009530 0.000140
2.738434 0.000000 0.008827 0.000146
2.738534 0.000000 0.008601 0.000141
2.738734 0.000000 0.008431 0.000164
2.739034 0.000000 0.008138 0.000137
2.739134 0.000000 0.008158 0.000100
2.739234 0.000000 0.008502 0.000157
2.739334 0.000000 0.008277 0.000176
2.739634 0.000000 0.008015 0.000159
2.739734 0.000000 0.008083 0.000169
2.739834 0.000000 0.007869 0.000154
2.740134 0.000000 0.007811 0.000177
2.740234 0.000000 0.007831 0.000174
2.740334 0.000000 0.007542 0.000141
2.740534 0.000000 0.007656 0.000191
2.740735 0.000000 0.007840 0.000214
2.740835 0.000000 0.007472 0.000220
2.741035 0.000000 0.007348 0.000061
2.742335 0.000000 0.006742 0.000073
2.742635 0.000000 0.006538 0.000074
2.742735 0.000000 0.006269 0.000109
2.743435 0.000000 0.005996 0.000071
2.743835 0.000000 0.005903 0.000059
2.744135 0.000000 0.005642 0.000081
2.744335 0.000000 0.005919 0.000065
2.744635 0.000000 0.005519 0.000099
2.745036 0.000000 0.005581 0.000076
2.745136 0.000000 0.005355 0.000101
2.745536 0.000000 0.005514 0.000071
2.745736 0.000000 0.005186 0.000073
2.746036 0.000000 0.005401 0.000068
2.746236 0.000000 0.005012 0.000085
2.746336 0.000000 0.005454 0.000063
2.746636 0.000000 0.004951 0.000080
2.747136 0.000000 0.004924 0.000070
2.747236 0.000000 0.005219 0.000059
2.747536 0.000000 0.004795 0.000049
2.748136 0.000000 0.005061 0.000058
2.749636 0.000000 0.004468 0.000088
2.749936 0.000000 0.004502 0.000083
2.750236 0.000000 0.004515 0.000065
2.750336 0.000000 0.004754 0.000061
2.752137 0.000000 0.004696 0.000059
2.752337 0.000000 0.004357 0.000096
2.755837 0.000000 0.004415 0.000088
2.756337 0.000000 0.004738 0.000069
2.760037 0.000000 0.004638 0.000099
2.762137 0.000000 0.005024 0.000056
2.762237 0.000000 0.004627 0.000087
2.762837 0.000000 0.004673 0.000091
2.763237 0.000000 0.004751 0.000100
2.763637 0.000000 0.004793 0.000067
2.764737 0.000000 0.004803 0.000083
2.765237 0.000000 0.004948 0.000102
2.765737 0.000000 0.004958 0.000077
2.766137 0.000000 0.005241 0.000060
2.766237 0.000000 0.004894 0.000091
2.767237 0.000000 0.004947 0.000108
2.768137 0.000000 0.005385 0.000064
2.768337 0.000000 0.005127 0.000105
2.770136 0.000000 0.005161 0.000087
2.770236 0.000000 0.005535 0.000065
2.772036 0.000000 0.005680 0.000063
2.773936 0.000000 0.005572 0.000048
2.774236 0.000000 0.005814 0.000067
2.776236 0.000000 0.006009 0.000066
2.778835 0.000000 0.006155 0.000108
2.780235 0.000000 0.006502 0.000076
2.784035 0.000000 0.006952 0.000090
2.784235 0.000000 0.007365 0.000908
2.788134 0.000000 0.007390 0.000073
2.792133 0.000000 0.007985 0.000090
2.794433 0.000000 0.007992 0.000096
2.796132 0.000000 0.008609 0.000096
2.800232 0.000000 0.009297 0.000118
2.803531 0.000000 0.009788 0.000094
2.804031 0.000000 0.009667 0.000123
2.806931 0.000000 0.010192 0.000072
2.807830 0.000000 0.010531 0.000126
2.807930 0.000000 0.010335 0.000135
2.808830 0.000000 0.010618 0.000091
2.809130 0.000000 0.010984 0.000139
2.809430 0.000000 0.011207 0.000144
2.809630 0.000000 0.011316 0.000145
2.810430 0.000000 0.011810 0.000144
2.810530 0.000000 0.011932 0.000148
2.810830 0.000000 0.011599 0.000152
2.811430 0.000000 0.011736 0.000151
2.811930 0.000000 0.011438 0.000136
2.812030 0.000000 0.011499 0.000099
2.812330 0.000000 0.011511 0.000143
2.812830 0.000000 0.011643 0.000143
2.813330 0.000000 0.011665 0.000145
2.815929 0.000000 0.012402 0.000092
2.818229 0.000000 0.013213 0.000112
2.820229 0.000000 0.013916 0.000110
2.822329 0.000000 0.014323 0.000107
2.823929 0.000000 0.014289 0.000114
2.826129 0.000000 0.014042 0.000105
2.828529 0.000000 0.013917 0.000104
2.830729 0.000000 0.013853 0.000128
2.833729 0.000000 0.014195 0.000103
2.836329 0.000000 0.014628 0.000089
2.838930 0.000000 0.015178 0.000137
2.841630 0.000000 0.015759 0.000119
2.843931 0.000000 0.016738 0.000119
2.844231 0.000000 0.016626 0.000126
2.844731 0.000000 0.016620 0.000123
2.845031 0.000000 0.016831 0.000164
2.845331 0.000000 0.017246 0.000167
2.845631 0.000000 0.017167 0.000179
2.845931 0.000000 0.017298 0.000182
2.846131 0.000000 0.017458 0.000184
2.846231 0.000000 0.017502 0.000112
2.847732 0.000000 0.018634 0.000131
2.850732 0.000000 0.019934 0.000152
2.855834 0.000000 0.023607 0.000138
2.858035 0.000000 0.026111 0.000156
2.860036 0.000000 0.028228 0.000136
2.862338 0.000000 0.029773 0.000161
2.862838 0.000000 0.030384 0.000210
2.863338 0.000000 0.031033 0.000157
2.863739 0.000000 0.031595 0.000215
2.863839 0.000000 0.032604 0.000166
2.866140 0.000000 0.035279 0.000079
2.870243 0.000000 0.040730 0.000264
2.871844 0.000000 0.041285 0.000225
2.873345 0.000000 0.042908 0.000237
2.874246 0.000000 0.043062 0.000236
2.874747 0.000000 0.043267 0.000276
2.875347 0.000000 0.043374 0.000197
2.875447 0.000000 0.043581 0.000254
2.875948 0.000000 0.043421 0.000246
2.876248 0.000000 0.043422 0.000260
2.876348 0.000000 0.043579 0.000278
2.876548 0.000000 0.043889 0.000268
2.876848 0.000000 0.044237 0.000292
2.877149 0.000000 0.043542 0.000335
2.877349 0.000000 0.043753 0.000249
2.877549 0.000000 0.043361 0.000288
2.877749 0.000000 0.043588 0.000291
2.878250 0.000000 0.042786 0.000232
2.878350 0.000000 0.042850 0.000336
2.879251 0.000000 0.042870 0.000319
2.880152 0.000000 0.041387 0.000168
2.880352 0.000000 0.042034 0.000120
2.881353 0.000000 0.040028 0.000187
2.882354 0.000000 0.039373 0.000234
2.884356 0.000000 0.038036 0.000171
2.885157 0.000000 0.036223 0.000270
2.889262 0.000000 0.031628 0.000260
2.893167 0.000000 0.028067 0.000174
2.897073 0.000000 0.025057 0.000235
2.901079 0.000000 0.021586 0.000300
2.905186 0.000000 0.019234 0.000277
2.908793 0.000000 0.018656 0.000148
2.909194 0.000000 0.019326 0.000172
2.910196 0.000000 0.023131 0.000356
2.910797 0.000000 0.024529 0.000353
2.911198 0.000000 0.025713 0.000296
2.911498 0.000000 0.024534 0.000375
2.911799 0.000000 0.022948 0.000237
2.912300 0.000000 0.022791 0.000143
2.912901 0.000000 0.022782 0.000177
2.913402 0.000000 0.022143 0.000121
2.913903 0.000000 0.021160 0.000121
2.914404 0.000000 0.020000 0.000116
2.914705 0.000000 0.018984 0.000114
2.915908 0.000000 0.016329 0.000101
2.916910 0.000000 0.014458 0.000109
2.917812 0.000000 0.012503 0.000092
2.918313 0.000000 0.011977 0.000087
2.918914 0.000000 0.011325 0.000114
2.919415 0.000000 0.010904 0.000122
2.919816 0.000000 0.010784 0.000177
2.919917 0.000000 0.010729 0.000147
2.920117 0.000000 0.010485 0.000201
2.920217 0.000000 0.010386 0.000164
2.920418 0.000000 0.010197 0.000143
2.920919 0.000000 0.009808 0.000101
2.921320 0.000000 0.009706 0.000087
2.921921 0.000000 0.009354 0.000053
2.922322 0.000000 0.008979 0.000081
2.922824 0.000000 0.008906 0.000051
2.923325 0.000000 0.008667 0.000051
2.923926 0.000000 0.008471 0.000045
2.924327 0.000000 0.008227 0.000053
2.924829 0.000000 0.008097 0.000053
2.925230 0.000000 0.007917 0.000056
2.925831 0.000000 0.007772 0.000049
2.926332 0.000000 0.007636 0.000054
2.926934 0.000000 0.007476 0.000055
2.927435 0.000000 0.007311 0.000063
2.927937 0.000000 0.007173 0.000061
2.930243 0.000000 0.006689 0.000054
2.934254 0.000000 0.005931 0.000057
2.944186 0.000000 0.004869 0.000049
2.954624 0.000000 0.004321 0.000052
2.964264 0.000000 0.003815 0.000051
2.974412 0.000000 0.003366 0.000045
2.984465 0.000000 0.003259 0.000051
2.994423 0.000000 0.003327 0.000053
3.003179 0.000000 0.003919 0.000102
3.004690 0.000000 0.004140 0.000082
3.008315 0.000000 0.004831 0.000082
3.012444 0.000000 0.005446 0.000100
3.014359 0.000000 0.005725 0.000083
3.015668 0.000000 0.005908 0.000118
3.016071 0.000000 0.006046 0.000121
3.016474 0.000000 0.006092 0.000124
3.016676 0.000000 0.006193 0.000110
3.016878 0.000000 0.006199 0.000125
3.017079 0.000000 0.006216 0.000107
3.017381 0.000000 0.006216 0.000119
3.017885 0.000000 0.006073 0.000115
3.018288 0.000000 0.006113 0.000117
3.018792 0.000000 0.005788 0.000107
3.019397 0.000000 0.005671 0.000122
3.019901 0.000000 0.005389 0.000093
3.020506 0.000000 0.005214 0.000088
3.020909 0.000000 0.005006 0.000098
3.021413 0.000000 0.004983 0.000081
3.021917 0.000000 0.004806 0.000071
3.022522 0.000000 0.004646 0.000076
3.023026 0.000000 0.004667 0.000100
3.023429 0.000000 0.004583 0.000101
3.024437 0.000000 0.004527 0.000109
3.026656 0.000000 0.004145 0.000103
3.030387 0.000000 0.003811 0.000096
3.034422 0.000000 0.003661 0.000090
3.036542 0.000000 0.003637 0.000074
3.037551 0.000000 0.003723 0.000102
3.038156 0.000000 0.003662 0.000097
3.038560 0.000000 0.003657 0.000083
3.038863 0.000000 0.003637 0.000071
3.039065 0.000000 0.003705 0.000098
3.039367 0.000000 0.003781 0.000127
3.039569 0.000000 0.003946 0.000138
3.040478 0.000000 0.003678 0.000111
3.041588 0.000000 0.003644 0.000100
3.042598 0.000000 0.003732 0.000106
3.043607 0.000000 0.003783 0.000110
3.044617 0.000000 0.003711 0.000083
3.046637 0.000000 0.003921 0.000097
3.050576 0.000000 0.004052 0.000107
3.054719 0.000000 0.004458 0.000107
3.058762 0.000000 0.005037 0.000112
3.062806 0.000000 0.005892 0.000125
3.064829 0.000000 0.006868 0.000129
3.065334 0.000000 0.007168 0.000142
3.065840 0.000000 0.007630 0.000156
3.066144 0.000000 0.007850 0.000145
3.066346 0.000000 0.007967 0.000162
3.066649 0.000000 0.008089 0.000159
3.066852 0.000000 0.008456 0.000161
3.067155 0.000000 0.008726 0.000162
3.067459 0.000000 0.009120 0.000150
3.067661 0.000000 0.009164 0.000161
3.067965 0.000000 0.009552 0.000174
3.068066 0.000000 0.009552 0.000176
3.068369 0.000000 0.009721 0.000100
3.068572 0.000000 0.009924 0.000096
3.068875 0.000000 0.010133 0.000102
3.069077 0.000000 0.010101 0.000107
3.069381 0.000000 0.010151 0.000118
3.069685 0.000000 0.010166 0.000102
3.069887 0.000000 0.010078 0.000105
3.070190 0.000000 0.010029 0.000102
3.070393 0.000000 0.010154 0.000103
3.070696 0.000000 0.009972 0.000100
3.070899 0.000000 0.010037 0.000100
3.071101 0.000000 0.009939 0.000116
3.071506 0.000000 0.009869 0.000095
3.072012 0.000000 0.009785 0.000105
3.072518 0.000000 0.009923 0.000106
3.072822 0.000000 0.010030 0.000110
3.074036 0.000000 0.010315 0.000110
3.074947 0.000000 0.010783 0.000106
3.075858 0.000000 0.011550 0.000094
3.077073 0.000000 0.012503 0.000115
3.077478 0.000000 0.012719 0.000099
3.077782 0.000000 0.013160 0.000122
3.078086 0.000000 0.013416 0.000140
3.078288 0.000000 0.013638 0.000132
3.078592 0.000000 0.014045 0.000139
3.078795 0.000000 0.014159 0.000147
3.078997 0.000000 0.014382 0.000132
3.079301 0.000000 0.014616 0.000140
3.079503 0.000000 0.014766 0.000134
3.080111 0.000000 0.015256 0.000128
3.080415 0.000000 0.015533 0.000140
3.080921 0.000000 0.016111 0.000136
3.081428 0.000000 0.016422 0.000140
3.082035 0.000000 0.016891 0.000145
3.083048 0.000000 0.017307 0.000120
3.085075 0.000000 0.017929 0.000189
3.087101 0.000000 0.017328 0.000147
3.088013 0.000000 0.016904 0.000139
3.088723 0.000000 0.016553 0.000143
3.090243 0.000000 0.015683 0.000142
3.091155 0.000000 0.015086 0.000152
3.093183 0.000000 0.014284 0.000128
3.094197 0.000000 0.014068 0.000124
3.095211 0.000000 0.013981 0.000126
3.096225 0.000000 0.013844 0.000124
3.097240 0.000000 0.014107 0.000140
3.098254 0.000000 0.014149 0.000129
3.099370 0.000000 0.014491 0.000137
3.100385 0.000000 0.014666 0.000137
3.101298 0.000000 0.014582 0.000141
3.103327 0.000000 0.014651 0.000134
3.104951 0.000000 0.015457 0.000168
3.105256 0.000000 0.015896 0.000127
3.105967 0.000000 0.018002 0.000154
3.106677 0.000000 0.021644 0.000158
3.106880 0.000000 0.022537 0.000180
3.107083 0.000000 0.023509 0.000157
3.107489 0.000000 0.023072 0.000176
3.107692 0.000000 0.022531 0.000177
3.107896 0.000000 0.021526 0.000175
3.108099 0.000000 0.020395 0.000182
3.108403 0.000000 0.018930 0.000179
3.108911 0.000000 0.016606 0.000145
3.109419 0.000000 0.014874 0.000142
3.109926 0.000000 0.014071 0.000140
3.110536 0.000000 0.013158 0.000116
3.110840 0.000000 0.012840 0.000124
3.111348 0.000000 0.012157 0.000123
3.112059 0.000000 0.011735 0.000137
3.112567 0.000000 0.011542 0.000137
3.112974 0.000000 0.011197 0.000139
3.113278 0.000000 0.011109 0.000142
3.117546 0.000000 0.010013 0.000144
3.121205 0.000000 0.009627 0.000137
3.125680 0.000000 0.009523 0.000136
3.129749 0.000000 0.009645 0.000134
3.140847 0.000000 0.009479 0.000099
3.144923 0.000000 0.009136 0.000101
3.148796 0.000000 0.008993 0.000095
3.153794 0.000000 0.008889 0.000122
3.158284 0.000000 0.008778 0.000117
3.163388 0.000000 0.008758 0.000100
3.164205 0.000000 0.008881 0.000110
3.164818 0.000000 0.008871 0.000084
3.165329 0.000000 0.008885 0.000106
3.166248 0.000000 0.008849 0.000128
3.167372 0.000000 0.008990 0.000105
3.168190 0.000000 0.008976 0.000069
3.169007 0.000000 0.009024 0.000098
3.169722 0.000000 0.009002 0.000088
3.170438 0.000000 0.009089 0.000074
3.171869 0.000000 0.009037 0.000071
3.173198 0.000000 0.009204 0.000102
3.174220 0.000000 0.009130 0.000098
3.175549 0.000000 0.009322 0.000093
3.177084 0.000000 0.009422 0.000100
3.179539 0.000000 0.009574 0.000118
3.180562 0.000000 0.009794 0.000092
3.181585 0.000000 0.009814 0.000118
3.184144 0.000000 0.010092 0.000108
3.184963 0.000000 0.010642 0.000144
3.196950 0.000000 0.011342 0.000053
3.199206 0.000000 0.011553 0.000076
3.201154 0.000000 0.011761 0.000142
3.202180 0.000000 0.011947 0.000166
3.203206 0.000000 0.011858 0.000150
3.204335 0.000000 0.011953 0.000154
3.204950 0.000000 0.012035 0.000107
3.206079 0.000000 0.012395 0.000161
