4.370053432	60	0.0357634	0.00519262
4.390147644	60	0.0555825	0.00688636
4.410025333	60	0.0715202	0.00670319
4.420243927	60	0.0758443	0.0183046
4.430181884	60	0.15934	0.014419
4.440043165	60	0.350181	0.0209967
4.44994472	60	0.313267	0.0480487
4.454987615	60	0.708909	0.27157
4.460121398	60	2.67737	0.0907407
4.469957173	60	2.79372	0.0674003
4.477980606	60	1.06223	0.333216
4.488189274	60	0.27816	0.157662
4.492222986	60	0.370338	0.0371172
4.49499169	60	0.280139	0.0450148
4.499971613	60	0.187077	0.0201386
4.510205302	60	0.107813	0.0106519
4.520066576	60	0.142418	0.0640466
4.52523771	60	0.186615	0.0483648
4.529406317	60	0.160407	0.0278633
4.535056214	60	0.112869	0.0845027
4.540235913	60	0.159506	0.142072
4.549803922	60	0.10076	0.0761456
4.570128535	60	2.68881	0.129412
4.58002533	60	0.641565	0.238989
4.600268248	60	0.190015	0.0512808
4.620227266	60	0.172732	0.0414683
4.635172532	60	0.147969	0.0260039
4.639960114	60	0.0784998	0.0296076
4.649962154	60	0.377798	0.0295318
4.680153127	60	0.0712114	0.0167785
4.68992755	60	0.137762	0.0154733
4.710019611	60	0.0916205	0.0112547
4.73000352	60	0.103779	0.0137942
4.749999452	60	0.240242	0.0136516
4.755179245	60	0.380529	0.0411035
4.758876495	60	0.583095	0.0204076
4.77003756	60	0.604532	0.0371626
4.775015724	60	0.69524	0.0403786
4.780178757	60	0.381888	0.121598
4.790117846	60	0.31772	0.102384
4.799915047	60	0.323161	0.0874781
4.81002699	60	0.406251	0.030236
4.815269891	60	0.295975	0.0219005
4.820058056	60	0.272559	0.0207714
4.829885812	60	0.354773	0.0110908
4.850030343	60	0.379343	0.0101327
4.866292627	60	0.486604	0.017697
4.889892095	60	0.845642	0.0106179
4.89991378	60	1.097	0.0523937
4.910130458	60	1.62552	0.0365986
4.919957108	60	2.36619	0.0329489
4.926153867	60	2.94941	0.0224649
4.93019465	60	2.65303	0.111925
4.936922678	60	3.93882	0.0229225
4.946745184	60	4.81146	0.0287109
4.950268837	60	4.6606	0.0346402
4.956763061	60	4.89732	0.0767202
4.961868651	60	4.79717	0.0884749
4.964747506	60	4.87043	0.0951245
4.96787495	60	4.85341	0.0769158
4.970043063	60	4.50789	0.10526
4.972800347	60	4.56053	0.117714
4.97462863	60	5.1128	0.0361066
4.984705709	60	3.65273	0.0651797
4.990073974	60	3.70591	0.040386
4.994668771	60	3.03928	0.0242409
5.004641779	60	2.54013	0.017718
5.009989665	60	2.2313	0.0356599
5.014842542	60	1.96148	0.0214326
5.017736722	60	1.78624	0.0574315
5.017861221	60	1.94551	0.0238766
5.019822293	60	1.87774	0.0402408
5.024804515	60	1.85226	0.0375383
5.02782619	60	0.45638	0.0567761
5.030100833	60	0.842534	0.0935574
5.03278121	60	2.15591	0.0361147
5.035898824	60	0.570551	0.0590667
5.038705503	60	0.557969	0.0672141
5.04198095	60	0.588227	0.0729641
5.044789322	60	1.95744	0.125901
5.054843459	60	2.01669	0.0353117
5.064876334	60	0.477732	0.033276
5.069912145	60	0.705071	0.043247
5.074480944	60	0.80413	0.0216561
5.084188642	60	0.674678	0.0204286
5.089986365	60	0.542505	0.0350042
5.093717458	60	0.593543	0.0285643
5.09675978	60	0.359568	0.0663604
5.098893083	60	0.47266	0.0868391
5.099991281	60	0.32176	0.092536
5.100430593	60	0.635123	0.0349968
5.100713018	60	0.315034	0.0760295
5.102878536	60	0.441862	0.0735855
5.10485615	60	0.465381	0.0675369
5.106896946	60	0.582409	0.0407514
5.110750454	60	0.437321	0.0787605
5.113838705	60	0.460854	0.0800345
5.118804481	60	0.339375	0.0654855
5.123772668	60	0.301427	0.0703513
5.128522997	60	0.337002	0.0287458
5.133810718	60	0.45391	0.0362067
5.138880673	60	0.57768	0.0430592
5.141652887	60	0.650618	0.0412777
5.144741004	60	0.727881	0.0420058
5.147987678	60	0.674225	0.0572235
5.150005545	60	1.10647	0.0388195
5.150983091	60	1.08057	0.0299548
5.159374882	60	0.987494	0.0227928
5.170047989	60	0.589306	0.0272708
5.189844467	60	0.364094	0.0167074
5.210027639	60	0.300954	0.0212972
5.230027544	60	0.317989	0.0282237
5.239501164	60	0.598438	0.0296609
5.250129437	60	0.951358	0.0505263
5.259939903	60	0.869013	0.163242
5.269982806	60	1.33209	0.139099
5.274959981	60	1.08769	0.556206
5.275023806	60	0.670833	0.119782
5.279811795	60	1.14568	0.0788389
5.284953321	60	0.633897	0.209734
5.290161265	60	0.779041	0.0903648
5.292942015	60	0.626194	0.463699
5.297674165	60	0.287722	0.16191
5.299721155	60	0.649828	0.358706
5.302376434	60	0.83381	0.0636697
5.308233194	60	0.838344	0.0929186
5.312876091	60	0.827621	0.0946622
5.317521019	60	1.0258	0.120204
5.322809094	60	0.77379	0.0940261
5.32768286	60	0.978507	0.100501
5.332879722	60	0.813442	0.0942738
5.337469182	60	1.47595	0.0481417
5.342735047	60	0.868466	0.0622082
5.34292775	60	1.33297	0.0347673
5.346943184	60	1.21628	0.0438513
5.348260574	60	0.789481	0.0444307
5.348581914	60	1.11068	0.0300933
5.352052994	60	0.769322	0.0775945
5.353596058	60	1.24709	0.027652
5.357904956	60	1.14039	0.099477
5.357969281	60	0.866828	0.0577876
5.359834874	60	0.734257	0.0658888
5.361893837	60	1.12232	0.0385731
5.363856655	60	0.733102	0.0657399
5.366045137	60	0.632418	0.0641758
5.368040906	60	0.778824	0.0687603
5.368266258	60	0.737263	0.0492415
5.369650668	60	0.975239	0.0391813
5.371486091	60	1.03022	0.0735611
5.373418454	60	0.812603	0.0244957
5.374803528	60	0.45302	0.0368357
5.380087774	60	0.212651	0.0171184
5.382924294	60	0.115273	0.0125153
5.383343388	60	0.217075	0.014565
5.383343388	60	0.191781	0.0150537
5.383859219	60	0.120857	0.0129952
5.385955038	60	0.100331	0.0130066
5.389857571	60	0.063327	0.00755641
5.393083871	60	0.0558236	0.0077941
5.403414519	60	0.0702827	0.00685791
5.414078353	60	0.174026	0.0120588
5.424364358	60	0.241068	0.0142975
5.435405164	60	0.192987	0.0092132
5.439260757	60	0.162616	0.0101539
5.44081634	60	0.15229	0.0130725

