1.74653	90	1.80E-03	7.19E-04
1.79927	90	1.90E-03	7.07E-04
1.79968	90	3.90E-03	9.90E-04
1.79988	90	4.30E-03	1.04E-03
1.80008	90	1.80E-03	6.71E-04
1.80028	90	2.20E-03	7.48E-04
1.82565	90	1.80E-03	6.72E-04
1.96659	90	1.80E-03	6.29E-04
1.99035	90	1.90E-03	6.62E-04
2.30260	90	1.90E-03	5.46E-04
2.30532	90	1.80E-03	5.48E-04
2.31167	90	2.10E-03	5.12E-04
2.31197	90	1.80E-03	4.88E-04
2.31217	90	1.80E-03	5.17E-04
2.31257	90	2.10E-03	5.98E-04
2.36917	90	2.80E-03	6.79E-04
2.36997	90	2.20E-03	6.02E-04
2.39354	90	1.80E-03	5.28E-04
2.39656	90	2.20E-03	5.86E-04
2.39838	90	2.40E-03	6.07E-04
2.39958	90	2.50E-03	6.23E-04
2.40019	90	2.20E-03	5.67E-04
2.40079	90	2.30E-03	5.94E-04
2.40140	90	2.80E-03	6.57E-04
2.40200	90	3.60E-03	7.53E-04
2.40261	90	3.80E-03	7.66E-04
2.40321	90	3.80E-03	7.55E-04
2.40381	90	1.90E-03	5.41E-04
2.40442	90	2.50E-03	6.13E-04
2.40502	90	2.30E-03	5.89E-04
2.40563	90	2.30E-03	5.95E-04
2.40925	90	1.80E-03	5.19E-04
2.41590	90	1.80E-03	5.12E-04
2.46787	90	2.10E-03	5.46E-04
2.47693	90	2.20E-03	5.57E-04
2.48751	90	2.20E-03	6.12E-04
2.48771	90	1.80E-03	5.38E-04
2.49929	90	1.90E-03	5.51E-04
2.49990	90	3.10E-03	7.00E-04
2.51259	90	2.10E-03	5.76E-04
2.52427	90	1.90E-03	5.48E-04
2.52608	90	2.50E-03	6.44E-04
2.52790	90	2.60E-03	6.58E-04
2.52971	90	2.90E-03	6.88E-04
2.53032	90	2.60E-03	6.60E-04
2.53092	90	2.30E-03	6.11E-04
2.53152	90	2.60E-03	6.55E-04
2.53213	90	2.60E-03	6.64E-04
2.53334	90	2.90E-03	6.92E-04
2.53394	90	2.50E-03	6.50E-04
2.53455	90	2.50E-03	6.56E-04
2.53515	90	3.10E-03	7.41E-04
2.53636	90	2.10E-03	6.00E-04
2.53696	90	2.70E-03	6.73E-04
2.53998	90	2.10E-03	5.94E-04
2.54059	90	1.90E-03	5.63E-04
2.54119	90	2.10E-03	6.04E-04
2.54421	90	2.90E-03	6.98E-04
2.54603	90	3.10E-03	7.17E-04
2.54905	90	2.70E-03	6.50E-04
2.54965	90	2.70E-03	6.49E-04
2.55086	90	1.90E-03	5.31E-04
2.55167	90	2.30E-03	5.73E-04
2.55247	90	2.50E-03	5.68E-04
2.55288	90	2.20E-03	5.32E-04
2.55328	90	2.60E-03	5.57E-04
2.55348	90	2.20E-03	5.11E-04
2.55368	90	2.30E-03	5.19E-04
2.55388	90	2.10E-03	4.85E-04
2.55409	90	2.10E-03	4.76E-04
2.55419	90	2.60E-03	5.34E-04
2.55429	90	2.50E-03	5.25E-04
2.55439	90	3.10E-03	5.82E-04
2.55459	90	1.90E-03	4.60E-04
2.55469	90	2.50E-03	5.21E-04
2.55489	90	2.20E-03	5.11E-04
2.55509	90	2.50E-03	5.60E-04
2.55519	90	2.50E-03	5.70E-04
2.55529	90	2.80E-03	6.13E-04
2.55550	90	3.80E-03	7.37E-04
2.55570	90	2.30E-03	5.85E-04
2.55590	90	3.20E-03	7.17E-04
2.55610	90	1.90E-03	5.57E-04
2.55630	90	3.40E-03	7.50E-04
2.55650	90	2.10E-03	5.93E-04
2.55691	90	2.90E-03	7.12E-04
2.55731	90	2.80E-03	6.98E-04
2.55751	90	2.50E-03	6.62E-04
2.55771	90	2.60E-03	6.73E-04
2.55811	90	2.20E-03	6.09E-04
2.55832	90	1.80E-03	5.56E-04
2.55852	90	1.90E-03	5.67E-04
2.55912	90	1.80E-03	5.52E-04
2.55952	90	2.40E-03	6.44E-04
2.55993	90	3.50E-03	7.68E-04
2.56033	90	2.40E-03	6.31E-04
2.56154	90	2.40E-03	6.37E-04
2.56214	90	3.40E-03	7.44E-04
2.56275	90	3.20E-03	7.24E-04
2.56335	90	2.40E-03	6.18E-04
2.56396	90	3.40E-03	7.40E-04
2.56456	90	3.60E-03	7.52E-04
2.56577	90	4.30E-03	8.24E-04
2.56637	90	3.70E-03	7.45E-04
2.56678	90	3.40E-03	7.18E-04
2.56718	90	3.20E-03	6.82E-04
2.56758	90	4.30E-03	7.94E-04
2.56799	90	3.70E-03	7.28E-04
2.56839	90	3.90E-03	7.48E-04
2.56879	90	2.60E-03	6.16E-04
2.56919	90	4.10E-03	7.55E-04
2.56960	90	2.90E-03	6.47E-04
2.57000	90	3.40E-03	6.85E-04
2.57040	90	5.20E-03	8.35E-04
2.57081	90	3.60E-03	7.07E-04
2.57121	90	4.80E-03	7.99E-04
2.57161	90	3.60E-03	7.07E-04
2.57201	90	4.10E-03	7.63E-04
2.57242	90	4.30E-03	7.83E-04
2.57282	90	4.80E-03	8.34E-04
2.57322	90	4.10E-03	7.73E-04
2.57363	90	4.80E-03	8.47E-04
2.57403	90	4.80E-03	8.80E-04
2.57443	90	3.80E-03	7.70E-04
2.57484	90	4.20E-03	8.19E-04
2.57524	90	3.30E-03	7.45E-04
2.57604	90	5.10E-03	9.09E-04
2.57645	90	4.60E-03	8.75E-04
2.57685	90	5.60E-03	9.92E-04
2.57725	90	4.50E-03	8.76E-04
2.57766	90	4.70E-03	8.96E-04
2.57806	90	4.30E-03	8.54E-04
2.57846	90	3.60E-03	7.87E-04
2.57886	90	5.40E-03	9.63E-04
2.57927	90	4.70E-03	9.10E-04
2.57967	90	5.10E-03	9.24E-04
2.58007	90	3.80E-03	8.04E-04
2.58088	90	4.10E-03	8.36E-04
2.58128	90	4.40E-03	8.64E-04
2.58168	90	4.10E-03	8.26E-04
2.58209	90	4.40E-03	8.59E-04
2.58249	90	5.50E-03	9.63E-04
2.58289	90	5.20E-03	9.46E-04
2.58330	90	6.70E-03	1.05E-03
2.58370	90	4.90E-03	9.19E-04
2.58410	90	4.90E-03	9.12E-04
2.58450	90	4.50E-03	8.68E-04
2.58491	90	6.10E-03	1.02E-03
2.58531	90	4.40E-03	8.59E-04
2.58571	90	5.20E-03	9.36E-04
2.58612	90	5.30E-03	9.42E-04
2.58652	90	4.90E-03	9.02E-04
2.58692	90	4.10E-03	8.11E-04
2.58733	90	4.70E-03	8.82E-04
2.58773	90	4.80E-03	8.86E-04
2.58813	90	4.90E-03	8.93E-04
2.58853	90	4.50E-03	8.47E-04
2.58894	90	4.40E-03	8.54E-04
2.58934	90	4.90E-03	8.95E-04
2.58974	90	4.90E-03	8.84E-04
2.59015	90	3.10E-03	7.06E-04
2.59055	90	4.50E-03	8.41E-04
2.59095	90	3.80E-03	7.83E-04
2.59135	90	5.20E-03	9.16E-04
2.59216	90	4.70E-03	8.61E-04
2.59256	90	5.30E-03	9.19E-04
2.59297	90	3.60E-03	7.49E-04
2.59337	90	3.80E-03	7.78E-04
2.59377	90	5.40E-03	9.14E-04
2.59417	90	4.40E-03	8.32E-04
2.59458	90	4.90E-03	8.67E-04
2.59498	90	3.40E-03	7.38E-04
2.59538	90	4.50E-03	8.48E-04
2.59579	90	3.30E-03	7.14E-04
2.59619	90	4.50E-03	8.40E-04
2.59659	90	4.10E-03	7.90E-04
2.59699	90	3.90E-03	7.73E-04
2.59740	90	4.70E-03	8.40E-04
2.59780	90	4.80E-03	8.50E-04
2.59820	90	3.20E-03	6.97E-04
2.59861	90	2.40E-03	5.95E-04
2.59901	90	4.30E-03	8.03E-04
2.59941	90	3.60E-03	7.30E-04
2.59982	90	3.90E-03	7.49E-04
2.60022	90	4.40E-03	7.98E-04
2.60062	90	3.80E-03	7.53E-04
2.60102	90	4.70E-03	8.48E-04
2.60143	90	3.80E-03	7.42E-04
2.60163	90	2.90E-03	6.43E-04
2.60223	90	4.60E-03	8.09E-04
2.60264	90	2.60E-03	6.12E-04
2.60304	90	3.10E-03	6.67E-04
2.60344	90	3.40E-03	7.00E-04
2.60384	90	2.50E-03	5.87E-04
2.60405	90	3.30E-03	6.73E-04
2.60425	90	3.40E-03	6.87E-04
2.60445	90	3.10E-03	6.59E-04
2.60465	90	2.10E-03	5.39E-04
2.60485	90	2.20E-03	5.48E-04
2.60505	90	2.60E-03	6.11E-04
2.60525	90	2.70E-03	6.32E-04
2.60546	90	2.90E-03	6.46E-04
2.60566	90	3.20E-03	6.84E-04
2.60586	90	2.30E-03	5.72E-04
2.60626	90	2.10E-03	5.59E-04
2.60646	90	2.50E-03	5.96E-04
2.60687	90	2.30E-03	5.67E-04
2.60727	90	2.40E-03	5.94E-04
2.60767	90	2.80E-03	6.41E-04
2.60807	90	2.30E-03	5.78E-04
2.60848	90	2.10E-03	5.46E-04
2.60969	90	2.50E-03	5.88E-04
2.61090	90	2.60E-03	6.10E-04
2.61170	90	2.30E-03	5.79E-04
2.61210	90	2.20E-03	5.59E-04
2.61251	90	1.90E-03	5.21E-04
2.61291	90	2.10E-03	5.52E-04
2.61311	90	1.80E-03	5.17E-04
2.61321	90	1.80E-03	5.31E-04
2.61331	90	1.80E-03	5.32E-04
2.61361	90	2.60E-03	6.39E-04
2.61392	90	2.10E-03	5.52E-04
2.61412	90	2.30E-03	5.69E-04
2.61593	90	2.50E-03	5.85E-04
2.61633	90	2.50E-03	5.96E-04
2.61795	90	2.50E-03	5.91E-04
2.61976	90	2.10E-03	5.39E-04
2.62097	90	2.10E-03	5.38E-04
2.63003	90	2.10E-03	5.35E-04
2.63608	90	2.40E-03	5.73E-04
2.63789	90	2.40E-03	5.69E-04
2.71062	90	1.80E-03	4.41E-04
2.71344	90	2.40E-03	5.25E-04
2.71364	90	2.10E-03	5.00E-04
2.71405	90	3.50E-03	6.65E-04
2.71425	90	1.80E-03	4.80E-04
2.71445	90	2.20E-03	5.27E-04
2.71485	90	1.90E-03	4.94E-04
2.71525	90	1.80E-03	4.87E-04
2.71546	90	1.80E-03	4.81E-04
2.71566	90	1.80E-03	4.84E-04
2.71646	90	2.60E-03	5.84E-04
2.71687	90	2.70E-03	5.88E-04
2.71727	90	2.60E-03	5.73E-04
2.71767	90	3.50E-03	6.61E-04
2.71848	90	2.40E-03	5.43E-04
2.71969	90	3.30E-03	6.25E-04
2.71989	90	2.10E-03	4.93E-04
2.72049	90	3.50E-03	6.18E-04
2.72069	90	2.40E-03	5.10E-04
2.72090	90	3.10E-03	5.78E-04
2.72110	90	2.80E-03	5.43E-04
2.72130	90	3.30E-03	6.12E-04
2.72150	90	3.60E-03	6.59E-04
2.72170	90	2.20E-03	5.22E-04
2.72190	90	2.10E-03	5.22E-04
2.72210	90	2.90E-03	6.16E-04
2.72231	90	2.50E-03	5.74E-04
2.72251	90	2.80E-03	6.00E-04
2.72271	90	2.60E-03	5.87E-04
2.72291	90	2.70E-03	5.97E-04
2.72311	90	3.10E-03	6.27E-04
2.72331	90	2.40E-03	5.55E-04
2.72351	90	2.90E-03	6.07E-04
2.72372	90	2.30E-03	5.38E-04
2.72412	90	3.80E-03	6.84E-04
2.72452	90	3.20E-03	6.21E-04
2.72492	90	1.80E-03	4.51E-04
2.72513	90	2.80E-03	5.65E-04
2.72533	90	2.50E-03	5.07E-04
2.72553	90	2.50E-03	5.04E-04
2.72573	90	2.60E-03	5.20E-04
2.72593	90	3.80E-03	6.65E-04
2.72613	90	3.20E-03	6.32E-04
2.72634	90	3.10E-03	6.34E-04
2.72654	90	2.60E-03	5.87E-04
2.72674	90	3.40E-03	6.84E-04
2.72694	90	2.60E-03	6.03E-04
2.72714	90	2.50E-03	5.91E-04
2.72734	90	2.30E-03	5.60E-04
2.72754	90	3.80E-03	7.20E-04
2.72775	90	3.10E-03	6.53E-04
2.72795	90	3.20E-03	6.49E-04
2.72815	90	3.20E-03	6.54E-04
2.72855	90	2.30E-03	5.53E-04
2.72895	90	2.40E-03	5.57E-04
2.72976	90	2.70E-03	5.89E-04
2.73036	90	1.90E-03	4.91E-04
2.73097	90	3.30E-03	6.38E-04
2.73157	90	2.30E-03	5.41E-04
2.73460	90	2.40E-03	5.31E-04
2.74004	90	2.40E-03	4.71E-04
2.74245	90	1.90E-03	4.79E-04
2.74255	90	1.90E-03	4.74E-04
2.74366	90	1.90E-03	4.70E-04
2.79403	90	2.20E-03	5.45E-04
2.80491	90	1.80E-03	4.89E-04
2.80612	90	2.40E-03	5.66E-04
2.80753	90	1.90E-03	4.88E-04
2.80773	90	2.50E-03	5.63E-04
2.80854	90	2.70E-03	5.77E-04
2.80864	90	2.40E-03	5.43E-04
2.80914	90	2.30E-03	5.22E-04
2.80924	90	1.80E-03	4.54E-04
2.81055	90	2.10E-03	5.11E-04
2.81076	90	1.80E-03	4.75E-04
2.81086	90	1.90E-03	4.88E-04
2.81136	90	2.50E-03	5.72E-04
2.81146	90	1.80E-03	4.85E-04
2.81166	90	2.10E-03	5.24E-04
2.81227	90	2.40E-03	5.53E-04
2.81337	90	2.10E-03	5.18E-04
2.81458	90	1.90E-03	5.00E-04
2.81499	90	1.90E-03	5.01E-04
2.81660	90	1.90E-03	5.08E-04
2.81680	90	1.80E-03	4.96E-04
2.81720	90	2.10E-03	5.27E-04
2.81821	90	2.20E-03	5.45E-04
2.81841	90	1.80E-03	4.89E-04
2.81922	90	2.10E-03	5.28E-04
2.82002	90	2.10E-03	5.28E-04
2.82123	90	1.80E-03	4.92E-04
2.82385	90	2.20E-03	5.29E-04
2.82446	90	3.40E-03	6.63E-04
2.82506	90	1.90E-03	4.92E-04
2.82627	90	1.90E-03	4.96E-04
2.83050	90	2.80E-03	6.03E-04
2.83111	90	2.10E-03	5.18E-04
2.83231	90	1.80E-03	4.84E-04
2.83413	90	1.90E-03	4.89E-04
2.83534	90	2.70E-03	5.87E-04
2.83655	90	2.40E-03	5.49E-04
2.84017	90	1.90E-03	4.86E-04
2.84078	90	2.20E-03	5.18E-04
2.84138	90	3.40E-03	6.50E-04
2.84199	90	2.50E-03	5.54E-04
2.84320	90	3.40E-03	6.34E-04
2.84380	90	2.10E-03	4.95E-04
2.84440	90	2.50E-03	5.41E-04
2.84501	90	3.30E-03	6.04E-04
2.84521	90	3.10E-03	5.97E-04
2.84531	90	1.90E-03	4.61E-04
2.84541	90	2.70E-03	5.42E-04
2.84551	90	1.90E-03	4.58E-04
2.84571	90	3.50E-03	6.35E-04
2.84581	90	2.20E-03	5.11E-04
2.84602	90	2.80E-03	5.75E-04
2.84612	90	2.60E-03	5.57E-04
2.84632	90	2.40E-03	5.39E-04
2.84642	90	2.60E-03	5.51E-04
2.84652	90	3.10E-03	6.05E-04
2.84662	90	2.30E-03	5.30E-04
2.84672	90	2.90E-03	5.91E-04
2.84692	90	2.60E-03	5.56E-04
2.84712	90	2.60E-03	5.64E-04
2.84723	90	3.40E-03	6.40E-04
2.84733	90	2.40E-03	5.44E-04
2.84743	90	2.80E-03	5.79E-04
2.84753	90	3.60E-03	6.67E-04
2.84763	90	2.90E-03	5.91E-04
2.84783	90	2.90E-03	5.99E-04
2.84793	90	2.40E-03	5.38E-04
2.84803	90	3.30E-03	6.28E-04
2.84813	90	2.20E-03	5.08E-04
2.84823	90	2.60E-03	5.56E-04
2.84833	90	2.90E-03	5.92E-04
2.84843	90	3.70E-03	6.56E-04
2.84853	90	2.40E-03	5.36E-04
2.84864	90	3.60E-03	6.46E-04
2.84874	90	3.30E-03	6.29E-04
2.84884	90	2.30E-03	5.21E-04
2.84894	90	2.80E-03	5.78E-04
2.84904	90	3.30E-03	6.20E-04
2.84914	90	3.30E-03	6.27E-04
2.84924	90	2.30E-03	5.26E-04
2.84944	90	2.10E-03	4.97E-04
2.84964	90	2.90E-03	5.82E-04
2.85005	90	3.40E-03	6.28E-04
2.85015	90	3.40E-03	6.33E-04
2.85025	90	3.30E-03	6.19E-04
2.85035	90	3.40E-03	6.30E-04
2.85045	90	3.70E-03	6.70E-04
2.85055	90	3.20E-03	6.11E-04
2.85065	90	2.40E-03	5.50E-04
2.85075	90	3.10E-03	6.25E-04
2.85085	90	3.30E-03	6.37E-04
2.85105	90	2.70E-03	5.71E-04
2.85125	90	3.70E-03	6.81E-04
2.85146	90	2.80E-03	5.79E-04
2.85206	90	3.80E-03	6.71E-04
2.85246	90	3.10E-03	6.19E-04
2.85287	90	2.30E-03	5.20E-04
2.85327	90	3.70E-03	6.67E-04
2.85367	90	3.60E-03	6.67E-04
2.85408	90	4.30E-03	7.18E-04
2.85448	90	3.70E-03	6.68E-04
2.85528	90	3.90E-03	6.86E-04
2.85569	90	3.10E-03	6.15E-04
2.85609	90	3.70E-03	6.70E-04
2.85649	90	3.90E-03	6.78E-04
2.85690	90	3.80E-03	6.78E-04
2.85730	90	2.40E-03	5.41E-04
2.85770	90	5.40E-03	8.02E-04
2.85811	90	3.50E-03	6.46E-04
2.85851	90	4.60E-03	7.42E-04
2.85871	90	3.70E-03	6.73E-04
2.85891	90	4.10E-03	6.94E-04
2.85911	90	5.10E-03	7.76E-04
2.85972	90	4.40E-03	7.24E-04
2.86052	90	5.20E-03	7.94E-04
2.86073	90	4.70E-03	7.03E-04
2.86113	90	4.90E-03	8.02E-04
2.86193	90	4.90E-03	7.94E-04
2.86274	90	5.40E-03	8.46E-04
2.86355	90	4.50E-03	7.74E-04
2.86435	90	4.90E-03	7.98E-04
2.86516	90	5.70E-03	8.75E-04
2.86596	90	5.80E-03	9.06E-04
2.86657	90	5.30E-03	8.72E-04
2.86697	90	6.70E-03	9.71E-04
2.86737	90	5.60E-03	8.62E-04
2.86778	90	7.40E-03	9.59E-04
2.86818	90	5.60E-03	8.20E-04
2.86858	90	7.50E-03	9.25E-04
2.86899	90	5.60E-03	8.08E-04
2.86939	90	7.10E-03	9.16E-04
2.86979	90	7.40E-03	9.49E-04
2.87020	90	6.50E-03	8.74E-04
2.87060	90	8.30E-03	9.81E-04
2.87100	90	5.50E-03	7.91E-04
2.87140	90	6.50E-03	8.82E-04
2.87181	90	7.50E-03	9.46E-04
2.87221	90	7.50E-03	9.61E-04
2.87261	90	6.80E-03	9.33E-04
2.87302	90	6.50E-03	9.32E-04
2.87342	90	6.80E-03	9.57E-04
2.87382	90	7.20E-03	9.93E-04
2.87463	90	7.30E-03	1.04E-03
2.87503	90	6.90E-03	9.87E-04
2.87543	90	7.30E-03	1.02E-03
2.87584	90	8.60E-03	1.04E-03
2.87624	90	7.80E-03	9.71E-04
2.87664	90	7.90E-03	9.52E-04
2.87705	90	6.30E-03	8.34E-04
2.87785	90	7.70E-03	9.00E-04
2.87866	90	6.30E-03	7.90E-04
2.87906	90	8.30E-03	9.24E-04
2.87987	90	6.40E-03	8.00E-04
2.88027	90	6.70E-03	8.34E-04
2.88067	90	6.10E-03	7.79E-04
2.88128	90	6.90E-03	8.19E-04
2.88269	90	6.80E-03	8.19E-04
2.88349	90	6.10E-03	7.59E-04
2.88430	90	6.40E-03	7.77E-04
2.88511	90	6.20E-03	7.49E-04
2.88611	90	5.50E-03	7.14E-04
2.88732	90	6.60E-03	7.71E-04
2.89095	90	3.80E-03	5.71E-04
2.89216	90	4.10E-03	5.90E-04
2.89337	90	5.60E-03	6.94E-04
2.89458	90	4.10E-03	5.85E-04
2.89579	90	4.10E-03	6.10E-04
2.89699	90	3.70E-03	5.90E-04
2.89820	90	4.20E-03	6.35E-04
2.89941	90	3.60E-03	6.05E-04
2.90062	90	3.10E-03	5.61E-04
2.90304	90	2.60E-03	5.35E-04
2.90425	90	2.90E-03	5.53E-04
2.90546	90	3.10E-03	5.84E-04
2.90667	90	4.10E-03	6.59E-04
2.90908	90	3.70E-03	6.29E-04
2.90929	90	2.60E-03	5.34E-04
2.90949	90	2.60E-03	5.18E-04
2.90969	90	3.30E-03	5.77E-04
2.90989	90	2.30E-03	4.77E-04
2.91009	90	3.30E-03	5.60E-04
2.91029	90	2.80E-03	5.24E-04
2.91050	90	2.50E-03	4.81E-04
2.91090	90	3.70E-03	5.90E-04
2.91110	90	2.70E-03	5.25E-04
2.91130	90	2.70E-03	5.43E-04
2.91150	90	2.90E-03	5.80E-04
2.91170	90	2.50E-03	5.43E-04
2.91191	90	2.90E-03	5.77E-04
2.91231	90	2.90E-03	5.75E-04
2.91271	90	1.80E-03	4.53E-04
2.91311	90	2.20E-03	4.94E-04
2.91372	90	2.60E-03	5.39E-04
2.91453	90	2.50E-03	5.33E-04
2.91533	90	2.40E-03	5.14E-04
2.91997	90	1.80E-03	4.30E-04
2.92158	90	1.90E-03	4.48E-04
2.92218	90	2.20E-03	4.84E-04
2.93125	90	2.30E-03	4.78E-04
2.93609	90	2.30E-03	4.64E-04
3.01065	90	1.80E-03	3.78E-04
3.01427	90	1.80E-03	3.38E-04
3.01850	90	2.40E-03	4.52E-04
3.02354	90	2.30E-03	5.28E-04
1.74250	105	1.90E-03	5.77E-04
1.79857	105	1.80E-03	5.39E-04
1.79947	105	2.10E-03	5.68E-04
1.79968	105	3.70E-03	7.77E-04
1.79988	105	2.50E-03	6.36E-04
1.80008	105	2.90E-03	6.84E-04
1.80028	105	1.90E-03	5.63E-04
1.80048	105	1.80E-03	5.49E-04
2.16333	105	1.60E-03	4.58E-04
2.20482	105	1.60E-03	4.76E-04
2.30774	105	1.60E-03	4.09E-04
2.30854	105	1.80E-03	4.26E-04
2.30935	105	1.60E-03	4.09E-04
2.31217	105	1.70E-03	4.44E-04
2.31227	105	1.70E-03	4.56E-04
2.31277	105	1.90E-03	4.81E-04
2.31358	105	1.60E-03	4.30E-04
2.36252	105	1.70E-03	4.29E-04
2.36635	105	1.60E-03	4.07E-04
2.36675	105	1.60E-03	4.06E-04
2.36877	105	1.70E-03	4.25E-04
2.36997	105	1.60E-03	4.16E-04
2.39415	105	1.80E-03	4.23E-04
2.39656	105	1.60E-03	4.05E-04
2.39777	105	1.60E-03	4.00E-04
2.39898	105	1.90E-03	4.39E-04
2.39958	105	2.20E-03	4.67E-04
2.40019	105	2.90E-03	5.30E-04
2.40140	105	3.30E-03	5.66E-04
2.40261	105	2.80E-03	5.31E-04
2.40321	105	2.90E-03	5.31E-04
2.40381	105	2.50E-03	4.95E-04
2.40442	105	1.60E-03	3.97E-04
2.40502	105	3.20E-03	5.63E-04
2.40563	105	2.40E-03	4.87E-04
2.40623	105	2.60E-03	5.00E-04
2.40744	105	1.60E-03	3.93E-04
2.40804	105	1.80E-03	4.21E-04
2.40865	105	2.10E-03	4.61E-04
2.40986	105	2.30E-03	4.75E-04
2.41107	105	1.60E-03	3.88E-04
2.41288	105	1.70E-03	4.08E-04
2.43222	105	2.10E-03	4.40E-04
2.43826	105	1.80E-03	3.92E-04
2.47693	105	1.60E-03	4.07E-04
2.49446	105	1.60E-03	4.11E-04
2.50231	105	1.70E-03	4.27E-04
2.50534	105	1.60E-03	4.14E-04
2.52125	105	1.70E-03	4.27E-04
2.52488	105	1.70E-03	4.25E-04
2.52548	105	2.10E-03	4.71E-04
2.52669	105	3.20E-03	5.83E-04
2.52729	105	1.90E-03	4.44E-04
2.52790	105	2.30E-03	4.93E-04
2.52911	105	1.60E-03	4.20E-04
2.52971	105	2.20E-03	4.80E-04
2.53032	105	3.50E-03	6.04E-04
2.53092	105	3.30E-03	5.93E-04
2.53213	105	2.10E-03	4.66E-04
2.53273	105	3.70E-03	6.16E-04
2.53334	105	2.40E-03	5.04E-04
2.53394	105	3.20E-03	5.72E-04
2.53455	105	2.30E-03	4.84E-04
2.53515	105	3.30E-03	5.81E-04
2.53575	105	2.30E-03	4.83E-04
2.53636	105	2.80E-03	5.35E-04
2.53696	105	1.90E-03	4.43E-04
2.53817	105	2.20E-03	4.71E-04
2.53878	105	2.90E-03	5.38E-04
2.53938	105	1.70E-03	4.08E-04
2.53998	105	2.70E-03	5.27E-04
2.54059	105	1.90E-03	4.37E-04
2.54180	105	2.90E-03	5.27E-04
2.54240	105	2.50E-03	4.91E-04
2.54301	105	1.60E-03	3.97E-04
2.54361	105	2.30E-03	4.78E-04
2.54421	105	2.50E-03	4.96E-04
2.54663	105	1.60E-03	3.90E-04
2.54724	105	2.70E-03	5.03E-04
2.54905	105	3.50E-03	5.55E-04
2.54965	105	3.10E-03	5.23E-04
2.55127	105	2.70E-03	4.79E-04
2.55207	105	1.70E-03	3.72E-04
2.55247	105	2.20E-03	4.19E-04
2.55348	105	1.70E-03	3.51E-04
2.55368	105	2.50E-03	4.30E-04
2.55388	105	2.50E-03	4.43E-04
2.55399	105	2.70E-03	4.54E-04
2.55409	105	2.20E-03	4.18E-04
2.55419	105	1.90E-03	3.93E-04
2.55429	105	2.50E-03	4.51E-04
2.55439	105	3.10E-03	5.12E-04
2.55449	105	1.70E-03	3.81E-04
2.55469	105	1.80E-03	4.11E-04
2.55479	105	1.90E-03	4.30E-04
2.55489	105	2.10E-03	4.62E-04
2.55509	105	1.60E-03	4.13E-04
2.55519	105	1.70E-03	4.34E-04
2.55529	105	2.10E-03	4.92E-04
2.55550	105	2.80E-03	5.78E-04
2.55590	105	2.70E-03	5.83E-04
2.55610	105	2.90E-03	5.93E-04
2.55630	105	2.70E-03	5.65E-04
2.55650	105	2.40E-03	5.33E-04
2.55670	105	2.20E-03	5.15E-04
2.55691	105	1.60E-03	4.44E-04
2.55711	105	1.90E-03	4.82E-04
2.55731	105	2.20E-03	5.11E-04
2.55751	105	2.40E-03	5.21E-04
2.55771	105	3.50E-03	6.37E-04
2.55791	105	1.80E-03	4.53E-04
2.55811	105	2.20E-03	5.00E-04
2.55852	105	2.50E-03	5.23E-04
2.55952	105	1.60E-03	4.13E-04
2.55993	105	1.90E-03	4.51E-04
2.56033	105	2.80E-03	5.41E-04
2.56093	105	1.60E-03	4.05E-04
2.56154	105	3.20E-03	5.64E-04
2.56214	105	2.60E-03	5.18E-04
2.56275	105	2.90E-03	5.37E-04
2.56335	105	2.20E-03	4.55E-04
2.56396	105	3.30E-03	5.64E-04
2.56456	105	2.70E-03	5.02E-04
2.56517	105	2.50E-03	4.90E-04
2.56637	105	2.80E-03	4.96E-04
2.56678	105	3.50E-03	5.50E-04
2.56718	105	3.70E-03	5.75E-04
2.56758	105	3.40E-03	5.45E-04
2.56799	105	2.90E-03	5.01E-04
2.56839	105	2.80E-03	4.84E-04
2.56879	105	3.60E-03	5.50E-04
2.56919	105	3.50E-03	5.42E-04
2.56960	105	3.80E-03	5.62E-04
2.57000	105	3.90E-03	5.72E-04
2.57081	105	4.30E-03	6.01E-04
2.57161	105	2.40E-03	4.49E-04
2.57201	105	4.40E-03	6.11E-04
2.57242	105	3.80E-03	5.71E-04
2.57282	105	3.90E-03	5.95E-04
2.57322	105	4.40E-03	6.39E-04
2.57363	105	3.40E-03	5.65E-04
2.57403	105	4.90E-03	6.88E-04
2.57443	105	3.50E-03	5.83E-04
2.57484	105	4.60E-03	6.88E-04
2.57524	105	3.70E-03	6.05E-04
2.57564	105	4.60E-03	6.88E-04
2.57604	105	4.90E-03	7.00E-04
2.57645	105	3.60E-03	6.04E-04
2.57685	105	3.70E-03	6.16E-04
2.57725	105	4.50E-03	6.87E-04
2.57766	105	4.80E-03	6.95E-04
2.57806	105	4.60E-03	6.91E-04
2.57846	105	5.20E-03	7.34E-04
2.57886	105	4.80E-03	6.98E-04
2.57927	105	4.30E-03	6.58E-04
2.57967	105	3.90E-03	6.18E-04
2.58007	105	4.40E-03	6.65E-04
2.58048	105	4.80E-03	6.92E-04
2.58088	105	4.30E-03	6.55E-04
2.58128	105	4.60E-03	6.81E-04
2.58168	105	4.10E-03	6.47E-04
2.58209	105	4.80E-03	7.02E-04
2.58249	105	4.60E-03	6.78E-04
2.58289	105	4.50E-03	6.70E-04
2.58330	105	5.20E-03	7.14E-04
2.58370	105	5.30E-03	7.18E-04
2.58410	105	5.50E-03	7.35E-04
2.58450	105	3.80E-03	6.14E-04
2.58491	105	4.10E-03	6.46E-04
2.58531	105	5.60E-03	7.44E-04
2.58571	105	5.30E-03	7.25E-04
2.58612	105	4.80E-03	6.85E-04
2.58652	105	4.90E-03	6.98E-04
2.58692	105	4.80E-03	6.85E-04
2.58733	105	5.90E-03	7.59E-04
2.58773	105	4.60E-03	6.58E-04
2.58813	105	5.50E-03	7.30E-04
2.58853	105	5.40E-03	7.22E-04
2.58894	105	3.40E-03	5.67E-04
2.58934	105	3.80E-03	6.02E-04
2.59015	105	3.50E-03	5.76E-04
2.59055	105	4.80E-03	6.81E-04
2.59095	105	4.60E-03	6.53E-04
2.59135	105	4.60E-03	6.51E-04
2.59176	105	4.50E-03	6.57E-04
2.59216	105	3.80E-03	6.03E-04
2.59256	105	4.80E-03	6.72E-04
2.59297	105	4.20E-03	6.25E-04
2.59337	105	4.60E-03	6.51E-04
2.59377	105	4.10E-03	6.06E-04
2.59498	105	4.90E-03	6.61E-04
2.59538	105	3.90E-03	5.93E-04
2.59579	105	4.60E-03	6.37E-04
2.59659	105	4.10E-03	5.88E-04
2.59699	105	4.40E-03	6.01E-04
2.59780	105	4.20E-03	5.92E-04
2.59820	105	4.40E-03	5.96E-04
2.59861	105	4.20E-03	5.83E-04
2.59941	105	4.20E-03	5.84E-04
2.60022	105	4.20E-03	5.88E-04
2.60062	105	4.70E-03	6.36E-04
2.60102	105	4.20E-03	6.02E-04
2.60143	105	4.20E-03	5.95E-04
2.60163	105	4.40E-03	6.16E-04
2.60183	105	4.80E-03	6.36E-04
2.60223	105	4.60E-03	6.34E-04
2.60264	105	3.70E-03	5.63E-04
2.60304	105	3.30E-03	5.33E-04
2.60384	105	3.60E-03	5.60E-04
2.60405	105	3.90E-03	5.79E-04
2.60425	105	4.20E-03	6.00E-04
2.60445	105	3.10E-03	5.25E-04
2.60465	105	3.80E-03	5.76E-04
2.60485	105	3.30E-03	5.51E-04
2.60505	105	3.10E-03	5.35E-04
2.60525	105	2.50E-03	4.80E-04
2.60546	105	3.40E-03	5.59E-04
2.60566	105	2.50E-03	4.72E-04
2.60586	105	2.30E-03	4.55E-04
2.60606	105	2.50E-03	4.76E-04
2.60626	105	3.50E-03	5.53E-04
2.60646	105	3.20E-03	5.32E-04
2.60687	105	1.90E-03	4.08E-04
2.60767	105	3.70E-03	5.72E-04
2.60807	105	2.20E-03	4.44E-04
2.60848	105	1.90E-03	4.11E-04
2.60888	105	2.20E-03	4.43E-04
2.60969	105	2.30E-03	4.42E-04
2.61009	105	2.10E-03	4.34E-04
2.61049	105	3.10E-03	5.29E-04
2.61090	105	2.50E-03	4.70E-04
2.61130	105	2.90E-03	5.15E-04
2.61170	105	2.40E-03	4.67E-04
2.61251	105	2.40E-03	4.77E-04
2.61291	105	2.10E-03	4.52E-04
2.61311	105	1.90E-03	4.42E-04
2.61321	105	2.80E-03	5.47E-04
2.61331	105	2.10E-03	4.79E-04
2.61341	105	1.70E-03	4.30E-04
2.61351	105	2.40E-03	4.99E-04
2.61361	105	1.90E-03	4.36E-04
2.61372	105	2.60E-03	4.98E-04
2.61382	105	1.90E-03	4.14E-04
2.61402	105	2.30E-03	4.37E-04
2.61412	105	1.70E-03	3.76E-04
2.61432	105	2.70E-03	4.69E-04
2.61472	105	2.10E-03	4.14E-04
2.61492	105	2.10E-03	4.23E-04
2.61513	105	2.30E-03	4.42E-04
2.61633	105	2.30E-03	4.40E-04
2.61734	105	2.50E-03	4.62E-04
2.61795	105	1.80E-03	3.93E-04
2.61855	105	2.10E-03	4.20E-04
2.61976	105	1.60E-03	3.73E-04
2.62097	105	1.70E-03	3.78E-04
2.62218	105	1.60E-03	3.67E-04
2.62762	105	1.70E-03	3.90E-04
2.62943	105	1.80E-03	4.00E-04
2.63064	105	1.60E-03	3.85E-04
2.65240	105	1.60E-03	3.85E-04
2.66146	105	1.70E-03	4.09E-04
2.69249	105	1.70E-03	3.61E-04
2.69370	105	2.10E-03	4.15E-04
2.69491	105	1.90E-03	3.83E-04
2.69611	105	1.70E-03	3.66E-04
2.69793	105	1.70E-03	3.60E-04
2.70216	105	1.70E-03	3.60E-04
2.70518	105	1.90E-03	3.75E-04
2.70639	105	1.70E-03	3.52E-04
2.70699	105	2.20E-03	3.96E-04
2.70760	105	1.60E-03	3.32E-04
2.70820	105	2.10E-03	3.78E-04
2.70881	105	2.10E-03	3.77E-04
2.70941	105	2.40E-03	4.00E-04
2.71002	105	2.40E-03	3.94E-04
2.71062	105	2.20E-03	3.73E-04
2.71183	105	2.50E-03	3.56E-04
2.71213	105	2.30E-03	3.32E-04
2.71223	105	2.40E-03	3.44E-04
2.71243	105	2.60E-03	3.62E-04
2.71263	105	2.60E-03	3.70E-04
2.71284	105	1.70E-03	3.23E-04
2.71304	105	1.80E-03	3.47E-04
2.71324	105	2.30E-03	4.17E-04
2.71384	105	2.10E-03	4.30E-04
2.71405	105	1.90E-03	4.11E-04
2.71425	105	2.70E-03	4.90E-04
2.71445	105	2.60E-03	4.88E-04
2.71465	105	2.70E-03	4.89E-04
2.71485	105	1.80E-03	3.95E-04
2.71505	105	2.30E-03	4.46E-04
2.71525	105	2.30E-03	4.57E-04
2.71546	105	2.30E-03	4.47E-04
2.71566	105	2.70E-03	4.79E-04
2.71646	105	2.60E-03	4.71E-04
2.71687	105	3.30E-03	5.12E-04
2.71727	105	2.20E-03	4.18E-04
2.71767	105	2.40E-03	4.37E-04
2.71807	105	2.60E-03	4.58E-04
2.71848	105	2.30E-03	4.23E-04
2.71908	105	3.30E-03	5.04E-04
2.71969	105	2.50E-03	4.27E-04
2.71989	105	3.60E-03	5.14E-04
2.72009	105	3.10E-03	4.85E-04
2.72029	105	2.40E-03	4.23E-04
2.72049	105	2.90E-03	4.65E-04
2.72069	105	2.70E-03	4.57E-04
2.72090	105	2.80E-03	4.82E-04
2.72110	105	2.70E-03	4.92E-04
2.72130	105	3.70E-03	5.92E-04
2.72150	105	2.20E-03	4.73E-04
2.72170	105	3.60E-03	6.03E-04
2.72190	105	3.20E-03	5.65E-04
2.72210	105	3.90E-03	6.16E-04
2.72231	105	1.70E-03	3.98E-04
2.72251	105	3.80E-03	5.87E-04
2.72271	105	2.10E-03	4.36E-04
2.72311	105	2.80E-03	4.97E-04
2.72331	105	2.80E-03	4.95E-04
2.72372	105	2.70E-03	4.73E-04
2.72412	105	3.40E-03	5.32E-04
2.72452	105	3.10E-03	5.00E-04
2.72472	105	3.50E-03	5.30E-04
2.72492	105	3.50E-03	5.29E-04
2.72513	105	3.40E-03	5.12E-04
2.72533	105	3.10E-03	4.96E-04
2.72573	105	3.80E-03	5.64E-04
2.72593	105	2.60E-03	4.69E-04
2.72613	105	3.20E-03	5.33E-04
2.72634	105	3.20E-03	5.29E-04
2.72674	105	3.20E-03	5.20E-04
2.72694	105	2.90E-03	4.96E-04
2.72714	105	3.50E-03	5.37E-04
2.72734	105	3.20E-03	5.07E-04
2.72754	105	3.10E-03	4.94E-04
2.72775	105	3.10E-03	4.91E-04
2.72795	105	2.30E-03	4.23E-04
2.72815	105	2.90E-03	4.73E-04
2.72855	105	2.50E-03	4.41E-04
2.72895	105	3.20E-03	5.00E-04
2.72936	105	2.10E-03	4.05E-04
2.72976	105	2.40E-03	4.21E-04
2.73036	105	1.90E-03	3.73E-04
2.73097	105	2.80E-03	4.53E-04
2.73157	105	1.90E-03	3.68E-04
2.73218	105	1.80E-03	3.59E-04
2.73278	105	2.40E-03	4.22E-04
2.73339	105	1.60E-03	3.33E-04
2.73460	105	2.20E-03	3.91E-04
2.73580	105	1.60E-03	3.29E-04
2.73983	105	1.60E-03	2.93E-04
2.75958	105	1.80E-03	3.59E-04
2.78799	105	1.70E-03	3.94E-04
2.79041	105	1.60E-03	3.89E-04
2.79161	105	1.70E-03	3.86E-04
2.79343	105	1.80E-03	4.06E-04
2.79464	105	2.20E-03	4.35E-04
2.79544	105	1.60E-03	3.69E-04
2.79726	105	1.70E-03	3.81E-04
2.80129	105	1.90E-03	3.97E-04
2.80249	105	1.60E-03	3.69E-04
2.80491	105	1.70E-03	3.79E-04
2.80713	105	2.20E-03	4.14E-04
2.80773	105	2.70E-03	4.62E-04
2.80793	105	1.80E-03	3.73E-04
2.80804	105	1.60E-03	3.46E-04
2.80814	105	2.30E-03	4.26E-04
2.80874	105	1.90E-03	3.77E-04
2.80935	105	1.80E-03	3.63E-04
2.80955	105	2.60E-03	4.40E-04
2.80965	105	2.20E-03	4.05E-04
2.80985	105	1.90E-03	3.81E-04
2.81025	105	2.20E-03	4.14E-04
2.81065	105	1.70E-03	3.75E-04
2.81096	105	2.30E-03	4.39E-04
2.81136	105	1.90E-03	3.91E-04
2.81156	105	2.20E-03	4.31E-04
2.81176	105	2.10E-03	4.21E-04
2.81186	105	2.20E-03	4.40E-04
2.81207	105	1.60E-03	3.62E-04
2.81217	105	1.90E-03	4.04E-04
2.81267	105	2.10E-03	4.14E-04
2.81398	105	1.70E-03	3.71E-04
2.81418	105	1.70E-03	3.79E-04
2.81458	105	1.60E-03	3.61E-04
2.81479	105	2.10E-03	4.25E-04
2.81539	105	2.10E-03	4.32E-04
2.81579	105	1.80E-03	3.89E-04
2.81620	105	2.60E-03	4.80E-04
2.81640	105	2.20E-03	4.28E-04
2.81660	105	1.80E-03	3.92E-04
2.81700	105	1.90E-03	3.96E-04
2.81720	105	1.70E-03	3.86E-04
2.81761	105	1.70E-03	3.76E-04
2.81781	105	1.70E-03	3.80E-04
2.81801	105	1.70E-03	3.81E-04
2.81821	105	1.70E-03	3.79E-04
2.81841	105	2.50E-03	4.53E-04
2.81881	105	2.40E-03	4.50E-04
2.81922	105	1.90E-03	4.00E-04
2.81962	105	1.90E-03	3.95E-04
2.82002	105	2.20E-03	4.28E-04
2.82083	105	1.90E-03	3.98E-04
2.82164	105	2.50E-03	4.49E-04
2.82264	105	2.30E-03	4.33E-04
2.82325	105	1.70E-03	3.72E-04
2.82446	105	1.60E-03	3.60E-04
2.82506	105	2.40E-03	4.42E-04
2.82567	105	2.70E-03	4.70E-04
2.82687	105	2.30E-03	4.26E-04
2.82808	105	1.80E-03	3.82E-04
2.82869	105	2.70E-03	4.69E-04
2.82929	105	2.40E-03	4.39E-04
2.83050	105	2.10E-03	4.05E-04
2.83111	105	2.10E-03	4.14E-04
2.83292	105	2.80E-03	4.75E-04
2.83352	105	2.20E-03	4.16E-04
2.83473	105	2.30E-03	4.29E-04
2.83534	105	2.50E-03	4.41E-04
2.83594	105	2.20E-03	4.20E-04
2.83655	105	2.40E-03	4.32E-04
2.83715	105	2.30E-03	4.23E-04
2.83776	105	1.70E-03	3.68E-04
2.83836	105	2.20E-03	4.22E-04
2.83896	105	2.80E-03	4.66E-04
2.83957	105	2.40E-03	4.33E-04
2.84078	105	2.20E-03	4.07E-04
2.84138	105	2.50E-03	4.32E-04
2.84199	105	2.40E-03	4.25E-04
2.84259	105	2.40E-03	4.17E-04
2.84320	105	2.20E-03	4.02E-04
2.84380	105	2.80E-03	4.49E-04
2.84440	105	3.20E-03	4.85E-04
2.84501	105	2.10E-03	3.82E-04
2.84521	105	2.20E-03	4.00E-04
2.84531	105	2.30E-03	4.03E-04
2.84541	105	2.80E-03	4.47E-04
2.84551	105	2.90E-03	4.61E-04
2.84561	105	2.30E-03	4.17E-04
2.84571	105	3.10E-03	4.77E-04
2.84581	105	3.10E-03	4.86E-04
2.84592	105	2.90E-03	4.70E-04
2.84602	105	2.70E-03	4.61E-04
2.84612	105	2.40E-03	4.22E-04
2.84622	105	2.30E-03	4.22E-04
2.84632	105	2.50E-03	4.38E-04
2.84642	105	2.90E-03	4.64E-04
2.84652	105	3.30E-03	5.02E-04
2.84662	105	3.20E-03	4.85E-04
2.84682	105	2.80E-03	4.63E-04
2.84692	105	2.40E-03	4.16E-04
2.84702	105	2.90E-03	4.62E-04
2.84712	105	2.10E-03	3.97E-04
2.84723	105	2.60E-03	4.38E-04
2.84733	105	2.10E-03	3.94E-04
2.84763	105	3.70E-03	5.27E-04
2.84773	105	3.40E-03	5.01E-04
2.84783	105	3.30E-03	4.88E-04
2.84793	105	2.90E-03	4.62E-04
2.84803	105	2.70E-03	4.47E-04
2.84813	105	3.20E-03	4.87E-04
2.84823	105	3.20E-03	4.83E-04
2.84833	105	3.30E-03	4.93E-04
2.84843	105	2.70E-03	4.48E-04
2.84853	105	2.60E-03	4.30E-04
2.84864	105	2.60E-03	4.41E-04
2.84874	105	3.50E-03	5.09E-04
2.84884	105	2.90E-03	4.70E-04
2.84904	105	3.20E-03	4.90E-04
2.84914	105	2.60E-03	4.33E-04
2.84924	105	2.90E-03	4.64E-04
2.84944	105	4.10E-03	5.47E-04
2.84964	105	2.60E-03	4.32E-04
2.84984	105	3.20E-03	4.81E-04
2.85015	105	2.80E-03	4.60E-04
2.85025	105	2.70E-03	4.61E-04
2.85035	105	3.20E-03	5.16E-04
2.85045	105	3.70E-03	5.55E-04
2.85055	105	3.10E-03	5.04E-04
2.85065	105	2.40E-03	4.36E-04
2.85075	105	3.50E-03	5.26E-04
2.85085	105	3.50E-03	5.23E-04
2.85095	105	2.40E-03	4.21E-04
2.85125	105	3.20E-03	4.90E-04
2.85146	105	3.80E-03	5.37E-04
2.85166	105	3.50E-03	5.11E-04
2.85186	105	2.50E-03	4.35E-04
2.85206	105	2.60E-03	4.40E-04
2.85246	105	3.50E-03	5.22E-04
2.85287	105	2.90E-03	4.61E-04
2.85327	105	2.40E-03	4.19E-04
2.85367	105	2.80E-03	4.55E-04
2.85408	105	3.80E-03	5.32E-04
2.85448	105	3.60E-03	5.20E-04
2.85488	105	3.80E-03	5.28E-04
2.85528	105	2.90E-03	4.62E-04
2.85609	105	3.50E-03	5.10E-04
2.85649	105	3.40E-03	5.11E-04
2.85690	105	4.30E-03	5.61E-04
2.85770	105	5.50E-03	6.40E-04
2.85811	105	3.40E-03	5.04E-04
2.85851	105	3.20E-03	4.85E-04
2.85891	105	5.20E-03	6.11E-04
2.85911	105	3.80E-03	5.29E-04
2.85931	105	5.20E-03	6.26E-04
2.85972	105	3.90E-03	5.42E-04
2.86012	105	3.40E-03	5.11E-04
2.86052	105	4.20E-03	5.63E-04
2.86073	105	3.50E-03	4.77E-04
2.86113	105	5.90E-03	7.18E-04
2.86193	105	5.50E-03	7.05E-04
2.86274	105	6.20E-03	7.37E-04
2.86355	105	4.70E-03	6.54E-04
2.86516	105	6.20E-03	7.67E-04
2.86596	105	5.60E-03	7.47E-04
2.86657	105	6.40E-03	7.81E-04
2.86697	105	6.90E-03	7.86E-04
2.86737	105	6.70E-03	7.41E-04
2.86778	105	5.70E-03	6.49E-04
2.86818	105	5.80E-03	6.41E-04
2.86858	105	7.80E-03	7.46E-04
2.86899	105	7.20E-03	7.43E-04
2.86939	105	6.10E-03	6.73E-04
2.86979	105	7.40E-03	7.54E-04
2.87060	105	7.20E-03	7.46E-04
2.87100	105	7.50E-03	7.64E-04
2.87140	105	6.50E-03	7.45E-04
2.87221	105	6.80E-03	7.85E-04
2.87261	105	8.20E-03	8.91E-04
2.87302	105	8.20E-03	9.11E-04
2.87342	105	8.20E-03	9.32E-04
2.87382	105	5.70E-03	7.80E-04
2.87503	105	7.30E-03	8.38E-04
2.87543	105	7.40E-03	7.94E-04
2.87584	105	8.20E-03	7.60E-04
2.87624	105	6.80E-03	6.41E-04
2.87664	105	6.20E-03	5.53E-04
2.87705	105	8.70E-03	6.57E-04
2.87785	105	7.20E-03	5.60E-04
2.87826	105	6.80E-03	5.33E-04
2.87866	105	7.30E-03	5.55E-04
2.87906	105	7.80E-03	5.76E-04
2.87946	105	7.90E-03	6.13E-04
2.87987	105	6.50E-03	5.36E-04
2.88027	105	6.90E-03	5.58E-04
2.88067	105	7.80E-03	5.87E-04
2.88188	105	7.20E-03	5.77E-04
2.88269	105	6.70E-03	5.63E-04
2.88349	105	5.20E-03	4.81E-04
2.88430	105	6.20E-03	5.32E-04
2.88511	105	6.40E-03	5.44E-04
2.88611	105	5.60E-03	5.17E-04
2.88732	105	6.10E-03	5.17E-04
2.88853	105	4.70E-03	4.65E-04
2.88974	105	4.80E-03	4.84E-04
2.89095	105	4.40E-03	4.57E-04
2.89216	105	4.50E-03	4.71E-04
2.89337	105	4.10E-03	4.55E-04
2.89579	105	4.90E-03	5.31E-04
2.89699	105	4.50E-03	5.21E-04
2.89941	105	3.70E-03	4.90E-04
2.90062	105	4.20E-03	5.37E-04
2.90183	105	3.40E-03	4.91E-04
2.90304	105	2.60E-03	4.34E-04
2.90425	105	3.80E-03	5.25E-04
2.90546	105	2.20E-03	3.96E-04
2.90667	105	1.70E-03	3.54E-04
2.90788	105	3.60E-03	5.15E-04
2.90908	105	3.50E-03	4.95E-04
2.90929	105	2.80E-03	4.35E-04
2.90969	105	3.30E-03	4.65E-04
2.90989	105	3.20E-03	4.54E-04
2.91029	105	2.60E-03	4.14E-04
2.91050	105	3.70E-03	4.97E-04
2.91090	105	2.50E-03	4.26E-04
2.91110	105	2.40E-03	4.36E-04
2.91150	105	2.50E-03	4.65E-04
2.91170	105	1.90E-03	4.01E-04
2.91191	105	3.10E-03	5.18E-04
2.91231	105	2.40E-03	4.44E-04
2.91271	105	1.70E-03	3.64E-04
2.91372	105	1.80E-03	3.69E-04
2.91453	105	2.70E-03	4.52E-04
2.91533	105	2.50E-03	4.33E-04
2.91614	105	1.90E-03	3.82E-04
2.91775	105	1.70E-03	3.57E-04
2.91956	105	1.60E-03	3.41E-04
2.91997	105	1.80E-03	3.71E-04
2.92037	105	1.90E-03	3.79E-04
2.92077	105	1.60E-03	3.34E-04
2.92138	105	1.90E-03	3.60E-04
2.92259	105	1.70E-03	3.45E-04
2.92440	105	1.60E-03	3.34E-04
2.92641	105	1.80E-03	3.52E-04
2.93367	105	2.10E-03	3.73E-04
3.01850	105	1.70E-03	3.73E-04
3.03977	105	1.60E-03	3.62E-04
3.06082	105	1.60E-03	3.36E-04
1.71029	135	1.10E-03	3.36E-04
1.72116	135	1.10E-03	2.98E-04
1.74491	135	1.10E-03	3.13E-04
1.79947	135	2.20E-03	4.69E-04
1.79968	135	2.70E-03	5.28E-04
1.79988	135	2.70E-03	5.22E-04
1.80048	135	1.40E-03	3.63E-04
1.80068	135	1.10E-03	3.26E-04
2.13111	135	1.10E-03	3.41E-04
2.30774	135	1.40E-03	2.98E-04
2.30854	135	1.70E-03	3.28E-04
2.30895	135	1.60E-03	3.11E-04
2.30975	135	1.50E-03	2.97E-04
2.31015	135	1.50E-03	2.97E-04
2.31056	135	1.50E-03	2.96E-04
2.31096	135	1.50E-03	2.90E-04
2.31136	135	1.40E-03	2.63E-04
2.31156	135	2.10E-03	3.24E-04
2.31177	135	1.70E-03	3.17E-04
2.31187	135	1.50E-03	3.22E-04
2.31197	135	1.30E-03	3.26E-04
2.31207	135	1.50E-03	3.66E-04
2.31217	135	1.70E-03	3.99E-04
2.31237	135	2.10E-03	4.43E-04
2.31247	135	1.50E-03	3.66E-04
2.31257	135	1.20E-03	3.22E-04
2.31267	135	1.10E-03	3.04E-04
2.31277	135	1.20E-03	3.15E-04
2.31287	135	1.50E-03	3.46E-04
2.31308	135	1.10E-03	2.95E-04
2.31318	135	1.20E-03	3.03E-04
2.31338	135	1.10E-03	2.85E-04
2.31378	135	1.80E-03	3.54E-04
2.31418	135	1.60E-03	3.36E-04
2.31438	135	1.20E-03	2.93E-04
2.31459	135	1.60E-03	3.37E-04
2.31600	135	1.40E-03	3.18E-04
2.31640	135	1.20E-03	2.88E-04
2.32023	135	1.40E-03	3.08E-04
2.36635	135	1.10E-03	2.50E-04
2.36756	135	1.40E-03	2.86E-04
2.36877	135	1.90E-03	3.26E-04
2.36917	135	1.10E-03	2.45E-04
2.39062	135	1.30E-03	2.92E-04
2.39193	135	1.30E-03	2.88E-04
2.39294	135	1.20E-03	2.78E-04
2.39535	135	1.30E-03	2.83E-04
2.39596	135	1.10E-03	2.63E-04
2.39717	135	2.20E-03	3.70E-04
2.39777	135	2.10E-03	3.60E-04
2.39838	135	2.40E-03	3.86E-04
2.39898	135	1.90E-03	3.40E-04
2.39958	135	2.50E-03	3.88E-04
2.40019	135	2.60E-03	3.90E-04
2.40079	135	2.80E-03	4.14E-04
2.40140	135	2.40E-03	3.75E-04
2.40200	135	2.80E-03	4.03E-04
2.40261	135	2.80E-03	4.05E-04
2.40321	135	2.80E-03	4.08E-04
2.40381	135	3.20E-03	4.37E-04
2.40442	135	2.50E-03	3.87E-04
2.40563	135	2.20E-03	3.70E-04
2.40744	135	1.60E-03	3.11E-04
2.40804	135	2.40E-03	3.83E-04
2.40865	135	1.20E-03	2.67E-04
2.40925	135	1.80E-03	3.26E-04
2.40986	135	1.40E-03	2.90E-04
2.41046	135	1.70E-03	3.18E-04
2.41107	135	1.40E-03	2.92E-04
2.41167	135	1.70E-03	3.18E-04
2.41227	135	1.40E-03	2.94E-04
2.41590	135	1.20E-03	2.72E-04
2.41953	135	1.10E-03	2.59E-04
2.42255	135	1.20E-03	2.70E-04
2.44491	135	1.10E-03	2.73E-04
2.44974	135	1.10E-03	2.73E-04
2.45095	135	1.50E-03	3.15E-04
2.47139	135	1.50E-03	3.11E-04
2.47391	135	1.10E-03	2.68E-04
2.47532	135	1.20E-03	3.01E-04
2.47593	135	1.10E-03	3.04E-04
2.47673	135	1.50E-03	3.53E-04
2.47754	135	1.30E-03	3.23E-04
2.48580	135	1.10E-03	2.66E-04
2.49385	135	1.10E-03	2.50E-04
2.50654	135	1.30E-03	2.68E-04
2.50957	135	1.10E-03	2.36E-04
2.51662	135	1.30E-03	2.67E-04
2.51682	135	1.10E-03	2.51E-04
2.51722	135	1.20E-03	2.60E-04
2.51783	135	1.20E-03	2.44E-04
2.52004	135	1.20E-03	2.46E-04
2.52427	135	1.50E-03	2.74E-04
2.52488	135	1.10E-03	2.37E-04
2.52548	135	1.20E-03	2.47E-04
2.52608	135	1.10E-03	2.38E-04
2.52669	135	1.50E-03	2.76E-04
2.52850	135	1.90E-03	3.13E-04
2.52911	135	2.30E-03	3.43E-04
2.52971	135	2.60E-03	3.68E-04
2.53032	135	2.50E-03	3.57E-04
2.53092	135	2.20E-03	3.35E-04
2.53152	135	2.50E-03	3.57E-04
2.53213	135	2.90E-03	3.81E-04
2.53273	135	2.70E-03	3.71E-04
2.53334	135	2.90E-03	3.76E-04
2.53394	135	2.20E-03	3.33E-04
2.53515	135	2.10E-03	3.22E-04
2.53575	135	2.60E-03	3.58E-04
2.53636	135	2.40E-03	3.40E-04
2.53757	135	2.10E-03	3.14E-04
2.53817	135	2.50E-03	3.51E-04
2.53878	135	1.90E-03	3.01E-04
2.53938	135	2.10E-03	3.17E-04
2.53998	135	1.90E-03	3.05E-04
2.54119	135	1.70E-03	2.87E-04
2.54180	135	1.80E-03	2.94E-04
2.54240	135	2.50E-03	3.44E-04
2.54301	135	1.10E-03	2.28E-04
2.54421	135	1.30E-03	2.51E-04
2.54482	135	1.40E-03	2.64E-04
2.54542	135	1.10E-03	2.31E-04
2.54603	135	1.70E-03	2.88E-04
2.54663	135	2.10E-03	3.13E-04
2.54724	135	1.30E-03	2.51E-04
2.54784	135	2.30E-03	3.36E-04
2.54845	135	1.70E-03	2.89E-04
2.54905	135	2.20E-03	3.31E-04
2.54965	135	1.60E-03	2.77E-04
2.55086	135	1.50E-03	2.71E-04
2.55127	135	2.20E-03	3.35E-04
2.55167	135	1.50E-03	2.86E-04
2.55247	135	1.80E-03	3.17E-04
2.55288	135	1.80E-03	3.26E-04
2.55328	135	2.30E-03	3.90E-04
2.55348	135	1.80E-03	3.53E-04
2.55368	135	1.60E-03	3.53E-04
2.55388	135	1.70E-03	3.78E-04
2.55399	135	1.80E-03	4.02E-04
2.55409	135	2.10E-03	4.42E-04
2.55419	135	2.10E-03	4.49E-04
2.55429	135	1.40E-03	3.70E-04
2.55449	135	1.70E-03	4.35E-04
2.55459	135	1.70E-03	4.35E-04
2.55469	135	2.10E-03	4.93E-04
2.55479	135	1.70E-03	4.50E-04
2.55489	135	1.40E-03	4.12E-04
2.55509	135	1.50E-03	4.32E-04
2.55519	135	1.30E-03	4.06E-04
2.55570	135	2.10E-03	4.96E-04
2.55590	135	2.50E-03	5.31E-04
2.55610	135	1.90E-03	4.49E-04
2.55630	135	2.30E-03	4.83E-04
2.55650	135	2.30E-03	4.71E-04
2.55670	135	2.10E-03	4.33E-04
2.55731	135	2.30E-03	4.28E-04
2.55751	135	1.30E-03	3.18E-04
2.55771	135	2.50E-03	4.27E-04
2.55791	135	1.60E-03	3.40E-04
2.55811	135	1.60E-03	3.33E-04
2.55832	135	2.10E-03	3.77E-04
2.55852	135	2.60E-03	4.18E-04
2.55872	135	1.70E-03	3.27E-04
2.55912	135	1.70E-03	3.28E-04
2.55952	135	2.50E-03	3.93E-04
2.55993	135	2.30E-03	3.68E-04
2.56033	135	1.60E-03	3.08E-04
2.56093	135	2.50E-03	3.79E-04
2.56154	135	2.30E-03	3.59E-04
2.56275	135	2.20E-03	3.41E-04
2.56335	135	2.60E-03	3.66E-04
2.56396	135	2.60E-03	3.71E-04
2.56456	135	2.20E-03	3.36E-04
2.56517	135	2.30E-03	3.39E-04
2.56577	135	2.40E-03	3.51E-04
2.56637	135	2.50E-03	3.52E-04
2.56678	135	2.10E-03	3.21E-04
2.56758	135	2.60E-03	3.57E-04
2.56799	135	2.40E-03	3.42E-04
2.56839	135	2.60E-03	3.50E-04
2.56879	135	2.70E-03	3.55E-04
2.56919	135	2.60E-03	3.50E-04
2.57000	135	1.80E-03	2.93E-04
2.57040	135	1.70E-03	2.84E-04
2.57081	135	2.50E-03	3.41E-04
2.57121	135	2.70E-03	3.57E-04
2.57161	135	1.80E-03	2.91E-04
2.57201	135	2.10E-03	3.20E-04
2.57242	135	2.40E-03	3.41E-04
2.57282	135	2.30E-03	3.39E-04
2.57322	135	2.30E-03	3.26E-04
2.57403	135	3.30E-03	3.98E-04
2.57443	135	3.30E-03	3.99E-04
2.57484	135	3.30E-03	4.02E-04
2.57524	135	3.20E-03	3.94E-04
2.57564	135	3.40E-03	4.02E-04
2.57604	135	3.50E-03	4.26E-04
2.57645	135	3.50E-03	4.13E-04
2.57685	135	3.20E-03	3.95E-04
2.57725	135	4.50E-03	4.65E-04
2.57766	135	2.80E-03	3.75E-04
2.57806	135	3.40E-03	4.06E-04
2.57846	135	4.10E-03	4.46E-04
2.57886	135	3.90E-03	4.35E-04
2.57927	135	3.80E-03	4.31E-04
2.57967	135	4.10E-03	4.51E-04
2.58007	135	4.30E-03	4.52E-04
2.58048	135	4.50E-03	4.69E-04
2.58088	135	4.80E-03	4.74E-04
2.58128	135	4.60E-03	4.68E-04
2.58168	135	4.20E-03	4.51E-04
2.58209	135	3.90E-03	4.37E-04
2.58249	135	4.10E-03	4.50E-04
2.58289	135	4.20E-03	4.41E-04
2.58330	135	4.10E-03	4.52E-04
2.58370	135	4.20E-03	4.47E-04
2.58410	135	3.80E-03	4.27E-04
2.58450	135	3.50E-03	4.16E-04
2.58571	135	4.10E-03	4.46E-04
2.58612	135	3.60E-03	4.18E-04
2.58652	135	4.30E-03	4.58E-04
2.58692	135	3.70E-03	4.27E-04
2.58773	135	3.90E-03	4.35E-04
2.58813	135	3.80E-03	4.34E-04
2.58853	135	4.40E-03	4.69E-04
2.58894	135	3.60E-03	4.25E-04
2.58974	135	3.50E-03	4.15E-04
2.59015	135	3.20E-03	3.97E-04
2.59055	135	3.80E-03	4.33E-04
2.59095	135	3.50E-03	4.12E-04
2.59176	135	3.80E-03	4.29E-04
2.59216	135	3.70E-03	4.25E-04
2.59256	135	2.90E-03	3.76E-04
2.59337	135	3.70E-03	4.26E-04
2.59377	135	3.50E-03	4.12E-04
2.59417	135	3.30E-03	3.96E-04
2.59458	135	3.60E-03	4.07E-04
2.59498	135	3.70E-03	4.21E-04
2.59579	135	3.30E-03	3.83E-04
2.59619	135	3.90E-03	4.13E-04
2.59659	135	3.90E-03	4.10E-04
2.59699	135	3.70E-03	4.10E-04
2.59740	135	4.20E-03	4.35E-04
2.59780	135	3.70E-03	4.14E-04
2.59820	135	3.60E-03	4.10E-04
2.59861	135	3.60E-03	4.13E-04
2.59901	135	4.40E-03	4.70E-04
2.59941	135	4.20E-03	4.60E-04
2.59982	135	4.30E-03	4.74E-04
2.60022	135	4.30E-03	4.78E-04
2.60062	135	3.80E-03	4.44E-04
2.60102	135	4.70E-03	5.11E-04
2.60143	135	4.30E-03	4.87E-04
2.60163	135	4.20E-03	4.81E-04
2.60183	135	4.30E-03	4.89E-04
2.60223	135	3.80E-03	4.56E-04
2.60264	135	3.70E-03	4.55E-04
2.60304	135	3.20E-03	4.22E-04
2.60344	135	3.50E-03	4.47E-04
2.60384	135	3.40E-03	4.47E-04
2.60425	135	4.10E-03	4.90E-04
2.60445	135	3.50E-03	4.51E-04
2.60465	135	3.10E-03	4.25E-04
2.60505	135	3.20E-03	4.26E-04
2.60525	135	3.30E-03	4.30E-04
2.60546	135	2.90E-03	3.94E-04
2.60586	135	3.20E-03	4.15E-04
2.60626	135	3.40E-03	4.28E-04
2.60646	135	3.80E-03	4.60E-04
2.60687	135	3.10E-03	4.12E-04
2.60767	135	3.40E-03	4.30E-04
2.60807	135	3.30E-03	4.24E-04
2.60848	135	2.40E-03	3.59E-04
2.60888	135	3.50E-03	4.35E-04
2.60928	135	3.20E-03	4.28E-04
2.60969	135	3.10E-03	4.10E-04
2.61009	135	2.90E-03	4.01E-04
2.61049	135	2.70E-03	3.91E-04
2.61090	135	2.30E-03	3.58E-04
2.61130	135	2.30E-03	3.53E-04
2.61210	135	2.50E-03	3.74E-04
2.61251	135	2.60E-03	3.77E-04
2.61291	135	2.60E-03	3.86E-04
2.61311	135	2.50E-03	3.87E-04
2.61321	135	2.60E-03	3.99E-04
2.61331	135	2.80E-03	4.32E-04
2.61341	135	2.20E-03	3.98E-04
2.61351	135	2.40E-03	4.13E-04
2.61361	135	2.40E-03	4.12E-04
2.61372	135	2.10E-03	3.77E-04
2.61382	135	2.30E-03	3.86E-04
2.61392	135	2.40E-03	3.80E-04
2.61402	135	2.40E-03	3.73E-04
2.61412	135	1.70E-03	3.11E-04
2.61422	135	2.40E-03	3.65E-04
2.61432	135	1.60E-03	2.99E-04
2.61452	135	2.40E-03	3.59E-04
2.61472	135	2.20E-03	3.46E-04
2.61492	135	2.20E-03	3.47E-04
2.61513	135	1.60E-03	2.91E-04
2.61553	135	1.40E-03	2.71E-04
2.61593	135	1.70E-03	2.98E-04
2.61633	135	1.90E-03	3.14E-04
2.61674	135	2.20E-03	3.43E-04
2.61734	135	1.70E-03	3.02E-04
2.61795	135	1.70E-03	3.05E-04
2.61855	135	1.90E-03	3.27E-04
2.61976	135	1.80E-03	3.14E-04
2.62036	135	1.70E-03	3.05E-04
2.62097	135	1.70E-03	2.99E-04
2.62218	135	2.40E-03	3.54E-04
2.62278	135	1.30E-03	2.62E-04
2.62339	135	1.90E-03	3.20E-04
2.62399	135	1.60E-03	2.90E-04
2.62520	135	1.60E-03	2.92E-04
2.62580	135	1.30E-03	2.65E-04
2.62641	135	1.40E-03	2.70E-04
2.62701	135	1.40E-03	2.70E-04
2.62762	135	1.40E-03	2.71E-04
2.62822	135	1.60E-03	2.88E-04
2.63003	135	1.80E-03	3.19E-04
2.63064	135	1.30E-03	2.72E-04
2.63124	135	1.50E-03	2.89E-04
2.63185	135	1.30E-03	2.68E-04
2.63245	135	1.90E-03	3.24E-04
2.63306	135	1.60E-03	3.03E-04
2.63366	135	1.10E-03	2.49E-04
2.63426	135	1.20E-03	2.55E-04
2.63487	135	1.50E-03	2.91E-04
2.63547	135	1.30E-03	2.66E-04
2.63668	135	1.20E-03	2.57E-04
2.63850	135	1.50E-03	2.87E-04
2.63910	135	1.20E-03	2.58E-04
2.64152	135	1.40E-03	2.76E-04
2.64212	135	1.50E-03	2.83E-04
2.64333	135	1.10E-03	2.41E-04
2.64393	135	1.40E-03	2.75E-04
2.64514	135	1.10E-03	2.42E-04
2.64635	135	1.40E-03	2.70E-04
2.64756	135	1.50E-03	2.79E-04
2.64817	135	1.10E-03	2.36E-04
2.64877	135	1.20E-03	2.49E-04
2.64998	135	1.50E-03	2.76E-04
2.65058	135	1.20E-03	2.49E-04
2.65119	135	1.50E-03	2.80E-04
2.65179	135	1.80E-03	3.08E-04
2.65300	135	1.10E-03	2.34E-04
2.65360	135	1.90E-03	3.09E-04
2.65602	135	1.10E-03	2.34E-04
2.65663	135	1.80E-03	3.04E-04
2.65844	135	1.30E-03	2.50E-04
2.65904	135	1.50E-03	2.72E-04
2.66086	135	1.10E-03	2.31E-04
2.66146	135	1.50E-03	2.68E-04
2.66207	135	1.20E-03	2.36E-04
2.66448	135	1.30E-03	2.46E-04
2.66569	135	1.60E-03	2.71E-04
2.66751	135	1.70E-03	2.84E-04
2.66811	135	1.20E-03	2.42E-04
2.67053	135	1.40E-03	2.63E-04
2.67123	135	1.60E-03	2.81E-04
2.67174	135	1.10E-03	2.34E-04
2.67436	135	1.40E-03	2.72E-04
2.67617	135	1.20E-03	2.46E-04
2.67738	135	1.20E-03	2.53E-04
2.68040	135	1.40E-03	2.69E-04
2.68100	135	1.20E-03	2.51E-04
2.68221	135	1.20E-03	2.50E-04
2.68403	135	1.10E-03	2.36E-04
2.68463	135	1.10E-03	2.33E-04
2.68584	135	1.50E-03	2.76E-04
2.68765	135	2.10E-03	3.31E-04
2.68826	135	1.40E-03	2.66E-04
2.69067	135	1.20E-03	2.39E-04
2.69128	135	1.40E-03	2.56E-04
2.69188	135	1.30E-03	2.53E-04
2.69309	135	1.30E-03	2.47E-04
2.69430	135	1.10E-03	2.27E-04
2.69491	135	1.30E-03	2.46E-04
2.69551	135	1.60E-03	2.69E-04
2.69611	135	1.30E-03	2.39E-04
2.69672	135	1.80E-03	2.85E-04
2.69732	135	1.40E-03	2.50E-04
2.69853	135	1.30E-03	2.38E-04
2.70035	135	1.20E-03	2.28E-04
2.70155	135	1.80E-03	2.73E-04
2.70216	135	1.30E-03	2.33E-04
2.70276	135	1.80E-03	2.76E-04
2.70337	135	1.50E-03	2.49E-04
2.70397	135	1.90E-03	2.77E-04
2.70458	135	1.90E-03	2.75E-04
2.70518	135	1.70E-03	2.61E-04
2.70578	135	1.50E-03	2.40E-04
2.70639	135	1.70E-03	2.55E-04
2.70699	135	1.70E-03	2.52E-04
2.70760	135	2.50E-03	3.09E-04
2.70820	135	1.40E-03	2.27E-04
2.71002	135	1.80E-03	2.45E-04
2.71062	135	2.10E-03	2.61E-04
2.71193	135	2.80E-03	2.98E-04
2.71203	135	3.20E-03	3.29E-04
2.71213	135	2.40E-03	2.87E-04
2.71223	135	2.60E-03	3.09E-04
2.71243	135	3.90E-03	4.02E-04
2.71263	135	3.20E-03	4.03E-04
2.71304	135	2.10E-03	3.55E-04
2.71324	135	2.80E-03	4.30E-04
2.71344	135	2.60E-03	4.27E-04
2.71364	135	2.50E-03	4.13E-04
2.71384	135	2.50E-03	4.06E-04
2.71405	135	2.70E-03	4.17E-04
2.71425	135	2.60E-03	4.04E-04
2.71445	135	3.20E-03	4.38E-04
2.71465	135	2.70E-03	3.99E-04
2.71505	135	2.30E-03	3.57E-04
2.71525	135	2.70E-03	3.84E-04
2.71546	135	2.20E-03	3.40E-04
2.71566	135	3.60E-03	4.31E-04
2.71606	135	2.60E-03	3.64E-04
2.71646	135	3.80E-03	4.37E-04
2.71687	135	3.20E-03	4.00E-04
2.71727	135	2.70E-03	3.64E-04
2.71767	135	2.50E-03	3.57E-04
2.71807	135	3.10E-03	3.92E-04
2.71848	135	3.50E-03	4.12E-04
2.71908	135	3.60E-03	4.35E-04
2.71969	135	3.60E-03	4.51E-04
2.71989	135	3.10E-03	4.28E-04
2.72009	135	3.50E-03	4.77E-04
2.72029	135	2.60E-03	4.26E-04
2.72049	135	3.80E-03	5.42E-04
2.72069	135	4.10E-03	6.00E-04
2.72090	135	3.60E-03	5.87E-04
2.72110	135	3.90E-03	6.38E-04
2.72130	135	4.90E-03	7.13E-04
2.72170	135	3.40E-03	5.44E-04
2.72190	135	3.90E-03	5.62E-04
2.72210	135	3.90E-03	5.22E-04
2.72231	135	4.50E-03	5.32E-04
2.72271	135	3.70E-03	4.53E-04
2.72291	135	4.10E-03	4.61E-04
2.72331	135	3.40E-03	4.11E-04
2.72351	135	3.90E-03	4.41E-04
2.72412	135	4.20E-03	4.62E-04
2.72452	135	4.40E-03	4.85E-04
2.72492	135	4.20E-03	5.10E-04
2.72513	135	3.20E-03	4.68E-04
2.72533	135	3.80E-03	5.38E-04
2.72553	135	3.80E-03	5.72E-04
2.72573	135	4.30E-03	6.20E-04
2.72593	135	3.70E-03	5.36E-04
2.72613	135	3.80E-03	4.88E-04
2.72634	135	4.10E-03	4.39E-04
2.72654	135	3.90E-03	3.87E-04
2.72674	135	3.40E-03	3.34E-04
2.72694	135	3.10E-03	3.05E-04
2.72714	135	4.30E-03	3.50E-04
2.72734	135	3.80E-03	3.34E-04
2.72754	135	4.10E-03	3.38E-04
2.72775	135	3.70E-03	3.18E-04
2.72795	135	3.50E-03	3.11E-04
2.72815	135	3.30E-03	3.03E-04
2.72855	135	3.80E-03	3.27E-04
2.72895	135	2.90E-03	2.92E-04
2.72936	135	3.40E-03	3.18E-04
2.72976	135	3.50E-03	3.20E-04
2.73036	135	3.20E-03	3.12E-04
2.73097	135	2.40E-03	2.67E-04
2.73157	135	2.50E-03	2.87E-04
2.73218	135	2.90E-03	3.06E-04
2.73278	135	1.90E-03	2.40E-04
2.73339	135	2.10E-03	2.56E-04
2.73399	135	2.70E-03	2.99E-04
2.73520	135	1.60E-03	2.26E-04
2.73641	135	1.30E-03	2.03E-04
2.73701	135	1.90E-03	2.47E-04
2.73762	135	1.30E-03	2.03E-04
2.73822	135	1.80E-03	2.35E-04
2.73883	135	1.30E-03	2.00E-04
2.73943	135	1.70E-03	2.32E-04
2.73963	135	1.20E-03	1.95E-04
2.73973	135	1.30E-03	2.06E-04
2.73993	135	1.10E-03	1.95E-04
2.74074	135	1.20E-03	2.28E-04
2.74084	135	1.20E-03	2.27E-04
2.74155	135	1.10E-03	2.16E-04
2.74175	135	1.20E-03	2.26E-04
2.74185	135	1.10E-03	2.12E-04
2.74215	135	1.20E-03	2.18E-04
2.74225	135	1.30E-03	2.20E-04
2.74265	135	1.40E-03	2.35E-04
2.74276	135	1.20E-03	2.12E-04
2.74386	135	1.20E-03	2.10E-04
2.76683	135	1.10E-03	2.91E-04
2.77409	135	1.10E-03	2.90E-04
2.77469	135	1.20E-03	3.01E-04
2.77590	135	1.40E-03	3.24E-04
2.77711	135	1.40E-03	3.17E-04
2.78013	135	1.50E-03	3.28E-04
2.78194	135	1.10E-03	2.77E-04
2.78376	135	1.10E-03	2.77E-04
2.78497	135	1.10E-03	2.68E-04
2.78738	135	1.50E-03	3.11E-04
2.78799	135	1.10E-03	2.64E-04
2.78920	135	1.40E-03	2.93E-04
2.79041	135	1.20E-03	2.74E-04
2.79101	135	1.40E-03	2.95E-04
2.79161	135	1.40E-03	2.94E-04
2.79222	135	1.60E-03	3.10E-04
2.79343	135	1.60E-03	3.07E-04
2.79464	135	1.10E-03	2.51E-04
2.79504	135	1.20E-03	2.62E-04
2.79524	135	1.20E-03	2.63E-04
2.79544	135	1.20E-03	2.64E-04
2.79605	135	1.30E-03	2.75E-04
2.79726	135	1.10E-03	2.52E-04
2.79786	135	1.30E-03	2.71E-04
2.79846	135	1.50E-03	2.87E-04
2.79907	135	1.40E-03	2.78E-04
2.79967	135	1.70E-03	3.10E-04
2.80028	135	1.50E-03	2.90E-04
2.80108	135	1.60E-03	3.00E-04
2.80209	135	1.10E-03	2.45E-04
2.80249	135	1.40E-03	2.77E-04
2.80290	135	1.10E-03	2.41E-04
2.80330	135	1.20E-03	2.52E-04
2.80370	135	1.80E-03	3.09E-04
2.80411	135	1.70E-03	2.99E-04
2.80451	135	1.80E-03	3.09E-04
2.80491	135	1.60E-03	2.90E-04
2.80572	135	1.90E-03	3.12E-04
2.80592	135	1.60E-03	2.86E-04
2.80612	135	1.40E-03	2.65E-04
2.80632	135	1.50E-03	2.75E-04
2.80673	135	1.60E-03	2.80E-04
2.80713	135	1.50E-03	2.71E-04
2.80753	135	1.90E-03	3.03E-04
2.80773	135	1.90E-03	3.05E-04
2.80793	135	1.60E-03	2.81E-04
2.80804	135	1.70E-03	2.83E-04
2.80814	135	1.60E-03	2.76E-04
2.80824	135	1.50E-03	2.70E-04
2.80834	135	1.70E-03	2.86E-04
2.80844	135	1.90E-03	2.99E-04
2.80864	135	2.20E-03	3.21E-04
2.80874	135	1.80E-03	2.90E-04
2.80894	135	1.40E-03	2.61E-04
2.80924	135	1.40E-03	2.61E-04
2.80935	135	1.40E-03	2.60E-04
2.80945	135	1.20E-03	2.42E-04
2.80955	135	1.30E-03	2.55E-04
2.80965	135	1.80E-03	3.01E-04
2.80975	135	1.60E-03	2.84E-04
2.80985	135	2.10E-03	3.34E-04
2.80995	135	1.30E-03	2.63E-04
2.81025	135	1.60E-03	2.92E-04
2.81035	135	1.50E-03	2.93E-04
2.81045	135	1.40E-03	2.81E-04
2.81055	135	1.70E-03	3.06E-04
2.81065	135	2.20E-03	3.56E-04
2.81076	135	1.40E-03	2.86E-04
2.81086	135	1.20E-03	2.60E-04
2.81096	135	1.10E-03	2.53E-04
2.81106	135	1.10E-03	2.48E-04
2.81116	135	1.50E-03	2.94E-04
2.81126	135	1.20E-03	2.62E-04
2.81136	135	1.80E-03	3.21E-04
2.81146	135	1.40E-03	2.85E-04
2.81156	135	1.60E-03	3.01E-04
2.81166	135	1.70E-03	3.09E-04
2.81176	135	1.40E-03	2.78E-04
2.81186	135	1.50E-03	2.94E-04
2.81196	135	1.30E-03	2.70E-04
2.81217	135	1.50E-03	2.90E-04
2.81227	135	1.90E-03	3.32E-04
2.81237	135	1.70E-03	3.14E-04
2.81247	135	1.20E-03	2.56E-04
2.81257	135	1.50E-03	2.95E-04
2.81277	135	1.80E-03	3.22E-04
2.81287	135	1.40E-03	2.85E-04
2.81297	135	1.20E-03	2.60E-04
2.81307	135	1.90E-03	3.25E-04
2.81317	135	1.60E-03	3.04E-04
2.81327	135	1.50E-03	2.90E-04
2.81337	135	1.60E-03	2.98E-04
2.81358	135	1.30E-03	2.70E-04
2.81378	135	2.80E-03	3.97E-04
2.81398	135	1.60E-03	3.02E-04
2.81418	135	1.70E-03	3.05E-04
2.81438	135	1.60E-03	2.94E-04
2.81458	135	2.30E-03	3.52E-04
2.81479	135	2.20E-03	3.38E-04
2.81499	135	1.30E-03	2.61E-04
2.81519	135	2.30E-03	3.40E-04
2.81559	135	1.90E-03	3.14E-04
2.81579	135	2.70E-03	3.73E-04
2.81599	135	1.40E-03	2.65E-04
2.81620	135	1.80E-03	3.01E-04
2.81640	135	1.60E-03	2.87E-04
2.81660	135	1.40E-03	2.67E-04
2.81680	135	2.10E-03	3.28E-04
2.81700	135	1.90E-03	3.06E-04
2.81720	135	1.90E-03	3.10E-04
2.81740	135	2.30E-03	3.41E-04
2.81761	135	2.30E-03	3.40E-04
2.81781	135	1.80E-03	3.03E-04
2.81801	135	2.20E-03	3.29E-04
2.81821	135	2.60E-03	3.63E-04
2.81841	135	1.90E-03	3.05E-04
2.81922	135	2.30E-03	3.39E-04
2.81962	135	1.90E-03	3.10E-04
2.82002	135	2.10E-03	3.27E-04
2.82043	135	2.10E-03	3.18E-04
2.82083	135	2.20E-03	3.31E-04
2.82123	135	2.40E-03	3.37E-04
2.82164	135	2.80E-03	3.70E-04
2.82204	135	1.80E-03	3.00E-04
2.82264	135	2.10E-03	3.21E-04
2.82325	135	2.70E-03	3.61E-04
2.82385	135	2.10E-03	3.20E-04
2.82446	135	2.10E-03	3.09E-04
2.82506	135	1.70E-03	2.87E-04
2.82567	135	1.90E-03	2.98E-04
2.82627	135	2.70E-03	3.59E-04
2.82687	135	2.40E-03	3.40E-04
2.82748	135	2.30E-03	3.31E-04
2.82808	135	1.80E-03	2.92E-04
2.82869	135	2.80E-03	3.60E-04
2.82929	135	2.10E-03	3.14E-04
2.82990	135	1.90E-03	3.00E-04
2.83050	135	2.20E-03	3.21E-04
2.83111	135	1.80E-03	2.93E-04
2.83171	135	2.30E-03	3.27E-04
2.83231	135	2.10E-03	3.15E-04
2.83292	135	1.40E-03	2.55E-04
2.83352	135	2.10E-03	3.13E-04
2.83473	135	2.70E-03	3.49E-04
2.83534	135	2.50E-03	3.42E-04
2.83594	135	2.30E-03	3.27E-04
2.83655	135	2.40E-03	3.33E-04
2.83715	135	2.40E-03	3.30E-04
2.83776	135	1.60E-03	2.74E-04
2.83836	135	2.40E-03	3.33E-04
2.83896	135	1.80E-03	2.83E-04
2.84017	135	1.70E-03	2.77E-04
2.84078	135	2.30E-03	3.22E-04
2.84138	135	2.10E-03	3.01E-04
2.84199	135	2.60E-03	3.37E-04
2.84259	135	2.90E-03	3.48E-04
2.84320	135	1.80E-03	2.77E-04
2.84440	135	2.50E-03	3.29E-04
2.84501	135	3.20E-03	3.83E-04
2.84521	135	2.30E-03	3.24E-04
2.84531	135	2.70E-03	3.53E-04
2.84541	135	2.50E-03	3.33E-04
2.84551	135	2.80E-03	3.52E-04
2.84561	135	2.60E-03	3.32E-04
2.84571	135	2.70E-03	3.28E-04
2.84581	135	2.90E-03	3.44E-04
2.84592	135	2.60E-03	3.16E-04
2.84602	135	2.20E-03	2.92E-04
2.84612	135	2.20E-03	2.97E-04
2.84622	135	2.80E-03	3.28E-04
2.84632	135	2.60E-03	3.16E-04
2.84662	135	2.40E-03	3.07E-04
2.84672	135	2.50E-03	3.11E-04
2.84682	135	2.60E-03	3.23E-04
2.84692	135	2.30E-03	2.98E-04
2.84702	135	2.10E-03	2.82E-04
2.84712	135	2.40E-03	3.08E-04
2.84733	135	2.40E-03	3.10E-04
2.84743	135	2.20E-03	2.95E-04
2.84753	135	3.40E-03	3.60E-04
2.84763	135	2.90E-03	3.37E-04
2.84773	135	2.30E-03	3.06E-04
2.84783	135	2.70E-03	3.25E-04
2.84793	135	3.10E-03	3.54E-04
2.84803	135	2.10E-03	2.86E-04
2.84813	135	3.10E-03	3.55E-04
2.84823	135	2.50E-03	3.19E-04
2.84833	135	2.20E-03	3.00E-04
2.84843	135	2.60E-03	3.23E-04
2.84853	135	2.40E-03	3.16E-04
2.84864	135	2.20E-03	2.96E-04
2.84874	135	2.50E-03	3.14E-04
2.84884	135	2.40E-03	3.16E-04
2.84904	135	2.40E-03	3.12E-04
2.84914	135	2.20E-03	3.03E-04
2.84924	135	2.90E-03	3.44E-04
2.84944	135	2.90E-03	3.44E-04
2.84964	135	2.20E-03	3.02E-04
2.84984	135	2.40E-03	3.31E-04
2.85005	135	2.40E-03	3.58E-04
2.85015	135	2.80E-03	4.05E-04
2.85025	135	2.50E-03	3.84E-04
2.85035	135	2.60E-03	3.85E-04
2.85045	135	3.30E-03	4.10E-04
2.85055	135	2.20E-03	3.21E-04
2.85075	135	2.60E-03	3.27E-04
2.85085	135	2.60E-03	3.24E-04
2.85095	135	2.90E-03	3.40E-04
2.85105	135	2.80E-03	3.28E-04
2.85125	135	3.20E-03	3.50E-04
2.85166	135	2.90E-03	3.29E-04
2.85186	135	2.40E-03	3.04E-04
2.85206	135	2.10E-03	2.87E-04
2.85287	135	2.20E-03	2.93E-04
2.85408	135	2.60E-03	3.10E-04
2.85448	135	2.70E-03	3.17E-04
2.85528	135	2.90E-03	3.29E-04
2.85569	135	2.90E-03	3.28E-04
2.85609	135	2.80E-03	3.24E-04
2.85649	135	2.90E-03	3.24E-04
2.85690	135	3.60E-03	3.60E-04
2.85730	135	3.70E-03	3.76E-04
2.85770	135	3.80E-03	3.69E-04
2.85811	135	3.10E-03	3.37E-04
2.85831	135	2.90E-03	3.17E-04
2.85851	135	3.80E-03	3.68E-04
2.85871	135	3.50E-03	3.51E-04
2.85891	135	3.10E-03	3.34E-04
2.85911	135	3.40E-03	3.49E-04
2.85931	135	4.10E-03	3.93E-04
2.85972	135	3.90E-03	3.70E-04
2.86012	135	3.60E-03	3.55E-04
2.86052	135	3.90E-03	3.72E-04
2.86073	135	3.20E-03	3.13E-04
2.86113	135	3.90E-03	4.02E-04
2.86193	135	4.60E-03	4.30E-04
2.86274	135	4.70E-03	4.26E-04
2.86355	135	3.50E-03	3.62E-04
2.86435	135	4.70E-03	4.17E-04
2.86516	135	4.90E-03	4.25E-04
2.86596	135	3.90E-03	3.96E-04
2.86657	135	5.30E-03	4.83E-04
2.86697	135	4.80E-03	5.07E-04
2.86737	135	4.80E-03	5.29E-04
2.86778	135	5.10E-03	5.64E-04
2.86858	135	5.20E-03	5.59E-04
2.86899	135	6.10E-03	6.04E-04
2.86939	135	4.90E-03	5.31E-04
2.86979	135	5.10E-03	5.38E-04
2.87020	135	6.10E-03	5.85E-04
2.87060	135	5.20E-03	5.39E-04
2.87100	135	6.20E-03	5.92E-04
2.87140	135	4.90E-03	5.38E-04
2.87181	135	6.30E-03	6.20E-04
2.87221	135	6.40E-03	6.44E-04
2.87302	135	6.10E-03	6.85E-04
2.87342	135	5.80E-03	6.91E-04
2.87382	135	5.20E-03	7.04E-04
2.87423	135	6.40E-03	8.14E-04
2.87463	135	5.40E-03	7.81E-04
2.87503	135	5.60E-03	7.98E-04
2.87543	135	5.60E-03	7.75E-04
2.87584	135	6.50E-03	8.03E-04
2.87664	135	5.10E-03	6.13E-04
2.87705	135	6.90E-03	6.91E-04
2.87745	135	7.10E-03	6.78E-04
2.87785	135	6.40E-03	6.01E-04
2.87826	135	6.30E-03	5.85E-04
2.87866	135	6.30E-03	5.67E-04
2.87906	135	5.80E-03	5.41E-04
2.87946	135	5.50E-03	5.18E-04
2.87987	135	6.40E-03	5.50E-04
2.88027	135	5.70E-03	5.11E-04
2.88067	135	5.70E-03	5.04E-04
2.88128	135	5.30E-03	4.83E-04
2.88188	135	5.50E-03	4.86E-04
2.88269	135	5.50E-03	4.85E-04
2.88349	135	4.20E-03	4.29E-04
2.88511	135	5.50E-03	4.92E-04
2.88611	135	5.80E-03	5.08E-04
2.88732	135	5.30E-03	4.83E-04
2.88853	135	4.50E-03	4.53E-04
2.88974	135	4.60E-03	4.70E-04
2.89095	135	4.70E-03	4.84E-04
2.89337	135	3.60E-03	4.38E-04
2.89458	135	4.20E-03	4.73E-04
2.89579	135	3.20E-03	4.21E-04
2.89699	135	2.50E-03	3.80E-04
2.89820	135	2.20E-03	3.56E-04
2.89941	135	3.10E-03	4.26E-04
2.90062	135	2.70E-03	3.99E-04
2.90183	135	1.90E-03	3.37E-04
2.90425	135	2.50E-03	3.83E-04
2.90546	135	1.90E-03	3.28E-04
2.90667	135	1.40E-03	2.80E-04
2.90788	135	2.60E-03	3.78E-04
2.90908	135	2.60E-03	3.69E-04
2.90949	135	3.10E-03	4.04E-04
2.90969	135	3.30E-03	4.05E-04
2.90989	135	3.20E-03	4.07E-04
2.91009	135	3.70E-03	4.34E-04
2.91029	135	2.40E-03	3.65E-04
2.91050	135	1.90E-03	3.43E-04
2.91070	135	2.50E-03	4.13E-04
2.91090	135	2.80E-03	4.33E-04
2.91110	135	2.30E-03	4.06E-04
2.91130	135	1.70E-03	3.45E-04
2.91150	135	2.10E-03	3.79E-04
2.91170	135	3.10E-03	4.48E-04
2.91191	135	2.60E-03	4.08E-04
2.91311	135	2.70E-03	3.86E-04
2.91372	135	1.60E-03	2.93E-04
2.91453	135	2.80E-03	3.86E-04
2.91533	135	2.20E-03	3.41E-04
2.91614	135	1.80E-03	3.09E-04
2.91694	135	1.70E-03	2.97E-04
2.91775	135	1.90E-03	3.17E-04
2.91856	135	1.70E-03	2.96E-04
2.91916	135	1.10E-03	2.37E-04
2.91956	135	1.40E-03	2.68E-04
2.92077	135	1.10E-03	2.35E-04
2.92097	135	2.30E-03	3.39E-04
2.92138	135	1.10E-03	2.36E-04
2.92158	135	1.10E-03	2.31E-04
2.92178	135	1.40E-03	2.67E-04
2.92218	135	1.20E-03	2.45E-04
2.92259	135	1.20E-03	2.43E-04
2.92762	135	1.70E-03	2.79E-04
2.93004	135	1.20E-03	2.35E-04
2.93850	135	1.40E-03	2.44E-04
2.94939	135	1.10E-03	2.41E-04
3.01770	135	1.10E-03	2.80E-04
3.01931	135	1.10E-03	3.09E-04
3.04128	135	1.30E-03	2.65E-04
3.05841	135	1.20E-03	2.29E-04
3.06082	135	1.20E-03	2.22E-04
3.06203	135	1.10E-03	2.10E-04
1.68371	160	1.20E-03	3.02E-04
1.72619	160	1.20E-03	3.04E-04
1.79927	160	1.30E-03	3.44E-04
1.79947	160	1.90E-03	4.17E-04
1.79968	160	2.90E-03	5.04E-04
1.79988	160	3.10E-03	5.07E-04
1.80008	160	3.30E-03	5.14E-04
1.80028	160	2.10E-03	4.03E-04
2.30774	160	1.10E-03	2.44E-04
2.30895	160	1.60E-03	2.86E-04
2.30935	160	1.10E-03	2.38E-04
2.30975	160	1.30E-03	2.65E-04
2.31015	160	1.40E-03	2.66E-04
2.31056	160	1.70E-03	2.90E-04
2.31096	160	1.50E-03	2.64E-04
2.31136	160	1.50E-03	2.54E-04
2.31156	160	1.70E-03	2.74E-04
2.31167	160	1.70E-03	2.95E-04
2.31177	160	1.20E-03	2.66E-04
2.31187	160	1.40E-03	3.12E-04
2.31197	160	1.70E-03	3.69E-04
2.31217	160	1.70E-03	3.91E-04
2.31227	160	1.20E-03	3.23E-04
2.31237	160	1.70E-03	3.77E-04
2.31247	160	1.50E-03	3.49E-04
2.31257	160	1.40E-03	3.29E-04
2.31267	160	1.20E-03	3.02E-04
2.31277	160	1.10E-03	2.83E-04
2.31287	160	1.70E-03	3.47E-04
2.31297	160	1.40E-03	3.11E-04
2.31308	160	1.20E-03	2.89E-04
2.31318	160	1.40E-03	3.08E-04
2.31378	160	1.40E-03	2.98E-04
2.31418	160	1.20E-03	2.76E-04
2.31479	160	1.10E-03	2.59E-04
2.31519	160	1.30E-03	2.83E-04
2.31640	160	1.10E-03	2.56E-04
2.36252	160	1.10E-03	2.14E-04
2.36716	160	1.20E-03	2.32E-04
2.36836	160	1.20E-03	2.23E-04
2.36917	160	1.20E-03	2.15E-04
2.39475	160	1.30E-03	2.65E-04
2.39535	160	1.10E-03	2.40E-04
2.39596	160	1.50E-03	2.82E-04
2.39656	160	1.10E-03	2.41E-04
2.39717	160	1.60E-03	2.87E-04
2.39777	160	1.70E-03	3.00E-04
2.39838	160	1.70E-03	2.97E-04
2.39898	160	2.20E-03	3.33E-04
2.39958	160	1.30E-03	2.60E-04
2.40019	160	2.50E-03	3.60E-04
2.40079	160	2.60E-03	3.65E-04
2.40140	160	2.30E-03	3.39E-04
2.40200	160	2.90E-03	3.88E-04
2.40261	160	2.60E-03	3.70E-04
2.40321	160	2.40E-03	3.47E-04
2.40381	160	2.20E-03	3.31E-04
2.40442	160	2.80E-03	3.80E-04
2.40502	160	2.10E-03	3.30E-04
2.40563	160	2.30E-03	3.45E-04
2.40623	160	2.10E-03	3.32E-04
2.40684	160	1.90E-03	3.15E-04
2.40744	160	2.10E-03	3.28E-04
2.40804	160	1.40E-03	2.71E-04
2.40865	160	1.20E-03	2.47E-04
2.40986	160	1.20E-03	2.47E-04
2.41046	160	1.20E-03	2.49E-04
2.41107	160	1.30E-03	2.57E-04
2.41590	160	1.30E-03	2.59E-04
2.41650	160	1.20E-03	2.46E-04
2.43765	160	1.30E-03	2.54E-04
2.47059	160	1.20E-03	2.69E-04
2.47693	160	1.20E-03	3.21E-04
2.48177	160	1.10E-03	4.17E-04
2.48630	160	1.20E-03	1.90E-04
2.48640	160	1.20E-03	1.91E-04
2.48831	160	1.10E-03	2.37E-04
2.49023	160	1.10E-03	2.15E-04
2.49083	160	1.30E-03	2.24E-04
2.49385	160	1.10E-03	2.08E-04
2.49869	160	1.10E-03	2.06E-04
2.51783	160	1.10E-03	1.98E-04
2.51803	160	1.30E-03	2.09E-04
2.51823	160	1.10E-03	1.92E-04
2.52065	160	1.60E-03	2.36E-04
2.52125	160	1.40E-03	2.20E-04
2.52185	160	1.10E-03	1.94E-04
2.52246	160	1.60E-03	2.36E-04
2.52306	160	1.50E-03	2.27E-04
2.52367	160	1.40E-03	2.20E-04
2.52427	160	1.10E-03	1.95E-04
2.52488	160	1.80E-03	2.51E-04
2.52548	160	1.40E-03	2.23E-04
2.52669	160	1.90E-03	2.57E-04
2.52729	160	1.80E-03	2.57E-04
2.52790	160	1.80E-03	2.56E-04
2.52850	160	1.80E-03	2.56E-04
2.52911	160	2.20E-03	2.87E-04
2.52971	160	2.50E-03	3.09E-04
2.53032	160	1.90E-03	2.70E-04
2.53152	160	2.40E-03	3.15E-04
2.53213	160	2.40E-03	3.18E-04
2.53334	160	2.40E-03	3.18E-04
2.53394	160	1.80E-03	2.77E-04
2.53455	160	1.80E-03	2.81E-04
2.53515	160	1.80E-03	2.82E-04
2.53575	160	1.70E-03	2.74E-04
2.53636	160	1.40E-03	2.49E-04
2.53696	160	1.50E-03	2.56E-04
2.53757	160	1.40E-03	2.49E-04
2.53817	160	1.80E-03	2.84E-04
2.53878	160	1.80E-03	2.81E-04
2.53998	160	1.70E-03	2.75E-04
2.54119	160	1.20E-03	2.37E-04
2.54301	160	1.10E-03	2.26E-04
2.54361	160	1.50E-03	2.62E-04
2.54421	160	1.50E-03	2.62E-04
2.54724	160	1.10E-03	2.30E-04
2.54784	160	1.30E-03	2.52E-04
2.54905	160	1.20E-03	2.44E-04
2.54965	160	1.20E-03	2.48E-04
2.55026	160	1.30E-03	2.62E-04
2.55086	160	1.50E-03	2.81E-04
2.55127	160	1.60E-03	2.98E-04
2.55167	160	1.30E-03	2.74E-04
2.55207	160	1.40E-03	2.95E-04
2.55247	160	1.40E-03	3.02E-04
2.55288	160	1.50E-03	3.29E-04
2.55328	160	1.40E-03	3.37E-04
2.55348	160	1.30E-03	3.37E-04
2.55368	160	1.40E-03	3.63E-04
2.55388	160	1.50E-03	4.01E-04
2.55399	160	1.30E-03	3.82E-04
2.55409	160	1.70E-03	4.40E-04
2.55419	160	1.80E-03	4.63E-04
2.55429	160	1.20E-03	3.85E-04
2.55449	160	1.60E-03	4.63E-04
2.55489	160	1.80E-03	5.15E-04
2.55509	160	1.70E-03	5.07E-04
2.55529	160	1.30E-03	4.33E-04
2.55550	160	1.10E-03	3.91E-04
2.55570	160	1.80E-03	4.85E-04
2.55610	160	1.50E-03	4.13E-04
2.55630	160	1.10E-03	3.38E-04
2.55650	160	1.50E-03	3.82E-04
2.55670	160	1.50E-03	3.66E-04
2.55691	160	1.30E-03	3.30E-04
2.55711	160	1.50E-03	3.48E-04
2.55731	160	1.30E-03	3.16E-04
2.55751	160	1.60E-03	3.41E-04
2.55771	160	1.50E-03	3.28E-04
2.55791	160	1.60E-03	3.28E-04
2.55811	160	1.40E-03	3.03E-04
2.55832	160	1.30E-03	2.85E-04
2.55872	160	1.80E-03	3.29E-04
2.55912	160	1.40E-03	2.87E-04
2.55952	160	1.40E-03	2.83E-04
2.55993	160	1.40E-03	2.79E-04
2.56033	160	1.60E-03	2.96E-04
2.56154	160	1.90E-03	3.07E-04
2.56214	160	1.60E-03	2.82E-04
2.56275	160	1.60E-03	2.78E-04
2.56335	160	1.10E-03	2.32E-04
2.56396	160	1.70E-03	2.90E-04
2.56456	160	1.50E-03	2.71E-04
2.56637	160	1.80E-03	2.87E-04
2.56678	160	1.80E-03	2.80E-04
2.56718	160	1.20E-03	2.35E-04
2.56758	160	1.30E-03	2.40E-04
2.56799	160	2.20E-03	3.15E-04
2.56839	160	2.10E-03	2.99E-04
2.56879	160	2.10E-03	3.08E-04
2.56919	160	1.90E-03	2.92E-04
2.56960	160	1.30E-03	2.39E-04
2.57000	160	1.20E-03	2.31E-04
2.57040	160	1.60E-03	2.60E-04
2.57081	160	1.60E-03	2.60E-04
2.57121	160	1.90E-03	2.86E-04
2.57161	160	1.50E-03	2.53E-04
2.57201	160	1.50E-03	2.53E-04
2.57242	160	1.40E-03	2.40E-04
2.57282	160	1.80E-03	2.65E-04
2.57322	160	1.70E-03	2.59E-04
2.57363	160	1.90E-03	2.75E-04
2.57403	160	2.40E-03	3.03E-04
2.57443	160	2.40E-03	3.03E-04
2.57484	160	2.50E-03	3.07E-04
2.57524	160	2.80E-03	3.27E-04
2.57564	160	3.20E-03	3.51E-04
2.57604	160	3.20E-03	3.43E-04
2.57645	160	2.50E-03	3.08E-04
2.57685	160	3.10E-03	3.40E-04
2.57806	160	3.30E-03	3.60E-04
2.57846	160	3.30E-03	3.59E-04
2.57886	160	3.10E-03	3.55E-04
2.57927	160	2.70E-03	3.32E-04
2.57967	160	3.10E-03	3.56E-04
2.58007	160	2.80E-03	3.34E-04
2.58048	160	3.30E-03	3.61E-04
2.58088	160	3.20E-03	3.57E-04
2.58128	160	3.10E-03	3.56E-04
2.58168	160	3.50E-03	3.74E-04
2.58209	160	3.30E-03	3.72E-04
2.58249	160	3.80E-03	3.95E-04
2.58289	160	3.50E-03	3.81E-04
2.58330	160	3.10E-03	3.61E-04
2.58370	160	2.80E-03	3.49E-04
2.58410	160	2.60E-03	3.33E-04
2.58450	160	3.60E-03	3.90E-04
2.58491	160	3.10E-03	3.65E-04
2.58531	160	3.70E-03	3.96E-04
2.58571	160	3.30E-03	3.81E-04
2.58612	160	3.30E-03	3.84E-04
2.58652	160	3.20E-03	3.76E-04
2.58692	160	2.80E-03	3.50E-04
2.58733	160	2.50E-03	3.29E-04
2.58773	160	3.20E-03	3.81E-04
2.58813	160	3.30E-03	3.87E-04
2.58853	160	2.60E-03	3.42E-04
2.58894	160	2.80E-03	3.54E-04
2.58934	160	2.80E-03	3.60E-04
2.58974	160	2.40E-03	3.33E-04
2.59055	160	2.70E-03	3.50E-04
2.59095	160	2.30E-03	3.23E-04
2.59135	160	2.10E-03	3.08E-04
2.59176	160	2.40E-03	3.35E-04
2.59216	160	2.50E-03	3.39E-04
2.59256	160	2.60E-03	3.43E-04
2.59297	160	2.80E-03	3.52E-04
2.59337	160	2.60E-03	3.39E-04
2.59377	160	2.50E-03	3.31E-04
2.59458	160	2.40E-03	3.22E-04
2.59498	160	2.70E-03	3.42E-04
2.59538	160	2.20E-03	3.05E-04
2.59579	160	2.80E-03	3.44E-04
2.59619	160	2.80E-03	3.45E-04
2.59659	160	2.70E-03	3.45E-04
2.59699	160	2.50E-03	3.32E-04
2.59740	160	2.50E-03	3.33E-04
2.59780	160	2.90E-03	3.71E-04
2.59820	160	3.30E-03	4.07E-04
2.59861	160	3.20E-03	4.09E-04
2.59901	160	3.60E-03	4.37E-04
2.59941	160	3.10E-03	4.00E-04
2.60022	160	3.30E-03	4.22E-04
2.60062	160	3.40E-03	4.37E-04
2.60102	160	4.10E-03	4.78E-04
2.60143	160	3.70E-03	4.48E-04
2.60163	160	3.50E-03	4.40E-04
2.60183	160	3.50E-03	4.43E-04
2.60223	160	3.20E-03	4.17E-04
2.60264	160	3.60E-03	4.46E-04
2.60304	160	3.80E-03	4.55E-04
2.60344	160	3.90E-03	4.66E-04
2.60384	160	3.70E-03	4.61E-04
2.60405	160	3.50E-03	4.43E-04
2.60425	160	3.10E-03	4.09E-04
2.60465	160	3.90E-03	4.35E-04
2.60485	160	3.30E-03	3.96E-04
2.60505	160	3.20E-03	3.97E-04
2.60525	160	3.50E-03	4.17E-04
2.60546	160	3.20E-03	3.91E-04
2.60566	160	3.30E-03	4.07E-04
2.60586	160	3.20E-03	4.04E-04
2.60606	160	3.50E-03	4.18E-04
2.60646	160	3.30E-03	4.11E-04
2.60687	160	3.20E-03	4.02E-04
2.60727	160	2.80E-03	3.82E-04
2.60767	160	3.10E-03	3.93E-04
2.60807	160	3.20E-03	4.04E-04
2.60848	160	2.50E-03	3.54E-04
2.60888	160	2.90E-03	3.81E-04
2.60928	160	2.90E-03	3.79E-04
2.60969	160	2.80E-03	3.70E-04
2.61009	160	2.70E-03	3.67E-04
2.61049	160	2.90E-03	3.79E-04
2.61090	160	2.70E-03	3.67E-04
2.61130	160	2.30E-03	3.35E-04
2.61170	160	2.70E-03	3.59E-04
2.61210	160	2.40E-03	3.42E-04
2.61251	160	2.10E-03	3.19E-04
2.61291	160	2.50E-03	3.51E-04
2.61311	160	2.50E-03	3.72E-04
2.61341	160	2.10E-03	4.26E-04
2.61351	160	2.20E-03	4.65E-04
2.61361	160	2.60E-03	5.24E-04
2.61372	160	2.10E-03	4.62E-04
2.61382	160	2.50E-03	4.87E-04
2.61392	160	2.50E-03	4.51E-04
2.61412	160	1.70E-03	3.40E-04
2.61422	160	2.10E-03	3.72E-04
2.61432	160	2.10E-03	3.59E-04
2.61452	160	2.50E-03	3.81E-04
2.61472	160	2.30E-03	3.51E-04
2.61492	160	1.90E-03	3.23E-04
2.61513	160	2.20E-03	3.39E-04
2.61553	160	2.60E-03	3.67E-04
2.61633	160	2.30E-03	3.42E-04
2.61674	160	2.10E-03	3.22E-04
2.61734	160	1.10E-03	2.33E-04
2.61795	160	2.40E-03	3.42E-04
2.61855	160	1.70E-03	2.85E-04
2.61916	160	1.40E-03	2.62E-04
2.61976	160	1.60E-03	2.76E-04
2.62036	160	1.70E-03	2.84E-04
2.62097	160	1.90E-03	3.01E-04
2.62157	160	1.30E-03	2.49E-04
2.62278	160	1.80E-03	2.93E-04
2.62339	160	1.50E-03	2.60E-04
2.62399	160	1.50E-03	2.64E-04
2.62459	160	1.70E-03	2.80E-04
2.62520	160	1.70E-03	2.80E-04
2.62580	160	1.60E-03	2.68E-04
2.62641	160	1.60E-03	2.69E-04
2.62701	160	1.70E-03	2.78E-04
2.62822	160	1.70E-03	2.73E-04
2.62883	160	1.30E-03	2.37E-04
2.62943	160	1.50E-03	2.69E-04
2.63003	160	1.40E-03	2.58E-04
2.63064	160	1.40E-03	2.62E-04
2.63124	160	1.80E-03	2.95E-04
2.63185	160	1.70E-03	2.84E-04
2.63245	160	1.40E-03	2.61E-04
2.63306	160	1.60E-03	2.77E-04
2.63366	160	1.80E-03	2.91E-04
2.63426	160	1.30E-03	2.45E-04
2.63487	160	1.30E-03	2.45E-04
2.63547	160	1.40E-03	2.53E-04
2.63668	160	1.10E-03	2.19E-04
2.63789	160	1.40E-03	2.49E-04
2.63850	160	1.50E-03	2.59E-04
2.63910	160	1.20E-03	2.30E-04
2.63970	160	1.20E-03	2.28E-04
2.64031	160	1.50E-03	2.54E-04
2.64091	160	1.10E-03	2.14E-04
2.64212	160	1.40E-03	2.47E-04
2.64333	160	1.40E-03	2.42E-04
2.64393	160	1.20E-03	2.26E-04
2.64454	160	1.30E-03	2.33E-04
2.64575	160	1.10E-03	2.11E-04
2.64635	160	1.50E-03	2.49E-04
2.64756	160	1.80E-03	2.67E-04
2.64817	160	1.30E-03	2.26E-04
2.64877	160	1.20E-03	2.14E-04
2.64937	160	1.20E-03	2.16E-04
2.65058	160	1.40E-03	2.26E-04
2.65119	160	1.20E-03	2.09E-04
2.65179	160	1.50E-03	2.37E-04
2.65240	160	1.20E-03	2.09E-04
2.65360	160	1.20E-03	2.07E-04
2.65421	160	1.50E-03	2.30E-04
2.65542	160	1.50E-03	2.28E-04
2.65602	160	1.10E-03	1.95E-04
2.65784	160	1.20E-03	2.02E-04
2.65844	160	1.20E-03	1.98E-04
2.65904	160	1.20E-03	2.02E-04
2.65965	160	1.30E-03	2.05E-04
2.66146	160	1.20E-03	2.01E-04
2.66207	160	1.20E-03	1.99E-04
2.66328	160	1.10E-03	1.99E-04
2.66388	160	1.20E-03	2.11E-04
2.66448	160	1.20E-03	2.09E-04
2.66630	160	1.20E-03	2.24E-04
2.66932	160	1.10E-03	2.38E-04
2.67174	160	1.10E-03	2.57E-04
2.67738	160	1.40E-03	2.93E-04
2.68040	160	1.10E-03	2.50E-04
2.68221	160	1.10E-03	2.44E-04
2.68282	160	1.20E-03	2.56E-04
2.68342	160	1.50E-03	2.85E-04
2.68403	160	1.10E-03	2.42E-04
2.68463	160	1.70E-03	2.98E-04
2.68523	160	1.20E-03	2.48E-04
2.68705	160	1.20E-03	2.45E-04
2.68826	160	1.20E-03	2.47E-04
2.68886	160	1.10E-03	2.37E-04
2.68947	160	1.70E-03	2.93E-04
2.69007	160	1.80E-03	2.85E-04
2.69067	160	1.40E-03	2.51E-04
2.69128	160	1.80E-03	2.81E-04
2.69188	160	1.50E-03	2.56E-04
2.69309	160	1.10E-03	2.19E-04
2.69370	160	1.50E-03	2.54E-04
2.69430	160	1.50E-03	2.46E-04
2.69491	160	1.80E-03	2.66E-04
2.69551	160	1.70E-03	2.56E-04
2.69611	160	1.50E-03	2.42E-04
2.69672	160	1.80E-03	2.64E-04
2.69732	160	1.90E-03	2.76E-04
2.69793	160	1.70E-03	2.56E-04
2.69853	160	1.60E-03	2.44E-04
2.69914	160	2.30E-03	2.90E-04
2.69974	160	2.20E-03	2.82E-04
2.70035	160	1.60E-03	2.40E-04
2.70095	160	1.40E-03	2.23E-04
2.70155	160	2.10E-03	2.71E-04
2.70216	160	1.80E-03	2.51E-04
2.70276	160	1.80E-03	2.44E-04
2.70337	160	1.60E-03	2.32E-04
2.70397	160	1.90E-03	2.51E-04
2.70518	160	1.60E-03	2.24E-04
2.70578	160	2.30E-03	2.71E-04
2.70639	160	2.30E-03	2.65E-04
2.70699	160	2.30E-03	2.63E-04
2.70760	160	3.10E-03	3.05E-04
2.70820	160	2.30E-03	2.55E-04
2.70881	160	2.80E-03	2.87E-04
2.70941	160	2.60E-03	2.70E-04
2.71002	160	2.50E-03	2.61E-04
2.71062	160	2.50E-03	2.52E-04
2.71122	160	2.90E-03	2.84E-04
2.71183	160	3.20E-03	3.05E-04
2.71193	160	3.20E-03	3.18E-04
2.71203	160	3.30E-03	3.24E-04
2.71213	160	3.10E-03	3.26E-04
2.71223	160	3.30E-03	3.40E-04
2.71243	160	3.40E-03	3.78E-04
2.71263	160	3.40E-03	4.14E-04
2.71284	160	3.50E-03	4.50E-04
2.71304	160	3.80E-03	4.93E-04
2.71324	160	3.60E-03	4.88E-04
2.71384	160	3.60E-03	4.76E-04
2.71405	160	3.20E-03	4.26E-04
2.71425	160	3.80E-03	4.62E-04
2.71445	160	3.20E-03	4.09E-04
2.71465	160	3.10E-03	3.97E-04
2.71485	160	3.20E-03	3.92E-04
2.71505	160	3.80E-03	4.18E-04
2.71525	160	3.10E-03	3.76E-04
2.71546	160	3.90E-03	4.19E-04
2.71566	160	3.50E-03	3.90E-04
2.71606	160	3.20E-03	3.68E-04
2.71646	160	3.60E-03	3.87E-04
2.71727	160	3.50E-03	3.82E-04
2.71767	160	4.10E-03	4.15E-04
2.71807	160	3.90E-03	4.10E-04
2.71848	160	3.70E-03	4.04E-04
2.71908	160	4.80E-03	4.78E-04
2.71969	160	4.50E-03	5.04E-04
2.71989	160	4.40E-03	5.07E-04
2.72029	160	4.10E-03	5.46E-04
2.72049	160	4.20E-03	5.83E-04
2.72069	160	4.50E-03	6.35E-04
2.72110	160	4.40E-03	6.67E-04
2.72130	160	4.30E-03	6.57E-04
2.72150	160	4.40E-03	6.22E-04
2.72170	160	4.60E-03	5.62E-04
2.72190	160	4.60E-03	5.25E-04
2.72210	160	4.40E-03	4.59E-04
2.72231	160	4.90E-03	4.53E-04
2.72251	160	4.60E-03	4.12E-04
2.72291	160	4.70E-03	3.84E-04
2.72311	160	4.90E-03	3.94E-04
2.72331	160	4.40E-03	3.74E-04
2.72351	160	4.70E-03	3.88E-04
2.72372	160	4.80E-03	3.92E-04
2.72412	160	4.70E-03	3.97E-04
2.72452	160	4.70E-03	4.25E-04
2.72472	160	4.40E-03	4.27E-04
2.72492	160	4.60E-03	4.64E-04
2.72513	160	4.50E-03	4.89E-04
2.72533	160	4.50E-03	5.29E-04
2.72553	160	5.20E-03	6.20E-04
2.72573	160	4.70E-03	6.36E-04
2.72593	160	4.10E-03	5.66E-04
2.72613	160	4.50E-03	5.37E-04
2.72634	160	4.30E-03	4.52E-04
2.72654	160	4.80E-03	4.18E-04
2.72674	160	4.10E-03	3.40E-04
2.72694	160	4.40E-03	3.34E-04
2.72714	160	3.70E-03	2.87E-04
2.72734	160	3.80E-03	2.91E-04
2.72754	160	4.30E-03	3.00E-04
2.72775	160	4.10E-03	2.92E-04
2.72795	160	4.30E-03	3.00E-04
2.72815	160	3.90E-03	2.91E-04
2.72855	160	3.60E-03	2.77E-04
2.72895	160	3.70E-03	2.79E-04
2.72936	160	3.60E-03	2.85E-04
2.72976	160	3.60E-03	2.90E-04
2.73036	160	3.30E-03	2.78E-04
2.73097	160	2.60E-03	2.47E-04
2.73157	160	3.10E-03	2.75E-04
2.73218	160	3.20E-03	2.87E-04
2.73278	160	2.60E-03	2.48E-04
2.73339	160	2.10E-03	2.37E-04
2.73399	160	2.40E-03	2.42E-04
2.73460	160	2.50E-03	2.51E-04
2.73520	160	2.20E-03	2.37E-04
2.73641	160	2.10E-03	2.37E-04
2.73701	160	1.20E-03	1.77E-04
2.73762	160	1.60E-03	2.06E-04
2.73822	160	1.50E-03	2.00E-04
2.73883	160	1.30E-03	1.90E-04
2.73943	160	1.30E-03	1.97E-04
2.73973	160	1.10E-03	1.83E-04
2.73993	160	1.50E-03	2.27E-04
2.74165	160	1.10E-03	1.88E-04
2.74185	160	1.30E-03	2.01E-04
2.74406	160	1.10E-03	1.75E-04
2.77227	160	1.30E-03	3.32E-04
2.77409	160	1.20E-03	3.15E-04
2.77590	160	1.10E-03	3.01E-04
2.77832	160	1.10E-03	2.97E-04
2.78376	160	1.20E-03	2.96E-04
2.78497	160	1.50E-03	3.27E-04
2.78738	160	1.50E-03	3.22E-04
2.78920	160	1.20E-03	2.84E-04
2.79041	160	1.10E-03	2.67E-04
2.79101	160	1.30E-03	2.89E-04
2.79161	160	1.10E-03	2.66E-04
2.79222	160	1.40E-03	2.97E-04
2.79403	160	1.40E-03	2.92E-04
2.79464	160	1.10E-03	2.60E-04
2.79524	160	1.20E-03	2.74E-04
2.79544	160	1.30E-03	2.79E-04
2.79605	160	1.30E-03	2.80E-04
2.79665	160	1.30E-03	2.78E-04
2.79846	160	1.30E-03	2.75E-04
2.79907	160	1.20E-03	2.61E-04
2.80028	160	1.70E-03	3.10E-04
2.80088	160	1.60E-03	3.01E-04
2.80108	160	1.40E-03	2.81E-04
2.80129	160	1.20E-03	2.59E-04
2.80169	160	1.20E-03	2.56E-04
2.80209	160	2.20E-03	3.53E-04
2.80290	160	1.50E-03	2.87E-04
2.80330	160	1.30E-03	2.67E-04
2.80370	160	1.50E-03	2.87E-04
2.80411	160	1.30E-03	2.64E-04
2.80451	160	1.30E-03	2.63E-04
2.80491	160	1.70E-03	3.01E-04
2.80532	160	1.20E-03	2.49E-04
2.80572	160	1.40E-03	2.73E-04
2.80612	160	1.90E-03	3.12E-04
2.80632	160	1.70E-03	2.93E-04
2.80673	160	1.50E-03	2.79E-04
2.80713	160	2.10E-03	3.27E-04
2.80753	160	2.10E-03	3.28E-04
2.80773	160	1.40E-03	2.63E-04
2.80793	160	2.20E-03	3.34E-04
2.80804	160	2.30E-03	3.40E-04
2.80814	160	1.70E-03	2.92E-04
2.80824	160	1.50E-03	2.76E-04
2.80834	160	1.70E-03	2.88E-04
2.80844	160	1.60E-03	2.80E-04
2.80854	160	2.10E-03	3.24E-04
2.80864	160	2.10E-03	3.22E-04
2.80874	160	1.40E-03	2.66E-04
2.80894	160	1.90E-03	3.10E-04
2.80914	160	1.40E-03	2.67E-04
2.80924	160	1.20E-03	2.53E-04
2.80935	160	1.80E-03	3.10E-04
2.80945	160	1.60E-03	2.92E-04
2.80955	160	1.50E-03	2.82E-04
2.80965	160	1.60E-03	2.95E-04
2.80975	160	1.60E-03	3.00E-04
2.80985	160	1.80E-03	3.14E-04
2.80995	160	1.60E-03	3.05E-04
2.81005	160	1.40E-03	2.83E-04
2.81015	160	1.30E-03	2.77E-04
2.81025	160	1.70E-03	3.13E-04
2.81035	160	1.80E-03	3.21E-04
2.81045	160	1.50E-03	2.96E-04
2.81055	160	1.40E-03	2.90E-04
2.81065	160	1.40E-03	2.86E-04
2.81076	160	1.50E-03	3.01E-04
2.81096	160	1.10E-03	2.56E-04
2.81106	160	1.70E-03	3.27E-04
2.81116	160	1.50E-03	3.03E-04
2.81126	160	1.40E-03	2.87E-04
2.81136	160	1.90E-03	3.35E-04
2.81146	160	1.70E-03	3.17E-04
2.81156	160	1.80E-03	3.30E-04
2.81166	160	1.40E-03	2.89E-04
2.81176	160	1.40E-03	2.88E-04
2.81186	160	1.80E-03	3.29E-04
2.81196	160	1.70E-03	3.17E-04
2.81207	160	1.50E-03	3.02E-04
2.81217	160	1.60E-03	3.13E-04
2.81227	160	1.30E-03	2.79E-04
2.81237	160	1.30E-03	2.80E-04
2.81247	160	1.50E-03	2.96E-04
2.81257	160	2.10E-03	3.52E-04
2.81267	160	2.20E-03	3.67E-04
2.81277	160	1.60E-03	3.09E-04
2.81287	160	1.20E-03	2.69E-04
2.81297	160	2.30E-03	3.70E-04
2.81307	160	2.20E-03	3.69E-04
2.81317	160	1.70E-03	3.18E-04
2.81327	160	1.70E-03	3.22E-04
2.81337	160	1.50E-03	2.98E-04
2.81358	160	2.30E-03	3.68E-04
2.81378	160	1.60E-03	3.10E-04
2.81398	160	1.90E-03	3.26E-04
2.81418	160	1.90E-03	3.24E-04
2.81438	160	1.50E-03	2.83E-04
2.81458	160	1.10E-03	2.38E-04
2.81479	160	1.70E-03	2.96E-04
2.81499	160	1.80E-03	2.98E-04
2.81539	160	2.50E-03	3.55E-04
2.81579	160	1.20E-03	2.41E-04
2.81599	160	1.90E-03	3.08E-04
2.81640	160	1.80E-03	2.96E-04
2.81660	160	2.30E-03	3.36E-04
2.81680	160	2.10E-03	3.17E-04
2.81700	160	1.70E-03	2.83E-04
2.81720	160	2.20E-03	3.30E-04
2.81740	160	2.30E-03	3.31E-04
2.81761	160	1.80E-03	2.94E-04
2.81801	160	2.40E-03	3.42E-04
2.81821	160	2.70E-03	3.64E-04
2.81841	160	2.20E-03	3.26E-04
2.81881	160	2.10E-03	3.14E-04
2.81922	160	2.60E-03	3.57E-04
2.81962	160	2.80E-03	3.69E-04
2.82002	160	2.60E-03	3.57E-04
2.82043	160	2.20E-03	3.29E-04
2.82083	160	2.30E-03	3.36E-04
2.82123	160	1.80E-03	2.96E-04
2.82164	160	2.60E-03	3.54E-04
2.82204	160	2.40E-03	3.38E-04
2.82264	160	2.70E-03	3.59E-04
2.82325	160	2.60E-03	3.50E-04
2.82385	160	2.70E-03	3.60E-04
2.82446	160	2.30E-03	3.34E-04
2.82506	160	2.50E-03	3.40E-04
2.82567	160	2.20E-03	3.18E-04
2.82627	160	2.40E-03	3.39E-04
2.82687	160	2.40E-03	3.34E-04
2.82748	160	2.30E-03	3.24E-04
2.82808	160	2.10E-03	3.13E-04
2.82869	160	2.20E-03	3.20E-04
2.82929	160	1.50E-03	2.65E-04
2.82990	160	1.90E-03	2.94E-04
2.83050	160	1.70E-03	2.80E-04
2.83111	160	2.20E-03	3.17E-04
2.83231	160	2.30E-03	3.28E-04
2.83292	160	1.60E-03	2.73E-04
2.83352	160	2.40E-03	3.34E-04
2.83413	160	1.90E-03	2.94E-04
2.83473	160	2.30E-03	3.25E-04
2.83534	160	1.70E-03	2.78E-04
2.83594	160	1.50E-03	2.61E-04
2.83655	160	2.40E-03	3.29E-04
2.83715	160	2.10E-03	3.12E-04
2.83896	160	2.20E-03	3.18E-04
2.84078	160	2.40E-03	3.25E-04
2.84138	160	2.20E-03	3.13E-04
2.84199	160	2.30E-03	3.21E-04
2.84259	160	1.90E-03	2.79E-04
2.84320	160	2.10E-03	2.99E-04
2.84380	160	2.50E-03	3.26E-04
2.84440	160	2.20E-03	3.12E-04
2.84501	160	2.60E-03	3.41E-04
2.84531	160	1.80E-03	2.77E-04
2.84541	160	2.20E-03	2.90E-04
2.84551	160	2.50E-03	3.02E-04
2.84561	160	1.90E-03	2.50E-04
2.84571	160	2.30E-03	2.70E-04
2.84581	160	2.40E-03	2.72E-04
2.84592	160	1.50E-03	2.18E-04
2.84602	160	2.40E-03	2.77E-04
2.84612	160	1.90E-03	2.51E-04
2.84622	160	1.70E-03	2.40E-04
2.84632	160	2.20E-03	2.74E-04
2.84642	160	1.60E-03	2.34E-04
2.84652	160	2.30E-03	2.80E-04
2.84662	160	2.40E-03	2.91E-04
2.84672	160	1.80E-03	2.58E-04
2.84682	160	1.90E-03	2.64E-04
2.84692	160	2.10E-03	2.73E-04
2.84702	160	2.30E-03	2.92E-04
2.84712	160	2.70E-03	3.18E-04
2.84723	160	2.30E-03	2.90E-04
2.84733	160	2.40E-03	2.97E-04
2.84743	160	2.20E-03	2.81E-04
2.84753	160	2.30E-03	2.95E-04
2.84763	160	2.20E-03	2.85E-04
2.84773	160	1.90E-03	2.65E-04
2.84783	160	2.70E-03	3.16E-04
2.84793	160	2.20E-03	2.86E-04
2.84803	160	2.20E-03	2.86E-04
2.84813	160	1.80E-03	2.67E-04
2.84823	160	2.70E-03	3.24E-04
2.84833	160	2.50E-03	3.06E-04
2.84843	160	2.60E-03	3.20E-04
2.84853	160	2.30E-03	2.93E-04
2.84864	160	1.90E-03	2.74E-04
2.84874	160	2.80E-03	3.26E-04
2.84884	160	2.40E-03	3.05E-04
2.84894	160	2.40E-03	3.04E-04
2.84904	160	2.40E-03	3.12E-04
2.84914	160	2.10E-03	2.85E-04
2.84944	160	2.20E-03	2.94E-04
2.84964	160	2.20E-03	3.04E-04
2.85005	160	2.70E-03	3.84E-04
2.85015	160	2.60E-03	3.78E-04
2.85025	160	2.20E-03	3.49E-04
2.85035	160	2.10E-03	3.29E-04
2.85045	160	1.90E-03	2.90E-04
2.85055	160	2.70E-03	3.31E-04
2.85065	160	1.40E-03	2.28E-04
2.85075	160	2.20E-03	2.83E-04
2.85085	160	2.30E-03	2.83E-04
2.85095	160	2.40E-03	2.91E-04
2.85105	160	2.10E-03	2.74E-04
2.85125	160	2.80E-03	3.10E-04
2.85146	160	2.70E-03	3.13E-04
2.85166	160	1.50E-03	2.36E-04
2.85186	160	2.20E-03	2.79E-04
2.85206	160	1.90E-03	2.58E-04
2.85246	160	2.80E-03	3.14E-04
2.85287	160	2.30E-03	2.87E-04
2.85327	160	2.50E-03	2.97E-04
2.85367	160	2.30E-03	2.86E-04
2.85408	160	2.40E-03	2.86E-04
2.85448	160	2.50E-03	2.98E-04
2.85488	160	2.10E-03	2.70E-04
2.85528	160	2.60E-03	3.01E-04
2.85569	160	2.50E-03	2.94E-04
2.85609	160	2.30E-03	2.81E-04
2.85649	160	2.90E-03	3.14E-04
2.85690	160	2.80E-03	3.05E-04
2.85730	160	2.90E-03	3.04E-04
2.85770	160	2.70E-03	2.92E-04
2.85831	160	2.90E-03	3.06E-04
2.85851	160	2.80E-03	2.97E-04
2.85871	160	3.20E-03	3.22E-04
2.85891	160	2.80E-03	2.98E-04
2.85911	160	2.70E-03	2.89E-04
2.85931	160	2.70E-03	2.93E-04
2.85972	160	3.10E-03	3.04E-04
2.86073	160	2.40E-03	2.53E-04
2.86113	160	2.30E-03	2.83E-04
2.86193	160	2.40E-03	2.88E-04
2.86274	160	3.50E-03	3.50E-04
2.86435	160	2.80E-03	2.74E-04
2.86516	160	3.20E-03	3.09E-04
2.86596	160	2.80E-03	3.14E-04
2.86657	160	3.40E-03	4.42E-04
2.86697	160	3.40E-03	5.39E-04
2.86737	160	3.90E-03	6.45E-04
2.86778	160	2.80E-03	5.73E-04
2.86818	160	3.30E-03	6.23E-04
2.86858	160	3.10E-03	5.90E-04
2.86899	160	4.30E-03	6.75E-04
2.86939	160	3.60E-03	6.11E-04
2.86979	160	3.40E-03	5.80E-04
2.87060	160	4.10E-03	6.37E-04
2.87100	160	3.80E-03	6.20E-04
2.87140	160	3.90E-03	6.39E-04
2.87181	160	3.60E-03	6.37E-04
2.87221	160	4.30E-03	7.25E-04
2.87261	160	3.80E-03	7.21E-04
2.87302	160	4.50E-03	8.36E-04
2.87342	160	4.40E-03	9.05E-04
2.87382	160	4.10E-03	9.43E-04
2.87423	160	4.50E-03	1.05E-03
2.87463	160	3.90E-03	1.03E-03
2.87543	160	3.60E-03	9.81E-04
2.87584	160	4.10E-03	9.91E-04
2.87624	160	4.50E-03	9.71E-04
2.87664	160	4.30E-03	8.72E-04
2.87705	160	4.50E-03	8.33E-04
2.87745	160	4.70E-03	8.02E-04
2.87785	160	4.40E-03	7.41E-04
2.87826	160	4.80E-03	7.24E-04
2.87866	160	4.30E-03	6.62E-04
2.87906	160	4.40E-03	6.45E-04
2.87946	160	4.70E-03	6.40E-04
2.87987	160	4.20E-03	5.93E-04
2.88027	160	4.90E-03	6.29E-04
2.88067	160	4.40E-03	5.82E-04
2.88128	160	4.40E-03	5.69E-04
2.88188	160	4.60E-03	5.73E-04
2.88349	160	4.50E-03	5.51E-04
2.88430	160	4.10E-03	5.20E-04
2.88511	160	4.20E-03	5.25E-04
2.88732	160	3.50E-03	4.77E-04
2.88853	160	3.30E-03	4.62E-04
2.88974	160	3.70E-03	5.02E-04
2.89095	160	3.30E-03	4.69E-04
2.89216	160	2.90E-03	4.44E-04
2.89458	160	2.70E-03	4.40E-04
2.89579	160	2.30E-03	4.03E-04
2.89699	160	2.70E-03	4.38E-04
2.89820	160	1.90E-03	3.68E-04
2.89941	160	2.10E-03	3.87E-04
2.90183	160	1.40E-03	3.11E-04
2.90304	160	1.80E-03	3.41E-04
2.90546	160	1.70E-03	3.26E-04
2.90667	160	1.80E-03	3.36E-04
2.90788	160	1.90E-03	3.38E-04
2.90908	160	1.50E-03	2.91E-04
2.90949	160	2.20E-03	3.56E-04
2.90969	160	2.40E-03	3.75E-04
2.90989	160	1.80E-03	3.26E-04
2.91009	160	1.80E-03	3.29E-04
2.91029	160	2.90E-03	4.29E-04
2.91050	160	3.10E-03	4.56E-04
2.91070	160	2.80E-03	4.57E-04
2.91110	160	2.70E-03	4.56E-04
2.91130	160	2.70E-03	4.44E-04
2.91150	160	2.30E-03	4.01E-04
2.91191	160	2.20E-03	3.72E-04
2.91231	160	2.50E-03	3.90E-04
2.91271	160	2.40E-03	3.81E-04
2.91311	160	2.80E-03	4.05E-04
2.91372	160	3.20E-03	4.32E-04
2.91453	160	2.30E-03	3.65E-04
2.91533	160	2.80E-03	4.01E-04
2.91614	160	2.10E-03	3.44E-04
2.91694	160	1.20E-03	2.60E-04
2.91775	160	1.30E-03	2.65E-04
2.91956	160	1.20E-03	2.57E-04
2.91997	160	1.20E-03	2.60E-04
2.92037	160	1.50E-03	3.18E-04
2.92138	160	1.10E-03	2.46E-04
2.92158	160	1.20E-03	2.60E-04
3.05962	160	1.10E-03	2.03E-04
3.06203	160	1.30E-03	2.18E-04

