2.42859	120	1.00E-04	1.00E-05
2.42919	120	1.00E-04	1.00E-05
2.42980	120	1.00E-04	1.00E-05
2.43161	120	2.00E-04	2.00E-05
2.43222	120	1.00E-04	1.00E-05
2.43282	120	1.00E-04	1.00E-05
2.43342	120	2.00E-04	2.00E-05
2.43403	120	1.00E-04	1.00E-05
2.43463	120	1.00E-04	1.00E-05
2.43524	120	1.00E-04	1.00E-05
2.43645	120	1.00E-04	1.00E-05
2.43705	120	2.00E-04	2.00E-05
2.43765	120	1.00E-04	1.00E-05
2.43826	120	1.00E-04	1.00E-05
2.43886	120	1.00E-04	1.00E-05
2.43947	120	1.00E-04	1.00E-05
2.44007	120	2.00E-04	2.00E-05
2.44068	120	1.00E-04	1.00E-05
2.44128	120	1.00E-04	1.00E-05
2.44188	120	1.00E-04	1.00E-05
2.44309	120	1.00E-04	1.00E-05
2.44491	120	1.00E-04	1.00E-05
2.44672	120	1.00E-04	1.00E-05
2.44732	120	2.00E-04	2.00E-05
2.44793	120	1.00E-04	1.00E-05
2.44853	120	1.00E-04	1.00E-05
2.44914	120	1.00E-04	1.00E-05
2.45034	120	2.00E-04	2.00E-05
2.45095	120	1.00E-04	1.00E-05
2.45155	120	1.00E-04	1.00E-05
2.45216	120	1.00E-04	1.00E-05
2.45276	120	1.00E-04	1.00E-05
2.45337	120	1.00E-04	1.00E-05
2.45397	120	2.00E-04	2.00E-05
2.45457	120	1.00E-04	1.00E-05
2.45518	120	2.00E-04	2.00E-05
2.45699	120	2.00E-04	2.00E-05
2.45760	120	1.00E-04	1.00E-05
2.45820	120	2.00E-04	2.00E-05
2.45880	120	1.00E-04	1.00E-05
2.46001	120	3.00E-04	3.00E-05
2.46122	120	1.00E-04	1.00E-05
2.46183	120	2.00E-04	2.00E-05
2.46243	120	1.00E-04	1.00E-05
2.46303	120	2.00E-04	2.00E-05
2.46364	120	2.00E-04	2.00E-05
2.46485	120	1.00E-04	1.00E-05
2.46545	120	1.00E-04	1.00E-05
2.46606	120	1.00E-04	1.00E-05
2.46666	120	1.00E-04	1.00E-05
2.46787	120	1.00E-04	1.00E-05
2.46847	120	2.00E-04	2.00E-05
2.46908	120	2.00E-04	2.00E-05
2.46968	120	1.00E-04	1.00E-05
2.46988	120	1.00E-04	1.00E-05
2.47008	120	1.00E-04	1.00E-05
2.47019	120	1.00E-04	1.00E-05
2.47029	120	1.00E-04	1.00E-05
2.47039	120	2.00E-04	2.00E-05
2.47049	120	1.00E-04	1.00E-05
2.47069	120	1.00E-04	1.00E-05
2.47079	120	2.00E-04	2.00E-05
2.47099	120	1.00E-04	1.00E-05
2.47109	120	1.00E-04	1.00E-05
2.47119	120	1.00E-04	1.00E-05
2.47129	120	1.00E-04	1.00E-05
2.47139	120	1.00E-04	1.00E-05
2.47149	120	1.00E-04	1.00E-05
2.47160	120	1.00E-04	1.00E-05
2.47170	120	2.00E-04	2.00E-05
2.47180	120	2.00E-04	2.00E-05
2.47190	120	1.00E-04	1.00E-05
2.47200	120	1.00E-04	1.00E-05
2.47230	120	1.00E-04	1.00E-05
2.47250	120	1.00E-04	1.00E-05
2.47270	120	2.00E-04	2.00E-05
2.47290	120	1.00E-04	1.00E-05
2.47301	120	1.00E-04	1.00E-05
2.47311	120	1.00E-04	1.00E-05
2.47321	120	1.00E-04	1.00E-05
2.47331	120	2.00E-04	2.00E-05
2.47361	120	1.00E-04	1.00E-05
2.47371	120	1.00E-04	1.00E-05
2.47411	120	1.00E-04	1.00E-05
2.47431	120	1.00E-04	1.00E-05
2.47452	120	1.00E-04	1.00E-05
2.47472	120	1.00E-04	1.00E-05
2.47532	120	1.00E-04	1.00E-05
2.47552	120	2.00E-04	2.00E-05
2.47572	120	1.00E-04	1.00E-05
2.47593	120	1.00E-04	1.00E-05
2.47613	120	1.00E-04	1.00E-05
2.47633	120	1.00E-04	1.00E-05
2.47653	120	1.00E-04	1.00E-05
2.47673	120	1.00E-04	1.00E-05
2.47693	120	1.00E-04	1.00E-05
2.47734	120	2.00E-04	2.00E-05
2.47754	120	2.00E-04	2.00E-05
2.47774	120	1.00E-04	1.00E-05
2.47794	120	1.00E-04	1.00E-05
2.47814	120	1.00E-04	1.00E-05
2.47854	120	1.00E-04	1.00E-05
2.47895	120	3.00E-04	3.00E-05
2.47935	120	1.00E-04	1.00E-05
2.47975	120	1.00E-04	1.00E-05
2.48016	120	1.00E-04	1.00E-05
2.48056	120	3.00E-04	3.00E-05
2.48096	120	1.00E-04	1.00E-05
2.48136	120	2.00E-04	2.00E-05
2.48177	120	4.00E-04	4.00E-05
2.48217	120	5.00E-04	5.00E-05
2.48257	120	6.00E-04	6.00E-05
2.48298	120	5.00E-04	5.00E-05
2.48338	120	6.00E-04	6.00E-05
2.48378	120	5.00E-04	5.00E-05
2.48398	120	7.00E-04	7.00E-05
2.48419	120	4.00E-04	4.00E-05
2.48439	120	8.00E-04	8.00E-05
2.48459	120	6.00E-04	6.00E-05
2.48479	120	6.00E-04	6.00E-05
2.48499	120	8.00E-04	8.00E-05
2.48519	120	4.00E-04	4.00E-05
2.48539	120	6.00E-04	6.00E-05
2.48560	120	3.00E-04	3.00E-05
2.48580	120	4.00E-04	4.00E-05
2.48600	120	5.00E-04	5.00E-05
2.48620	120	5.00E-04	5.00E-05
2.48630	120	4.00E-04	4.00E-05
2.48640	120	6.00E-04	6.00E-05
2.48650	120	6.00E-04	6.00E-05
2.48670	120	9.00E-04	9.00E-05
2.48680	120	9.00E-04	9.00E-05
2.48690	120	1.30E-03	1.30E-04
2.48721	120	8.00E-04	8.00E-05
2.48741	120	1.50E-03	1.50E-04
2.48751	120	1.50E-03	1.50E-04
2.48761	120	2.40E-03	2.40E-04
2.48771	120	2.90E-03	2.90E-04
2.48781	120	3.30E-03	3.30E-04
2.48791	120	3.90E-03	3.90E-04
2.48801	120	3.80E-03	3.80E-04
2.48811	120	4.60E-03	4.60E-04
2.48821	120	4.90E-03	4.90E-04
2.48831	120	4.60E-03	4.60E-04
2.48842	120	4.10E-03	4.10E-04
2.48852	120	3.20E-03	3.20E-04
2.48882	120	2.10E-03	2.10E-04
2.48902	120	1.50E-03	1.50E-04
2.48922	120	1.30E-03	1.30E-04
2.48942	120	1.20E-03	1.20E-04
2.48962	120	1.10E-03	1.10E-04
2.48983	120	8.00E-04	8.00E-05
2.49003	120	6.00E-04	6.00E-05
2.49023	120	8.00E-04	8.00E-05
2.49043	120	6.00E-04	6.00E-05
2.49063	120	7.00E-04	7.00E-05
2.49083	120	5.00E-04	5.00E-05
2.49124	120	6.00E-04	6.00E-05
2.49164	120	6.00E-04	6.00E-05
2.49204	120	6.00E-04	6.00E-05
2.49265	120	5.00E-04	5.00E-05
2.49325	120	6.00E-04	6.00E-05
2.49385	120	7.00E-04	7.00E-05
2.49446	120	6.00E-04	6.00E-05
2.49506	120	3.00E-04	3.00E-05
2.49567	120	4.00E-04	4.00E-05
2.49627	120	5.00E-04	5.00E-05
2.49688	120	6.00E-04	6.00E-05
2.49748	120	4.00E-04	4.00E-05
2.49808	120	5.00E-04	5.00E-05
2.49869	120	6.00E-04	6.00E-05
2.49929	120	4.00E-04	4.00E-05
2.49990	120	5.00E-04	5.00E-05
2.50050	120	4.00E-04	4.00E-05
2.50111	120	6.00E-04	6.00E-05
2.50171	120	5.00E-04	5.00E-05
2.50231	120	4.00E-04	4.00E-05
2.50292	120	4.00E-04	4.00E-05
2.50352	120	4.00E-04	4.00E-05
2.50413	120	3.00E-04	3.00E-05
2.50473	120	4.00E-04	4.00E-05
2.50534	120	6.00E-04	6.00E-05
2.50594	120	4.00E-04	4.00E-05
2.50654	120	7.00E-04	7.00E-05
2.50715	120	6.00E-04	6.00E-05
2.50836	120	2.00E-04	2.00E-05
2.50957	120	3.00E-04	3.00E-05
2.51017	120	1.00E-04	1.00E-05
2.51078	120	1.00E-04	1.00E-05
2.51138	120	2.00E-04	2.00E-05
2.51259	120	1.00E-04	1.00E-05
2.51319	120	1.00E-04	1.00E-05
2.51380	120	1.00E-04	1.00E-05
2.51501	120	3.00E-04	3.00E-05
2.51561	120	2.00E-04	2.00E-05
2.51621	120	3.00E-04	3.00E-05
2.51642	120	1.00E-04	1.00E-05
2.51662	120	3.00E-04	3.00E-05
2.51672	120	4.00E-04	4.00E-05
2.51682	120	4.00E-04	4.00E-05
2.51692	120	1.10E-03	1.10E-04
2.51702	120	8.00E-04	8.00E-05
2.51712	120	8.00E-04	8.00E-05
2.51722	120	8.00E-04	8.00E-05
2.51732	120	7.00E-04	7.00E-05
2.51742	120	5.00E-04	5.00E-05
2.51752	120	3.00E-04	3.00E-05
2.51762	120	5.00E-04	5.00E-05
2.51772	120	1.00E-04	1.00E-05
2.51783	120	2.00E-04	2.00E-05
2.51803	120	3.00E-04	3.00E-05
2.51823	120	1.00E-04	1.00E-05
2.51843	120	1.00E-04	1.00E-05
2.51883	120	2.00E-04	2.00E-05
2.51924	120	3.00E-04	3.00E-05
2.51964	120	3.00E-04	3.00E-05
2.52004	120	2.00E-04	2.00E-05
2.52065	120	1.00E-04	1.00E-05
2.52125	120	1.00E-04	1.00E-05
2.52367	120	1.00E-04	1.00E-05
2.52427	120	2.00E-04	2.00E-05
2.52548	120	1.00E-04	1.00E-05
2.52608	120	2.00E-04	2.00E-05
2.52669	120	2.00E-04	2.00E-05
2.52729	120	2.00E-04	2.00E-05
2.52850	120	1.00E-04	1.00E-05
2.52971	120	3.00E-04	3.00E-05
2.53032	120	1.00E-04	1.00E-05
2.53092	120	1.00E-04	1.00E-05
2.53152	120	1.00E-04	1.00E-05
2.53334	120	1.00E-04	1.00E-05
2.53394	120	1.00E-04	1.00E-05
2.53515	120	1.00E-04	1.00E-05
2.53575	120	2.00E-04	2.00E-05
2.53696	120	1.00E-04	1.00E-05
2.53757	120	1.00E-04	1.00E-05
2.53817	120	1.00E-04	1.00E-05
2.53878	120	1.00E-04	1.00E-05
2.53938	120	1.00E-04	1.00E-05
2.53998	120	1.00E-04	1.00E-05
2.54059	120	2.00E-04	2.00E-05
2.54119	120	1.00E-04	1.00E-05
2.54240	120	1.00E-04	1.00E-05
2.54301	120	1.00E-04	1.00E-05
2.54361	120	1.00E-04	1.00E-05
2.54724	120	1.00E-04	1.00E-05
2.54784	120	1.00E-04	1.00E-05
2.54845	120	2.00E-04	2.00E-05
2.54905	120	2.00E-04	2.00E-05
2.54965	120	2.00E-04	2.00E-05
2.55026	120	1.00E-04	1.00E-05
2.55167	120	2.00E-04	2.00E-05
2.55207	120	1.00E-04	1.00E-05
2.55247	120	1.00E-04	1.00E-05
2.55288	120	1.00E-04	1.00E-05
2.55328	120	1.00E-04	1.00E-05
2.55348	120	1.00E-04	1.00E-05
2.55368	120	1.00E-04	1.00E-05
2.55388	120	1.00E-04	1.00E-05
2.55399	120	2.00E-04	2.00E-05
2.55409	120	1.00E-04	1.00E-05
2.55429	120	2.00E-04	2.00E-05
2.55449	120	1.00E-04	1.00E-05
2.55459	120	3.00E-04	3.00E-05
2.55469	120	3.00E-04	3.00E-05
2.55489	120	2.00E-04	2.00E-05
2.55499	120	2.00E-04	2.00E-05
2.55519	120	2.00E-04	2.00E-05
2.55529	120	2.00E-04	2.00E-05
2.55550	120	1.00E-04	1.00E-05
2.55590	120	1.00E-04	1.00E-05
2.55610	120	1.00E-04	1.00E-05
2.55630	120	1.00E-04	1.00E-05
2.55650	120	1.00E-04	1.00E-05
2.55670	120	1.00E-04	1.00E-05
2.55691	120	1.00E-04	1.00E-05
2.55751	120	1.00E-04	1.00E-05
2.55771	120	1.00E-04	1.00E-05
2.55791	120	1.00E-04	1.00E-05
2.55811	120	2.00E-04	2.00E-05
2.55832	120	2.00E-04	2.00E-05
2.55872	120	1.00E-04	1.00E-05
2.55912	120	2.00E-04	2.00E-05
2.55952	120	1.00E-04	1.00E-05
2.55993	120	1.00E-04	1.00E-05
2.56033	120	1.00E-04	1.00E-05
2.56093	120	1.00E-04	1.00E-05
2.56154	120	1.00E-04	1.00E-05
2.56214	120	1.00E-04	1.00E-05
2.56335	120	2.00E-04	2.00E-05
2.56396	120	3.00E-04	3.00E-05
2.56456	120	3.00E-04	3.00E-05
2.56517	120	2.00E-04	2.00E-05
2.56577	120	3.00E-04	3.00E-05
2.56637	120	3.00E-04	3.00E-05
2.56678	120	1.00E-04	1.00E-05
2.56718	120	2.00E-04	2.00E-05
2.56799	120	2.00E-04	2.00E-05
2.56839	120	3.00E-04	3.00E-05
2.56879	120	1.00E-04	1.00E-05
2.56919	120	3.00E-04	3.00E-05
2.56960	120	4.00E-04	4.00E-05
2.57000	120	3.00E-04	3.00E-05
2.57040	120	7.00E-04	7.00E-05
2.57081	120	6.00E-04	6.00E-05
2.57121	120	5.00E-04	5.00E-05
2.57161	120	9.00E-04	9.00E-05
2.57201	120	6.00E-04	6.00E-05
2.57242	120	8.00E-04	8.00E-05
2.57282	120	8.00E-04	8.00E-05
2.57322	120	9.00E-04	9.00E-05
2.57363	120	8.00E-04	8.00E-05
2.57403	120	8.00E-04	8.00E-05
2.57443	120	7.00E-04	7.00E-05
2.57484	120	7.00E-04	7.00E-05
2.57524	120	6.00E-04	6.00E-05
2.57564	120	7.00E-04	7.00E-05
2.57604	120	4.00E-04	4.00E-05
2.57645	120	5.00E-04	5.00E-05
2.57685	120	7.00E-04	7.00E-05
2.57725	120	4.00E-04	4.00E-05
2.57766	120	5.00E-04	5.00E-05
2.57806	120	3.00E-04	3.00E-05
2.57846	120	3.00E-04	3.00E-05
2.57886	120	7.00E-04	7.00E-05
2.57927	120	2.00E-04	2.00E-05
2.57967	120	3.00E-04	3.00E-05
2.58007	120	5.00E-04	5.00E-05
2.58048	120	4.00E-04	4.00E-05
2.58088	120	2.00E-04	2.00E-05
2.58128	120	3.00E-04	3.00E-05
2.58168	120	2.00E-04	2.00E-05
2.58209	120	4.00E-04	4.00E-05
2.58249	120	3.00E-04	3.00E-05
2.58289	120	4.00E-04	4.00E-05
2.58330	120	3.00E-04	3.00E-05
2.58370	120	1.00E-04	1.00E-05
2.58410	120	4.00E-04	4.00E-05
2.58491	120	3.00E-04	3.00E-05
2.58531	120	2.00E-04	2.00E-05
2.58571	120	2.00E-04	2.00E-05
2.58612	120	3.00E-04	3.00E-05
2.58652	120	2.00E-04	2.00E-05
2.58692	120	1.00E-04	1.00E-05
2.58813	120	2.00E-04	2.00E-05
2.58853	120	3.00E-04	3.00E-05
2.58894	120	2.00E-04	2.00E-05
2.58974	120	1.00E-04	1.00E-05
2.59015	120	1.00E-04	1.00E-05
2.59055	120	1.00E-04	1.00E-05
2.59256	120	1.00E-04	1.00E-05
2.59297	120	1.00E-04	1.00E-05
2.59417	120	1.00E-04	1.00E-05
2.59619	120	1.00E-04	1.00E-05
2.59659	120	1.00E-04	1.00E-05
2.59982	120	1.00E-04	1.00E-05
2.60022	120	1.00E-04	1.00E-05
2.60384	120	1.00E-04	1.00E-05
2.60405	120	1.00E-04	1.00E-05
2.60425	120	2.00E-04	2.00E-05
2.60445	120	8.00E-04	8.00E-05
2.60465	120	6.00E-04	6.00E-05
2.60485	120	8.00E-04	8.00E-05
2.60505	120	6.00E-04	6.00E-05
2.60525	120	6.00E-04	6.00E-05
2.60546	120	3.00E-04	3.00E-05
2.60566	120	4.00E-04	4.00E-05
2.60586	120	1.00E-04	1.00E-05
2.60606	120	2.00E-04	2.00E-05
2.60646	120	1.00E-04	1.00E-05
2.61321	120	1.00E-04	1.00E-05
2.61331	120	1.00E-04	1.00E-05
2.61361	120	2.00E-04	2.00E-05
2.61412	120	1.00E-04	1.00E-05
2.61472	120	1.00E-04	1.00E-05
2.62943	120	1.00E-04	1.00E-05
2.63003	120	1.00E-04	1.00E-05
2.63064	120	1.00E-04	1.00E-05
2.63124	120	1.00E-04	1.00E-05
2.63185	120	2.00E-04	2.00E-05
2.63245	120	1.00E-04	1.00E-05
2.63306	120	2.00E-04	2.00E-05
2.63366	120	1.00E-04	1.00E-05
2.63426	120	1.00E-04	1.00E-05
2.63487	120	2.00E-04	2.00E-05
2.63547	120	2.00E-04	2.00E-05
2.63608	120	1.00E-04	1.00E-05
2.63668	120	1.00E-04	1.00E-05
2.63789	120	3.00E-04	3.00E-05
2.63850	120	1.00E-04	1.00E-05
2.63910	120	2.00E-04	2.00E-05
2.63970	120	1.00E-04	1.00E-05
2.64031	120	2.00E-04	2.00E-05
2.64091	120	1.00E-04	1.00E-05
2.64152	120	2.00E-04	2.00E-05
2.64212	120	2.00E-04	2.00E-05
2.64273	120	2.00E-04	2.00E-05
2.64333	120	1.00E-04	1.00E-05
2.64393	120	1.00E-04	1.00E-05
2.64454	120	1.00E-04	1.00E-05
2.64514	120	1.00E-04	1.00E-05
2.64575	120	2.00E-04	2.00E-05
2.64635	120	1.00E-04	1.00E-05
2.64696	120	2.00E-04	2.00E-05
2.64756	120	2.00E-04	2.00E-05
2.64817	120	3.00E-04	3.00E-05
2.64877	120	2.00E-04	2.00E-05
2.64937	120	1.00E-04	1.00E-05
2.64998	120	2.00E-04	2.00E-05
2.65058	120	1.00E-04	1.00E-05
2.65119	120	2.00E-04	2.00E-05
2.65179	120	2.00E-04	2.00E-05
2.65240	120	2.00E-04	2.00E-05
2.65300	120	1.00E-04	1.00E-05
2.65360	120	3.00E-04	3.00E-05
2.65421	120	1.00E-04	1.00E-05
2.65481	120	2.00E-04	2.00E-05
2.65542	120	2.00E-04	2.00E-05
2.65602	120	2.00E-04	2.00E-05
2.65663	120	1.00E-04	1.00E-05
2.65723	120	2.00E-04	2.00E-05
2.65784	120	2.00E-04	2.00E-05
2.65844	120	1.00E-04	1.00E-05
2.65904	120	2.00E-04	2.00E-05
2.65965	120	2.00E-04	2.00E-05
2.66025	120	3.00E-04	3.00E-05
2.66086	120	3.00E-04	3.00E-05
2.66146	120	2.00E-04	2.00E-05
2.66207	120	2.00E-04	2.00E-05
2.66267	120	3.00E-04	3.00E-05
2.66328	120	5.00E-04	5.00E-05
2.66388	120	3.00E-04	3.00E-05
2.66448	120	3.00E-04	3.00E-05
2.66509	120	4.00E-04	4.00E-05
2.66569	120	4.00E-04	4.00E-05
2.66630	120	4.00E-04	4.00E-05
2.66690	120	4.00E-04	4.00E-05
2.66751	120	4.00E-04	4.00E-05
2.66811	120	3.00E-04	3.00E-05
2.66871	120	5.00E-04	5.00E-05
2.66932	120	5.00E-04	5.00E-05
2.66992	120	5.00E-04	5.00E-05
2.67053	120	5.00E-04	5.00E-05
2.67113	120	4.00E-04	4.00E-05
2.67123	120	4.00E-04	4.00E-05
2.67133	120	3.00E-04	3.00E-05
2.67174	120	3.00E-04	3.00E-05
2.67234	120	5.00E-04	5.00E-05
2.67295	120	6.00E-04	6.00E-05
2.67355	120	4.00E-04	4.00E-05
2.67436	120	5.00E-04	5.00E-05
2.67496	120	5.00E-04	5.00E-05
2.67556	120	6.00E-04	6.00E-05
2.67677	120	5.00E-04	5.00E-05
2.67738	120	4.00E-04	4.00E-05
2.67798	120	5.00E-04	5.00E-05
2.67859	120	3.00E-04	3.00E-05
2.67919	120	3.00E-04	3.00E-05
2.67980	120	2.00E-04	2.00E-05
2.68040	120	3.00E-04	3.00E-05
2.68100	120	3.00E-04	3.00E-05
2.68161	120	2.00E-04	2.00E-05
2.68221	120	2.00E-04	2.00E-05
2.68282	120	4.00E-04	4.00E-05
2.68342	120	2.00E-04	2.00E-05
2.68403	120	1.00E-04	1.00E-05
2.68463	120	4.00E-04	4.00E-05
2.68523	120	2.00E-04	2.00E-05
2.68584	120	3.00E-04	3.00E-05
2.68644	120	2.00E-04	2.00E-05
2.68705	120	3.00E-04	3.00E-05
2.68765	120	1.00E-04	1.00E-05
2.68826	120	3.00E-04	3.00E-05
2.68886	120	3.00E-04	3.00E-05
2.68947	120	3.00E-04	3.00E-05
2.69007	120	2.00E-04	2.00E-05
2.69067	120	2.00E-04	2.00E-05
2.69128	120	2.00E-04	2.00E-05
2.69188	120	3.00E-04	3.00E-05
2.69249	120	3.00E-04	3.00E-05
2.69309	120	2.00E-04	2.00E-05
2.69370	120	2.00E-04	2.00E-05
2.69430	120	3.00E-04	3.00E-05
2.69491	120	3.00E-04	3.00E-05
2.69551	120	2.00E-04	2.00E-05
2.69611	120	2.00E-04	2.00E-05
2.69672	120	1.00E-04	1.00E-05
2.69732	120	2.00E-04	2.00E-05
2.69793	120	2.00E-04	2.00E-05
2.69853	120	3.00E-04	3.00E-05
2.69914	120	3.00E-04	3.00E-05
2.69974	120	3.00E-04	3.00E-05
2.70035	120	3.00E-04	3.00E-05
2.70095	120	1.00E-04	1.00E-05
2.70155	120	2.00E-04	2.00E-05
2.70216	120	1.00E-04	1.00E-05
2.70276	120	1.00E-04	1.00E-05
2.70337	120	2.00E-04	2.00E-05
2.70397	120	2.00E-04	2.00E-05
2.70458	120	1.00E-04	1.00E-05
2.70518	120	3.00E-04	3.00E-05
2.70578	120	2.00E-04	2.00E-05
2.70639	120	2.00E-04	2.00E-05
2.70699	120	3.00E-04	3.00E-05
2.70760	120	2.00E-04	2.00E-05
2.70820	120	4.00E-04	4.00E-05
2.70881	120	2.00E-04	2.00E-05
2.70941	120	4.00E-04	4.00E-05
2.71002	120	4.00E-04	4.00E-05
2.71062	120	5.00E-04	5.00E-05
2.71122	120	7.00E-04	7.00E-05
2.71183	120	8.00E-04	8.00E-05
2.71193	120	1.30E-03	1.30E-04
2.71203	120	1.20E-03	1.20E-04
2.71213	120	1.40E-03	1.40E-04
2.71223	120	1.30E-03	1.30E-04
2.71243	120	1.70E-03	1.70E-04
2.71263	120	2.50E-03	2.50E-04
2.71284	120	2.50E-03	2.50E-04
2.71304	120	2.90E-03	2.90E-04
2.71324	120	2.70E-03	2.70E-04
2.71344	120	2.20E-03	2.20E-04
2.71364	120	2.10E-03	2.10E-04
2.71405	120	1.60E-03	1.60E-04
2.71425	120	1.10E-03	1.10E-04
2.71445	120	1.20E-03	1.20E-04
2.71465	120	1.30E-03	1.30E-04
2.71485	120	1.10E-03	1.10E-04
2.71505	120	8.00E-04	8.00E-05
2.71525	120	8.00E-04	8.00E-05
2.71546	120	8.00E-04	8.00E-05
2.71566	120	6.00E-04	6.00E-05
2.71606	120	7.00E-04	7.00E-05
2.71646	120	7.00E-04	7.00E-05
2.71687	120	5.00E-04	5.00E-05
2.71727	120	3.00E-04	3.00E-05
2.71767	120	5.00E-04	5.00E-05
2.71807	120	7.00E-04	7.00E-05
2.71848	120	5.00E-04	5.00E-05
2.71908	120	6.00E-04	6.00E-05
2.71969	120	5.00E-04	5.00E-05
2.71989	120	5.00E-04	5.00E-05
2.72009	120	5.00E-04	5.00E-05
2.72029	120	4.00E-04	4.00E-05
2.72049	120	4.00E-04	4.00E-05
2.72069	120	5.00E-04	5.00E-05
2.72090	120	4.00E-04	4.00E-05
2.72110	120	6.00E-04	6.00E-05
2.72130	120	6.00E-04	6.00E-05
2.72150	120	5.00E-04	5.00E-05
2.72170	120	7.00E-04	7.00E-05
2.72190	120	5.00E-04	5.00E-05
2.72210	120	8.00E-04	8.00E-05
2.72231	120	6.00E-04	6.00E-05
2.72251	120	4.00E-04	4.00E-05
2.72271	120	7.00E-04	7.00E-05
2.72291	120	6.00E-04	6.00E-05
2.72311	120	5.00E-04	5.00E-05
2.72331	120	7.00E-04	7.00E-05
2.72351	120	6.00E-04	6.00E-05
2.72372	120	5.00E-04	5.00E-05
2.72412	120	4.00E-04	4.00E-05
2.72452	120	5.00E-04	5.00E-05
2.72472	120	6.00E-04	6.00E-05
2.72492	120	4.00E-04	4.00E-05
2.72513	120	5.00E-04	5.00E-05
2.72533	120	5.00E-04	5.00E-05
2.72553	120	6.00E-04	6.00E-05
2.72573	120	9.00E-04	9.00E-05
2.72593	120	4.00E-04	4.00E-05
2.72613	120	9.00E-04	9.00E-05
2.72634	120	8.00E-04	8.00E-05
2.72654	120	6.00E-04	6.00E-05
2.72674	120	8.00E-04	8.00E-05
2.72694	120	5.00E-04	5.00E-05
2.72714	120	5.00E-04	5.00E-05
2.72734	120	4.00E-04	4.00E-05
2.72754	120	6.00E-04	6.00E-05
2.72775	120	6.00E-04	6.00E-05
2.72795	120	7.00E-04	7.00E-05
2.72815	120	7.00E-04	7.00E-05
2.72855	120	6.00E-04	6.00E-05
2.72895	120	8.00E-04	8.00E-05
2.72936	120	6.00E-04	6.00E-05
2.72976	120	5.00E-04	5.00E-05
2.73036	120	7.00E-04	7.00E-05
2.73097	120	5.00E-04	5.00E-05
2.73157	120	5.00E-04	5.00E-05
2.73218	120	5.00E-04	5.00E-05
2.73278	120	4.00E-04	4.00E-05
2.73339	120	5.00E-04	5.00E-05
2.73399	120	5.00E-04	5.00E-05
2.73460	120	7.00E-04	7.00E-05
2.73520	120	5.00E-04	5.00E-05
2.73580	120	7.00E-04	7.00E-05
2.73641	120	4.00E-04	4.00E-05
2.73701	120	6.00E-04	6.00E-05
2.73762	120	9.00E-04	9.00E-05
2.73883	120	1.40E-03	1.40E-04
2.73943	120	2.90E-03	2.90E-04
2.73963	120	3.70E-03	3.70E-04
2.73983	120	4.10E-03	4.10E-04
2.73993	120	5.10E-03	5.10E-04
2.74004	120	5.40E-03	5.40E-04
2.74014	120	5.80E-03	5.80E-04
2.74024	120	6.30E-03	6.30E-04
2.74034	120	7.20E-03	7.20E-04
2.74044	120	7.40E-03	7.40E-04
2.74054	120	7.30E-03	7.30E-04
2.74064	120	7.50E-03	7.50E-04
2.74084	120	7.40E-03	7.40E-04
2.74094	120	6.80E-03	6.80E-04
2.74114	120	5.60E-03	5.60E-04
2.74124	120	5.80E-03	5.80E-04
2.74134	120	4.70E-03	4.70E-04
2.74145	120	4.90E-03	4.90E-04
2.74155	120	3.40E-03	3.40E-04
2.74175	120	3.60E-03	3.60E-04
2.74185	120	3.10E-03	3.10E-04
2.74195	120	2.90E-03	2.90E-04
2.74205	120	2.20E-03	2.20E-04
2.74215	120	2.50E-03	2.50E-04
2.74225	120	1.90E-03	1.90E-04
2.74235	120	1.90E-03	1.90E-04
2.74245	120	1.80E-03	1.80E-04
2.74255	120	1.50E-03	1.50E-04
2.74265	120	1.60E-03	1.60E-04
2.74276	120	1.80E-03	1.80E-04
2.74286	120	1.40E-03	1.40E-04
2.74306	120	1.30E-03	1.30E-04
2.74326	120	1.30E-03	1.30E-04
2.74366	120	8.00E-04	8.00E-05
2.74386	120	6.00E-04	6.00E-05
2.74406	120	5.00E-04	5.00E-05
2.74427	120	7.00E-04	7.00E-05
2.74467	120	7.00E-04	7.00E-05
2.74507	120	9.00E-04	9.00E-05
2.74548	120	4.00E-04	4.00E-05
2.74588	120	5.00E-04	5.00E-05
2.74648	120	4.00E-04	4.00E-05
2.74709	120	4.00E-04	4.00E-05
2.74769	120	4.00E-04	4.00E-05
2.74830	120	3.00E-04	3.00E-05
2.74890	120	4.00E-04	4.00E-05
2.74950	120	2.00E-04	2.00E-05
2.75011	120	4.00E-04	4.00E-05
2.75071	120	4.00E-04	4.00E-05
2.75132	120	3.00E-04	3.00E-05
2.75192	120	6.00E-04	6.00E-05
2.75253	120	5.00E-04	5.00E-05
2.75313	120	4.00E-04	4.00E-05
2.75353	120	5.00E-04	5.00E-05
2.75394	120	4.00E-04	4.00E-05
2.75434	120	4.00E-04	4.00E-05
2.75474	120	3.00E-04	3.00E-05
2.75515	120	3.00E-04	3.00E-05
2.75555	120	4.00E-04	4.00E-05
2.75595	120	2.00E-04	2.00E-05
2.75656	120	4.00E-04	4.00E-05
2.75716	120	4.00E-04	4.00E-05
2.75777	120	3.00E-04	3.00E-05
2.75837	120	3.00E-04	3.00E-05
2.75897	120	2.00E-04	2.00E-05
2.75958	120	4.00E-04	4.00E-05
2.76018	120	2.00E-04	2.00E-05
2.76079	120	3.00E-04	3.00E-05
2.76139	120	3.00E-04	3.00E-05
2.76200	120	4.00E-04	4.00E-05
2.76260	120	4.00E-04	4.00E-05
2.76321	120	2.00E-04	2.00E-05
2.76381	120	2.00E-04	2.00E-05
2.76441	120	3.00E-04	3.00E-05
2.76502	120	2.00E-04	2.00E-05
2.76562	120	4.00E-04	4.00E-05
2.76623	120	3.00E-04	3.00E-05
2.76683	120	4.00E-04	4.00E-05
2.76744	120	3.00E-04	3.00E-05
2.76804	120	4.00E-04	4.00E-05
2.76865	120	4.00E-04	4.00E-05
2.76925	120	2.00E-04	2.00E-05
2.76985	120	3.00E-04	3.00E-05
2.77046	120	3.00E-04	3.00E-05
2.77106	120	4.00E-04	4.00E-05
2.77167	120	4.00E-04	4.00E-05
2.77227	120	3.00E-04	3.00E-05
2.77288	120	3.00E-04	3.00E-05
2.77348	120	1.00E-04	1.00E-05
2.77409	120	2.00E-04	2.00E-05
2.77469	120	3.00E-04	3.00E-05
2.77529	120	4.00E-04	4.00E-05
2.77590	120	4.00E-04	4.00E-05
2.77650	120	2.00E-04	2.00E-05
2.77711	120	1.00E-04	1.00E-05
2.77771	120	3.00E-04	3.00E-05
2.77832	120	2.00E-04	2.00E-05
2.77953	120	3.00E-04	3.00E-05
2.78013	120	2.00E-04	2.00E-05
2.78073	120	1.00E-04	1.00E-05
2.78134	120	2.00E-04	2.00E-05
2.78194	120	2.00E-04	2.00E-05
2.78255	120	1.00E-04	1.00E-05
2.78315	120	2.00E-04	2.00E-05
2.78376	120	2.00E-04	2.00E-05
2.78436	120	1.00E-04	1.00E-05
2.78497	120	1.00E-04	1.00E-05
2.78557	120	1.00E-04	1.00E-05
2.78617	120	2.00E-04	2.00E-05
2.78678	120	3.00E-04	3.00E-05
2.78738	120	1.00E-04	1.00E-05
2.78799	120	2.00E-04	2.00E-05
2.78859	120	2.00E-04	2.00E-05
2.78920	120	1.00E-04	1.00E-05
2.78980	120	2.00E-04	2.00E-05
2.79041	120	1.00E-04	1.00E-05
2.79101	120	1.00E-04	1.00E-05
2.79161	120	1.00E-04	1.00E-05
2.79282	120	3.00E-04	3.00E-05
2.79343	120	1.00E-04	1.00E-05
2.79403	120	2.00E-04	2.00E-05
2.79464	120	1.00E-04	1.00E-05
2.79504	120	2.00E-04	2.00E-05
2.79524	120	1.00E-04	1.00E-05
2.79534	120	2.00E-04	2.00E-05
2.79544	120	2.00E-04	2.00E-05
2.79605	120	1.00E-04	1.00E-05
2.79665	120	1.00E-04	1.00E-05
2.79786	120	1.00E-04	1.00E-05
2.79846	120	2.00E-04	2.00E-05
2.79907	120	2.00E-04	2.00E-05
2.79967	120	1.00E-04	1.00E-05
2.80028	120	2.00E-04	2.00E-05
2.80088	120	2.00E-04	2.00E-05
2.80108	120	1.00E-04	1.00E-05
2.80129	120	1.00E-04	1.00E-05
2.80169	120	2.00E-04	2.00E-05
2.80209	120	2.00E-04	2.00E-05
2.80249	120	1.00E-04	1.00E-05
2.80290	120	1.00E-04	1.00E-05
2.80330	120	1.00E-04	1.00E-05
2.80370	120	1.00E-04	1.00E-05
2.80411	120	1.00E-04	1.00E-05
2.80451	120	1.00E-04	1.00E-05
2.80532	120	2.00E-04	2.00E-05
2.80572	120	2.00E-04	2.00E-05
2.80592	120	5.00E-04	5.00E-05
2.80612	120	2.00E-04	2.00E-05
2.80632	120	3.00E-04	3.00E-05
2.80673	120	3.00E-04	3.00E-05
2.80713	120	4.00E-04	4.00E-05
2.80753	120	6.00E-04	6.00E-05
2.80773	120	7.00E-04	7.00E-05
2.80793	120	7.00E-04	7.00E-05
2.80804	120	7.00E-04	7.00E-05
2.80814	120	8.00E-04	8.00E-05
2.80824	120	8.00E-04	8.00E-05
2.80834	120	8.00E-04	8.00E-05
2.80864	120	8.00E-04	8.00E-05
2.80874	120	1.20E-03	1.20E-04
2.80894	120	1.60E-03	1.60E-04
2.80914	120	1.40E-03	1.40E-04
2.80924	120	1.50E-03	1.50E-04
2.80935	120	1.90E-03	1.90E-04
2.80945	120	2.10E-03	2.10E-04
2.80955	120	1.40E-03	1.40E-04
2.80975	120	1.70E-03	1.70E-04
2.80985	120	2.10E-03	2.10E-04
2.80995	120	1.90E-03	1.90E-04
2.81005	120	1.70E-03	1.70E-04
2.81015	120	1.60E-03	1.60E-04
2.81025	120	1.50E-03	1.50E-04
2.81035	120	1.60E-03	1.60E-04
2.81045	120	1.20E-03	1.20E-04
2.81055	120	1.40E-03	1.40E-04
2.81065	120	1.30E-03	1.30E-04
2.81086	120	1.10E-03	1.10E-04
2.81106	120	7.00E-04	7.00E-05
2.81126	120	8.00E-04	8.00E-05
2.81136	120	6.00E-04	6.00E-05
2.81146	120	7.00E-04	7.00E-05
2.81156	120	8.00E-04	8.00E-05
2.81166	120	7.00E-04	7.00E-05
2.81176	120	8.00E-04	8.00E-05
2.81186	120	6.00E-04	6.00E-05
2.81196	120	7.00E-04	7.00E-05
2.81207	120	5.00E-04	5.00E-05
2.81217	120	5.00E-04	5.00E-05
2.81227	120	5.00E-04	5.00E-05
2.81237	120	4.00E-04	4.00E-05
2.81247	120	4.00E-04	4.00E-05
2.81257	120	4.00E-04	4.00E-05
2.81267	120	5.00E-04	5.00E-05
2.81277	120	4.00E-04	4.00E-05
2.81287	120	4.00E-04	4.00E-05
2.81297	120	5.00E-04	5.00E-05
2.81307	120	4.00E-04	4.00E-05
2.81317	120	4.00E-04	4.00E-05
2.81327	120	4.00E-04	4.00E-05
2.81337	120	3.00E-04	3.00E-05
2.81358	120	5.00E-04	5.00E-05
2.81378	120	5.00E-04	5.00E-05
2.81398	120	6.00E-04	6.00E-05
2.81418	120	6.00E-04	6.00E-05
2.81438	120	4.00E-04	4.00E-05
2.81458	120	3.00E-04	3.00E-05
2.81479	120	2.00E-04	2.00E-05
2.81499	120	3.00E-04	3.00E-05
2.81519	120	4.00E-04	4.00E-05
2.81539	120	2.00E-04	2.00E-05
2.81559	120	3.00E-04	3.00E-05
2.81579	120	2.00E-04	2.00E-05
2.81599	120	3.00E-04	3.00E-05
2.81620	120	3.00E-04	3.00E-05
2.81640	120	3.00E-04	3.00E-05
2.81660	120	3.00E-04	3.00E-05
2.81680	120	1.00E-04	1.00E-05
2.81700	120	1.00E-04	1.00E-05
2.81720	120	2.00E-04	2.00E-05
2.81761	120	1.00E-04	1.00E-05
2.81781	120	1.00E-04	1.00E-05
2.81801	120	3.00E-04	3.00E-05
2.81821	120	2.00E-04	2.00E-05
2.81841	120	2.00E-04	2.00E-05
2.81881	120	1.00E-04	1.00E-05
2.81922	120	1.00E-04	1.00E-05
2.81962	120	2.00E-04	2.00E-05
2.82002	120	2.00E-04	2.00E-05
2.82043	120	1.00E-04	1.00E-05
2.82083	120	2.00E-04	2.00E-05
2.82123	120	1.00E-04	1.00E-05
2.82164	120	1.00E-04	1.00E-05
2.82204	120	1.00E-04	1.00E-05
2.82264	120	2.00E-04	2.00E-05
2.82325	120	1.00E-04	1.00E-05
2.82385	120	1.00E-04	1.00E-05
2.82446	120	1.00E-04	1.00E-05
2.82506	120	2.00E-04	2.00E-05
2.82567	120	3.00E-04	3.00E-05
2.82627	120	1.00E-04	1.00E-05
2.82687	120	1.00E-04	1.00E-05
2.82748	120	2.00E-04	2.00E-05
2.82808	120	2.00E-04	2.00E-05
2.82869	120	2.00E-04	2.00E-05
2.82929	120	1.00E-04	1.00E-05
2.82990	120	1.00E-04	1.00E-05
2.83050	120	1.00E-04	1.00E-05
2.83111	120	1.00E-04	1.00E-05
2.83231	120	1.00E-04	1.00E-05
2.83352	120	2.00E-04	2.00E-05
2.83473	120	1.00E-04	1.00E-05
2.83534	120	1.00E-04	1.00E-05
2.83594	120	2.00E-04	2.00E-05
2.83715	120	1.00E-04	1.00E-05
2.83776	120	1.00E-04	1.00E-05
2.83836	120	1.00E-04	1.00E-05
2.83896	120	2.00E-04	2.00E-05
2.84017	120	2.00E-04	2.00E-05
2.84078	120	2.00E-04	2.00E-05
2.84138	120	2.00E-04	2.00E-05
2.84199	120	3.00E-04	3.00E-05
2.84320	120	2.00E-04	2.00E-05
2.84380	120	2.00E-04	2.00E-05
2.84440	120	2.00E-04	2.00E-05
2.84501	120	7.00E-04	7.00E-05
2.84531	120	1.10E-03	1.10E-04
2.84541	120	1.30E-03	1.30E-04
2.84551	120	1.40E-03	1.40E-04
2.84561	120	1.40E-03	1.40E-04
2.84571	120	1.30E-03	1.30E-04
2.84592	120	7.00E-04	7.00E-05
2.84602	120	8.00E-04	8.00E-05
2.84612	120	4.00E-04	4.00E-05
2.84622	120	5.00E-04	5.00E-05
2.84632	120	3.00E-04	3.00E-05
2.84642	120	3.00E-04	3.00E-05
2.84652	120	1.00E-04	1.00E-05
2.84662	120	4.00E-04	4.00E-05
2.84672	120	3.00E-04	3.00E-05
2.84682	120	2.00E-04	2.00E-05
2.84692	120	2.00E-04	2.00E-05
2.84702	120	2.00E-04	2.00E-05
2.84712	120	1.00E-04	1.00E-05
2.84723	120	2.00E-04	2.00E-05
2.84733	120	1.00E-04	1.00E-05
2.84743	120	1.00E-04	1.00E-05
2.84753	120	1.00E-04	1.00E-05
2.84763	120	1.00E-04	1.00E-05
2.84773	120	1.00E-04	1.00E-05
2.84783	120	2.00E-04	2.00E-05
2.84793	120	1.00E-04	1.00E-05
2.84803	120	3.00E-04	3.00E-05
2.84813	120	1.00E-04	1.00E-05
2.84823	120	1.00E-04	1.00E-05
2.84853	120	1.00E-04	1.00E-05
2.84864	120	1.00E-04	1.00E-05
2.84874	120	1.00E-04	1.00E-05
2.84884	120	1.00E-04	1.00E-05
2.84894	120	1.00E-04	1.00E-05
2.84904	120	1.00E-04	1.00E-05
2.84914	120	1.00E-04	1.00E-05
2.84924	120	1.00E-04	1.00E-05
2.84964	120	1.00E-04	1.00E-05
2.84984	120	1.00E-04	1.00E-05
2.85005	120	2.00E-04	2.00E-05
2.85015	120	2.00E-04	2.00E-05
2.85025	120	1.00E-04	1.00E-05
2.85035	120	2.00E-04	2.00E-05
2.85045	120	2.00E-04	2.00E-05
2.85055	120	1.00E-04	1.00E-05
2.85065	120	1.00E-04	1.00E-05
2.85075	120	2.00E-04	2.00E-05
2.85085	120	3.00E-04	3.00E-05
2.85095	120	2.00E-04	2.00E-05
2.85105	120	1.00E-04	1.00E-05
2.85146	120	1.00E-04	1.00E-05
2.85166	120	1.00E-04	1.00E-05
2.85186	120	1.00E-04	1.00E-05
2.85206	120	1.00E-04	1.00E-05
2.85246	120	1.00E-04	1.00E-05
2.85287	120	2.00E-04	2.00E-05
2.85327	120	2.00E-04	2.00E-05
2.85367	120	1.00E-04	1.00E-05
2.85408	120	1.00E-04	1.00E-05
2.85448	120	1.00E-04	1.00E-05
2.85488	120	1.00E-04	1.00E-05
2.85569	120	2.00E-04	2.00E-05
2.85609	120	1.00E-04	1.00E-05
2.85649	120	2.00E-04	2.00E-05
2.85690	120	2.00E-04	2.00E-05
2.85730	120	1.00E-04	1.00E-05
2.85770	120	1.00E-04	1.00E-05
2.85811	120	2.00E-04	2.00E-05
2.85831	120	1.00E-04	1.00E-05
2.85851	120	1.00E-04	1.00E-05
2.85871	120	2.00E-04	2.00E-05
2.85891	120	1.00E-04	1.00E-05
2.85931	120	1.00E-04	1.00E-05
2.85972	120	1.00E-04	1.00E-05
2.86012	120	2.00E-04	2.00E-05
2.86052	120	1.00E-04	1.00E-05
2.86113	120	1.00E-04	1.00E-05
2.86193	120	1.00E-04	1.00E-05
2.86274	120	2.00E-04	2.00E-05
2.86355	120	1.00E-04	1.00E-05
2.86435	120	1.00E-04	1.00E-05
2.86596	120	1.00E-04	1.00E-05
2.86657	120	2.00E-04	2.00E-05
2.86697	120	1.00E-04	1.00E-05
2.86737	120	2.00E-04	2.00E-05
2.86778	120	2.00E-04	2.00E-05
2.86818	120	1.00E-04	1.00E-05
2.86858	120	2.00E-04	2.00E-05
2.86899	120	1.00E-04	1.00E-05
2.86939	120	1.00E-04	1.00E-05
2.86979	120	1.00E-04	1.00E-05
2.87020	120	1.00E-04	1.00E-05
2.87060	120	1.00E-04	1.00E-05
2.87100	120	2.00E-04	2.00E-05
2.87140	120	1.00E-04	1.00E-05
2.87181	120	1.00E-04	1.00E-05
2.87221	120	3.00E-04	3.00E-05
2.87302	120	1.00E-04	1.00E-05
2.87342	120	4.00E-04	4.00E-05
2.87382	120	3.00E-04	3.00E-05
2.87423	120	7.00E-04	7.00E-05
2.87463	120	3.00E-04	3.00E-05
2.87503	120	8.00E-04	8.00E-05
2.87543	120	4.00E-04	4.00E-05
2.87584	120	7.00E-04	7.00E-05
2.87664	120	9.00E-04	9.00E-05
2.87705	120	8.00E-04	8.00E-05
2.87826	120	8.00E-04	8.00E-05
2.87866	120	8.00E-04	8.00E-05
2.87906	120	4.00E-04	4.00E-05
2.87946	120	4.00E-04	4.00E-05
2.87987	120	2.00E-04	2.00E-05
2.88027	120	4.00E-04	4.00E-05
2.88067	120	5.00E-04	5.00E-05
2.88128	120	4.00E-04	4.00E-05
2.88188	120	4.00E-04	4.00E-05
2.88269	120	5.00E-04	5.00E-05
2.88349	120	6.00E-04	6.00E-05
2.88430	120	2.00E-04	2.00E-05
2.88511	120	2.00E-04	2.00E-05
2.88611	120	2.00E-04	2.00E-05
2.88732	120	1.00E-04	1.00E-05
2.88853	120	3.00E-04	3.00E-05
2.88974	120	1.00E-04	1.00E-05
2.89095	120	3.00E-04	3.00E-05
2.89216	120	3.00E-04	3.00E-05
2.89337	120	3.00E-04	3.00E-05
2.89458	120	1.00E-04	1.00E-05
2.89579	120	1.00E-04	1.00E-05
2.89699	120	3.00E-04	3.00E-05
2.89820	120	1.00E-04	1.00E-05
2.89941	120	1.00E-04	1.00E-05
2.90062	120	2.00E-04	2.00E-05
2.90183	120	3.00E-04	3.00E-05
2.90304	120	3.00E-04	3.00E-05
2.90425	120	2.00E-04	2.00E-05
2.90546	120	3.00E-04	3.00E-05
2.90667	120	1.00E-04	1.00E-05
2.90788	120	3.00E-04	3.00E-05
2.90929	120	9.00E-04	9.00E-05
2.90949	120	1.40E-03	1.40E-04
2.90969	120	1.40E-03	1.40E-04
2.91009	120	2.70E-03	2.70E-04
2.91029	120	3.80E-03	3.80E-04
2.91050	120	6.20E-03	6.20E-04
2.91070	120	6.90E-03	6.90E-04
2.91090	120	6.60E-03	6.60E-04
2.91110	120	6.70E-03	6.70E-04
2.91130	120	5.50E-03	5.50E-04
2.91150	120	4.10E-03	4.10E-04
2.91170	120	2.40E-03	2.40E-04
2.91191	120	1.80E-03	1.80E-04
2.91231	120	7.00E-04	7.00E-05
2.91271	120	8.00E-04	8.00E-05
2.91311	120	4.00E-04	4.00E-05
2.91372	120	4.00E-04	4.00E-05
2.91453	120	1.00E-04	1.00E-05
2.91533	120	5.00E-04	5.00E-05
2.91614	120	4.00E-04	4.00E-05
2.91694	120	2.00E-04	2.00E-05
2.91775	120	3.00E-04	3.00E-05
2.91856	120	3.00E-04	3.00E-05
2.91916	120	5.00E-04	5.00E-05
2.91956	120	4.00E-04	4.00E-05
2.92037	120	4.20E-03	4.20E-04
2.92057	120	3.10E-03	3.10E-04
2.92097	120	8.00E-04	8.00E-05
2.92117	120	7.00E-04	7.00E-05
2.92138	120	5.00E-04	5.00E-05
2.92158	120	4.00E-04	4.00E-05
2.92178	120	4.00E-04	4.00E-05
2.92218	120	4.00E-04	4.00E-05
2.92259	120	3.00E-04	3.00E-05
2.92299	120	1.00E-04	1.00E-05
2.92359	120	1.00E-04	1.00E-05
2.92440	120	2.00E-04	2.00E-05
2.92762	120	1.00E-04	1.00E-05
2.92883	120	1.00E-04	1.00E-05
2.93004	120	3.00E-04	3.00E-05
2.93125	120	3.00E-04	3.00E-05
2.93246	120	1.00E-04	1.00E-05
2.93367	120	1.00E-04	1.00E-05
2.93488	120	1.00E-04	1.00E-05
2.93609	120	2.00E-04	2.00E-05
2.93730	120	3.00E-04	3.00E-05
2.93850	120	1.00E-04	1.00E-05
2.93971	120	1.00E-04	1.00E-05
2.94092	120	1.00E-04	1.00E-05
2.94213	120	2.00E-04	2.00E-05
2.94334	120	1.00E-04	1.00E-05
2.94455	120	4.00E-04	4.00E-05
2.94576	120	1.00E-04	1.00E-05
2.94697	120	2.00E-04	2.00E-05
2.94818	120	2.00E-04	2.00E-05
2.94939	120	2.00E-04	2.00E-05
2.95059	120	4.00E-04	4.00E-05
2.95180	120	2.00E-04	2.00E-05
2.95301	120	3.00E-04	3.00E-05
2.95422	120	4.00E-04	4.00E-05
2.95543	120	4.00E-04	4.00E-05
2.95664	120	1.00E-04	1.00E-05
2.95785	120	5.00E-04	5.00E-05
2.95906	120	3.00E-04	3.00E-05
2.96027	120	6.00E-04	6.00E-05
2.96148	120	5.00E-04	5.00E-05
2.96269	120	3.00E-04	3.00E-05
2.96389	120	3.00E-04	3.00E-05
2.96510	120	4.00E-04	4.00E-05
2.96631	120	3.00E-04	3.00E-05
2.96752	120	4.00E-04	4.00E-05
2.96873	120	4.00E-04	4.00E-05
2.96994	120	6.00E-04	6.00E-05
2.97115	120	2.00E-04	2.00E-05
2.97236	120	2.00E-04	2.00E-05
2.97357	120	6.00E-04	6.00E-05
2.97478	120	2.00E-04	2.00E-05
2.97599	120	3.00E-04	3.00E-05
2.97719	120	4.00E-04	4.00E-05
2.97840	120	3.00E-04	3.00E-05
2.97961	120	1.00E-04	1.00E-05
2.98082	120	3.00E-04	3.00E-05
2.98203	120	3.00E-04	3.00E-05
2.98324	120	3.00E-04	3.00E-05
2.98445	120	3.00E-04	3.00E-05
2.98566	120	4.00E-04	4.00E-05
2.98687	120	4.00E-04	4.00E-05
2.98808	120	5.00E-04	5.00E-05
2.98929	120	7.00E-04	7.00E-05
2.99049	120	6.00E-04	6.00E-05
2.99130	120	7.00E-04	7.00E-05
2.99211	120	5.00E-04	5.00E-05
2.99291	120	4.00E-04	4.00E-05
2.99372	120	7.00E-04	7.00E-05
2.99452	120	4.00E-04	4.00E-05
2.99533	120	5.00E-04	5.00E-05
2.99614	120	4.00E-04	4.00E-05
2.99634	120	8.00E-04	8.00E-05
2.99654	120	9.00E-04	9.00E-05
2.99674	120	5.00E-04	5.00E-05
2.99694	120	4.00E-04	4.00E-05
2.99714	120	5.00E-04	5.00E-05
2.99735	120	6.00E-04	6.00E-05
2.99755	120	8.00E-04	8.00E-05
2.99775	120	4.00E-04	4.00E-05
2.99815	120	6.00E-04	6.00E-05
2.99855	120	5.00E-04	5.00E-05
2.99916	120	5.00E-04	5.00E-05
2.99997	120	5.00E-04	5.00E-05
3.00077	120	5.00E-04	5.00E-05
3.00158	120	8.00E-04	8.00E-05
3.00238	120	7.00E-04	7.00E-05
3.00339	120	7.00E-04	7.00E-05
3.00460	120	8.00E-04	8.00E-05
3.00581	120	8.00E-04	8.00E-05
3.00702	120	5.00E-04	5.00E-05
3.00823	120	1.20E-03	1.20E-04
3.00944	120	1.20E-03	1.20E-04
3.01065	120	1.30E-03	1.30E-04
3.01306	120	1.30E-03	1.30E-04
3.01427	120	1.40E-03	1.40E-04
3.01548	120	2.60E-03	2.60E-04
3.01609	120	2.80E-03	2.80E-04
3.01649	120	2.90E-03	2.90E-04
3.01689	120	3.20E-03	3.20E-04
3.01730	120	2.90E-03	2.90E-04
3.01770	120	3.40E-03	3.40E-04
3.01810	120	3.10E-03	3.10E-04
3.01891	120	2.30E-03	2.30E-04
3.01971	120	1.80E-03	1.80E-04
3.02012	120	1.50E-03	1.50E-04
3.02112	120	1.20E-03	1.20E-04
3.02193	120	9.00E-04	9.00E-05
3.02274	120	1.30E-03	1.30E-04
3.02435	120	6.00E-04	6.00E-05
3.02516	120	5.00E-04	5.00E-05
3.02596	120	6.00E-04	6.00E-05
3.02677	120	5.00E-04	5.00E-05
3.02757	120	4.00E-04	4.00E-05
3.02838	120	4.00E-04	4.00E-05
3.02919	120	5.00E-04	5.00E-05
3.02999	120	3.00E-04	3.00E-05
3.03080	120	4.00E-04	4.00E-05
3.03140	120	3.00E-04	3.00E-05
3.03181	120	3.00E-04	3.00E-05
3.03241	120	5.00E-04	5.00E-05
3.03322	120	4.00E-04	4.00E-05
3.03402	120	3.00E-04	3.00E-05
3.03463	120	3.00E-04	3.00E-05
3.03543	120	5.00E-04	5.00E-05
3.03624	120	4.00E-04	4.00E-05
3.03664	120	4.00E-04	4.00E-05
3.03704	120	6.00E-04	6.00E-05
3.03745	120	6.00E-04	6.00E-05
3.03805	120	8.00E-04	8.00E-05
3.03886	120	2.50E-03	2.50E-04
3.03936	120	4.30E-03	4.30E-04
3.03956	120	4.20E-03	4.20E-04
3.03977	120	2.80E-03	2.80E-04
3.03997	120	1.90E-03	1.90E-04
3.04017	120	1.60E-03	1.60E-04
3.04047	120	1.10E-03	1.10E-04
3.04087	120	8.00E-04	8.00E-05
3.04128	120	8.00E-04	8.00E-05
3.04168	120	9.00E-04	9.00E-05
3.04289	120	8.00E-04	8.00E-05
3.04369	120	7.00E-04	7.00E-05
3.04450	120	7.00E-04	7.00E-05
3.04531	120	5.00E-04	5.00E-05
3.04611	120	7.00E-04	7.00E-05
3.04692	120	8.00E-04	8.00E-05
3.04853	120	8.00E-04	8.00E-05
3.05115	120	1.30E-03	1.30E-04
3.05236	120	5.00E-04	5.00E-05
3.05357	120	8.00E-04	8.00E-05
3.05478	120	9.00E-04	9.00E-05
3.05599	120	4.00E-04	4.00E-05
3.05720	120	6.00E-04	6.00E-05
3.05841	120	4.00E-04	4.00E-05
3.05962	120	7.00E-04	7.00E-05
3.06082	120	6.00E-04	6.00E-05
3.06203	120	7.00E-04	7.00E-05
2.43524	135	1.00E-04	1.00E-05
2.43645	135	1.00E-04	1.00E-05
2.43886	135	2.00E-04	2.00E-05
2.43947	135	2.00E-04	2.00E-05
2.44007	135	3.00E-04	3.00E-05
2.44068	135	4.00E-04	4.00E-05
2.44128	135	3.00E-04	3.00E-05
2.44188	135	5.00E-04	5.00E-05
2.44249	135	5.00E-04	5.00E-05
2.44309	135	3.00E-04	3.00E-05
2.44370	135	3.00E-04	3.00E-05
2.44430	135	1.00E-04	1.00E-05
2.44491	135	1.00E-04	1.00E-05
2.44611	135	1.00E-04	1.00E-05
2.44672	135	4.00E-04	4.00E-05
2.44732	135	1.00E-04	1.00E-05
2.44914	135	1.00E-04	1.00E-05
2.47109	135	1.00E-04	1.00E-05
2.47119	135	2.00E-04	2.00E-05
2.47129	135	2.00E-04	2.00E-05
2.47139	135	4.00E-04	4.00E-05
2.47149	135	6.00E-04	6.00E-05
2.47160	135	1.00E-04	1.00E-05
2.47452	135	1.00E-04	1.00E-05
2.47492	135	1.00E-04	1.00E-05
2.47512	135	1.00E-04	1.00E-05
2.47532	135	2.00E-04	2.00E-05
2.48479	135	1.00E-04	1.00E-05
2.48701	135	3.00E-04	3.00E-05
2.48711	135	2.00E-04	2.00E-05
2.48721	135	4.00E-04	4.00E-05
2.48731	135	4.00E-04	4.00E-05
2.48741	135	6.00E-04	6.00E-05
2.48751	135	1.10E-03	1.10E-04
2.48761	135	1.50E-03	1.50E-04
2.48771	135	1.60E-03	1.60E-04
2.48781	135	2.80E-03	2.80E-04
2.48791	135	3.10E-03	3.10E-04
2.48801	135	3.40E-03	3.40E-04
2.48811	135	4.10E-03	4.10E-04
2.48831	135	4.10E-03	4.10E-04
2.48842	135	3.30E-03	3.30E-04
2.48862	135	2.20E-03	2.20E-04
2.48882	135	1.80E-03	1.80E-04
2.48902	135	5.00E-04	5.00E-05
2.48922	135	3.00E-04	3.00E-05
2.48942	135	3.00E-04	3.00E-05
2.48962	135	2.00E-04	2.00E-05
2.49083	135	1.00E-04	1.00E-05
2.49124	135	1.00E-04	1.00E-05
2.51017	135	1.00E-04	1.00E-05
2.51198	135	1.00E-04	1.00E-05
2.51259	135	1.00E-04	1.00E-05
2.51319	135	1.00E-04	1.00E-05
2.51561	135	1.00E-04	1.00E-05
2.51621	135	2.00E-04	2.00E-05
2.51642	135	2.00E-04	2.00E-05
2.51662	135	2.00E-04	2.00E-05
2.51672	135	1.00E-04	1.00E-05
2.51682	135	5.00E-04	5.00E-05
2.51692	135	6.00E-04	6.00E-05
2.51702	135	9.00E-04	9.00E-05
2.51712	135	7.00E-04	7.00E-05
2.51722	135	7.00E-04	7.00E-05
2.51732	135	6.00E-04	6.00E-05
2.51742	135	4.00E-04	4.00E-05
2.51752	135	2.00E-04	2.00E-05
2.51762	135	2.00E-04	2.00E-05
2.51772	135	3.00E-04	3.00E-05
2.51783	135	2.00E-04	2.00E-05
2.51803	135	1.00E-04	1.00E-05
2.51823	135	2.00E-04	2.00E-05
2.52004	135	2.00E-04	2.00E-05
2.52306	135	1.00E-04	1.00E-05
2.52548	135	1.00E-04	1.00E-05
2.52608	135	2.00E-04	2.00E-05
2.52850	135	1.00E-04	1.00E-05
2.53092	135	1.00E-04	1.00E-05
2.53152	135	2.00E-04	2.00E-05
2.53213	135	1.00E-04	1.00E-05
2.53334	135	1.00E-04	1.00E-05
2.53515	135	1.00E-04	1.00E-05
2.53636	135	1.00E-04	1.00E-05
2.53938	135	2.00E-04	2.00E-05
2.54119	135	1.00E-04	1.00E-05
2.54724	135	2.00E-04	2.00E-05
2.54845	135	1.00E-04	1.00E-05
2.54905	135	2.00E-04	2.00E-05
2.55399	135	1.00E-04	1.00E-05
2.55409	135	1.00E-04	1.00E-05
2.55419	135	1.00E-04	1.00E-05
2.55449	135	1.00E-04	1.00E-05
2.55479	135	1.00E-04	1.00E-05
2.55519	135	1.00E-04	1.00E-05
2.55650	135	2.00E-04	2.00E-05
2.55691	135	1.00E-04	1.00E-05
2.55731	135	1.00E-04	1.00E-05
2.55791	135	1.00E-04	1.00E-05
2.55832	135	1.00E-04	1.00E-05
2.55993	135	1.00E-04	1.00E-05
2.56396	135	1.00E-04	1.00E-05
2.56517	135	2.00E-04	2.00E-05
2.56678	135	2.00E-04	2.00E-05
2.56718	135	1.00E-04	1.00E-05
2.56758	135	1.00E-04	1.00E-05
2.56799	135	1.00E-04	1.00E-05
2.56839	135	1.00E-04	1.00E-05
2.56879	135	3.00E-04	3.00E-05
2.56919	135	3.00E-04	3.00E-05
2.56960	135	4.00E-04	4.00E-05
2.57000	135	4.00E-04	4.00E-05
2.57040	135	4.00E-04	4.00E-05
2.57081	135	4.00E-04	4.00E-05
2.57121	135	4.00E-04	4.00E-05
2.57161	135	6.00E-04	6.00E-05
2.57201	135	6.00E-04	6.00E-05
2.57242	135	2.00E-04	2.00E-05
2.57282	135	7.00E-04	7.00E-05
2.57363	135	5.00E-04	5.00E-05
2.57403	135	8.00E-04	8.00E-05
2.57443	135	4.00E-04	4.00E-05
2.57484	135	6.00E-04	6.00E-05
2.57524	135	7.00E-04	7.00E-05
2.57564	135	7.00E-04	7.00E-05
2.57604	135	8.00E-04	8.00E-05
2.57645	135	5.00E-04	5.00E-05
2.57685	135	2.00E-04	2.00E-05
2.57725	135	3.00E-04	3.00E-05
2.57766	135	4.00E-04	4.00E-05
2.57806	135	4.00E-04	4.00E-05
2.57846	135	3.00E-04	3.00E-05
2.57886	135	4.00E-04	4.00E-05
2.57927	135	2.00E-04	2.00E-05
2.57967	135	3.00E-04	3.00E-05
2.58007	135	3.00E-04	3.00E-05
2.58048	135	3.00E-04	3.00E-05
2.58088	135	3.00E-04	3.00E-05
2.58128	135	3.00E-04	3.00E-05
2.58168	135	3.00E-04	3.00E-05
2.58209	135	3.00E-04	3.00E-05
2.58249	135	3.00E-04	3.00E-05
2.58289	135	1.00E-04	1.00E-05
2.58330	135	3.00E-04	3.00E-05
2.58370	135	2.00E-04	2.00E-05
2.58410	135	3.00E-04	3.00E-05
2.58450	135	2.00E-04	2.00E-05
2.58491	135	2.00E-04	2.00E-05
2.58531	135	1.00E-04	1.00E-05
2.58571	135	1.00E-04	1.00E-05
2.58612	135	1.00E-04	1.00E-05
2.58652	135	3.00E-04	3.00E-05
2.58692	135	1.00E-04	1.00E-05
2.58733	135	1.00E-04	1.00E-05
2.58773	135	1.00E-04	1.00E-05
2.58853	135	1.00E-04	1.00E-05
2.58894	135	1.00E-04	1.00E-05
2.59015	135	1.00E-04	1.00E-05
2.59095	135	3.00E-04	3.00E-05
2.59256	135	1.00E-04	1.00E-05
2.59337	135	1.00E-04	1.00E-05
2.60062	135	1.00E-04	1.00E-05
2.60163	135	1.00E-04	1.00E-05
2.60304	135	1.00E-04	1.00E-05
2.60344	135	1.00E-04	1.00E-05
2.60384	135	4.00E-04	4.00E-05
2.60405	135	4.00E-04	4.00E-05
2.60425	135	6.00E-04	6.00E-05
2.60445	135	9.00E-04	9.00E-05
2.60465	135	1.10E-03	1.10E-04
2.60485	135	7.00E-04	7.00E-05
2.60505	135	8.00E-04	8.00E-05
2.60525	135	6.00E-04	6.00E-05
2.60546	135	2.00E-04	2.00E-05
2.60566	135	1.00E-04	1.00E-05
2.60586	135	2.00E-04	2.00E-05
2.60606	135	1.00E-04	1.00E-05
2.61372	135	1.00E-04	1.00E-05
2.62943	135	1.00E-04	1.00E-05
2.63003	135	2.00E-04	2.00E-05
2.63124	135	2.00E-04	2.00E-05
2.63245	135	1.00E-04	1.00E-05
2.63306	135	1.00E-04	1.00E-05
2.63366	135	2.00E-04	2.00E-05
2.63426	135	2.00E-04	2.00E-05
2.63487	135	2.00E-04	2.00E-05
2.63547	135	1.00E-04	1.00E-05
2.63608	135	2.00E-04	2.00E-05
2.63668	135	3.00E-04	3.00E-05
2.63729	135	1.00E-04	1.00E-05
2.63850	135	1.00E-04	1.00E-05
2.63910	135	2.00E-04	2.00E-05
2.63970	135	1.00E-04	1.00E-05
2.64091	135	2.00E-04	2.00E-05
2.64212	135	1.00E-04	1.00E-05
2.64273	135	1.00E-04	1.00E-05
2.64393	135	1.00E-04	1.00E-05
2.64454	135	2.00E-04	2.00E-05
2.64575	135	1.00E-04	1.00E-05
2.64696	135	1.00E-04	1.00E-05
2.64756	135	2.00E-04	2.00E-05
2.64817	135	1.00E-04	1.00E-05
2.64998	135	3.00E-04	3.00E-05
2.65058	135	1.00E-04	1.00E-05
2.65119	135	1.00E-04	1.00E-05
2.65179	135	1.00E-04	1.00E-05
2.65240	135	1.00E-04	1.00E-05
2.65300	135	3.00E-04	3.00E-05
2.65360	135	1.00E-04	1.00E-05
2.65542	135	1.00E-04	1.00E-05
2.65663	135	1.00E-04	1.00E-05
2.65723	135	1.00E-04	1.00E-05
2.65784	135	1.00E-04	1.00E-05
2.65844	135	2.00E-04	2.00E-05
2.65904	135	1.00E-04	1.00E-05
2.65965	135	3.00E-04	3.00E-05
2.66025	135	1.00E-04	1.00E-05
2.66086	135	3.00E-04	3.00E-05
2.66146	135	1.00E-04	1.00E-05
2.66207	135	2.00E-04	2.00E-05
2.66267	135	2.00E-04	2.00E-05
2.66328	135	3.00E-04	3.00E-05
2.66388	135	2.00E-04	2.00E-05
2.66448	135	3.00E-04	3.00E-05
2.66509	135	2.00E-04	2.00E-05
2.66569	135	4.00E-04	4.00E-05
2.66630	135	3.00E-04	3.00E-05
2.66690	135	3.00E-04	3.00E-05
2.66751	135	4.00E-04	4.00E-05
2.66811	135	5.00E-04	5.00E-05
2.66871	135	3.00E-04	3.00E-05
2.66932	135	4.00E-04	4.00E-05
2.66992	135	5.00E-04	5.00E-05
2.67053	135	5.00E-04	5.00E-05
2.67113	135	4.00E-04	4.00E-05
2.67123	135	4.00E-04	4.00E-05
2.67133	135	4.00E-04	4.00E-05
2.67174	135	7.00E-04	7.00E-05
2.67234	135	3.00E-04	3.00E-05
2.67295	135	5.00E-04	5.00E-05
2.67355	135	4.00E-04	4.00E-05
2.67436	135	5.00E-04	5.00E-05
2.67496	135	4.00E-04	4.00E-05
2.67556	135	4.00E-04	4.00E-05
2.67617	135	1.30E-03	1.30E-04
2.67677	135	3.00E-04	3.00E-05
2.67738	135	3.00E-04	3.00E-05
2.67798	135	4.00E-04	4.00E-05
2.67859	135	2.00E-04	2.00E-05
2.67919	135	2.00E-04	2.00E-05
2.67980	135	3.00E-04	3.00E-05
2.68040	135	3.00E-04	3.00E-05
2.68100	135	4.00E-04	4.00E-05
2.68161	135	1.00E-04	1.00E-05
2.68221	135	1.00E-04	1.00E-05
2.68282	135	4.00E-04	4.00E-05
2.68342	135	2.00E-04	2.00E-05
2.68403	135	3.00E-04	3.00E-05
2.68463	135	2.00E-04	2.00E-05
2.68523	135	2.00E-04	2.00E-05
2.68584	135	2.00E-04	2.00E-05
2.68644	135	1.00E-04	1.00E-05
2.68705	135	1.00E-04	1.00E-05
2.68765	135	3.00E-04	3.00E-05
2.68826	135	1.00E-04	1.00E-05
2.68886	135	3.00E-04	3.00E-05
2.68947	135	2.00E-04	2.00E-05
2.69007	135	1.00E-04	1.00E-05
2.69067	135	2.00E-04	2.00E-05
2.69128	135	1.00E-04	1.00E-05
2.69188	135	2.00E-04	2.00E-05
2.69249	135	3.00E-04	3.00E-05
2.69309	135	1.00E-04	1.00E-05
2.69370	135	2.00E-04	2.00E-05
2.69430	135	2.00E-04	2.00E-05
2.69491	135	1.00E-04	1.00E-05
2.69551	135	1.00E-04	1.00E-05
2.69611	135	1.00E-04	1.00E-05
2.69672	135	2.00E-04	2.00E-05
2.69732	135	1.00E-04	1.00E-05
2.69853	135	1.00E-04	1.00E-05
2.69914	135	2.00E-04	2.00E-05
2.69974	135	1.00E-04	1.00E-05
2.70035	135	1.00E-04	1.00E-05
2.70095	135	1.00E-04	1.00E-05
2.70155	135	1.00E-04	1.00E-05
2.70216	135	2.00E-04	2.00E-05
2.70276	135	2.00E-04	2.00E-05
2.70337	135	1.00E-04	1.00E-05
2.70397	135	2.00E-04	2.00E-05
2.70458	135	1.00E-04	1.00E-05
2.70518	135	2.00E-04	2.00E-05
2.70578	135	1.00E-04	1.00E-05
2.70639	135	1.00E-04	1.00E-05
2.70699	135	2.00E-04	2.00E-05
2.70760	135	1.00E-04	1.00E-05
2.70820	135	2.00E-04	2.00E-05
2.70881	135	2.00E-04	2.00E-05
2.70941	135	3.00E-04	3.00E-05
2.71002	135	3.00E-04	3.00E-05
2.71062	135	2.00E-04	2.00E-05
2.71122	135	4.00E-04	4.00E-05
2.71183	135	7.00E-04	7.00E-05
2.71193	135	9.00E-04	9.00E-05
2.71203	135	1.30E-03	1.30E-04
2.71213	135	1.20E-03	1.20E-04
2.71223	135	1.60E-03	1.60E-04
2.71243	135	1.70E-03	1.70E-04
2.71263	135	1.90E-03	1.90E-04
2.71284	135	2.20E-03	2.20E-04
2.71324	135	2.10E-03	2.10E-04
2.71344	135	2.20E-03	2.20E-04
2.71364	135	2.20E-03	2.20E-04
2.71384	135	1.70E-03	1.70E-04
2.71405	135	1.50E-03	1.50E-04
2.71425	135	1.10E-03	1.10E-04
2.71445	135	1.10E-03	1.10E-04
2.71465	135	1.30E-03	1.30E-04
2.71485	135	9.00E-04	9.00E-05
2.71505	135	9.00E-04	9.00E-05
2.71525	135	6.00E-04	6.00E-05
2.71546	135	6.00E-04	6.00E-05
2.71566	135	7.00E-04	7.00E-05
2.71606	135	6.00E-04	6.00E-05
2.71646	135	6.00E-04	6.00E-05
2.71687	135	7.00E-04	7.00E-05
2.71727	135	6.00E-04	6.00E-05
2.71767	135	5.00E-04	5.00E-05
2.71807	135	8.00E-04	8.00E-05
2.71848	135	5.00E-04	5.00E-05
2.71908	135	4.00E-04	4.00E-05
2.71969	135	6.00E-04	6.00E-05
2.71989	135	6.00E-04	6.00E-05
2.72009	135	4.00E-04	4.00E-05
2.72029	135	5.00E-04	5.00E-05
2.72049	135	7.00E-04	7.00E-05
2.72069	135	6.00E-04	6.00E-05
2.72090	135	5.00E-04	5.00E-05
2.72110	135	4.00E-04	4.00E-05
2.72130	135	7.00E-04	7.00E-05
2.72150	135	6.00E-04	6.00E-05
2.72170	135	4.00E-04	4.00E-05
2.72190	135	5.00E-04	5.00E-05
2.72210	135	3.00E-04	3.00E-05
2.72231	135	6.00E-04	6.00E-05
2.72251	135	5.00E-04	5.00E-05
2.72271	135	6.00E-04	6.00E-05
2.72291	135	4.00E-04	4.00E-05
2.72311	135	4.00E-04	4.00E-05
2.72331	135	6.00E-04	6.00E-05
2.72351	135	7.00E-04	7.00E-05
2.72372	135	7.00E-04	7.00E-05
2.72412	135	6.00E-04	6.00E-05
2.72452	135	6.00E-04	6.00E-05
2.72472	135	5.00E-04	5.00E-05
2.72492	135	6.00E-04	6.00E-05
2.72513	135	7.00E-04	7.00E-05
2.72533	135	7.00E-04	7.00E-05
2.72553	135	1.10E-03	1.10E-04
2.72593	135	1.10E-03	1.10E-04
2.72613	135	9.00E-04	9.00E-05
2.72634	135	8.00E-04	8.00E-05
2.72654	135	6.00E-04	6.00E-05
2.72674	135	7.00E-04	7.00E-05
2.72694	135	4.00E-04	4.00E-05
2.72714	135	5.00E-04	5.00E-05
2.72734	135	5.00E-04	5.00E-05
2.72754	135	3.00E-04	3.00E-05
2.72775	135	6.00E-04	6.00E-05
2.72795	135	4.00E-04	4.00E-05
2.72815	135	5.00E-04	5.00E-05
2.72855	135	5.00E-04	5.00E-05
2.72895	135	4.00E-04	4.00E-05
2.72936	135	4.00E-04	4.00E-05
2.72976	135	4.00E-04	4.00E-05
2.73036	135	5.00E-04	5.00E-05
2.73097	135	3.00E-04	3.00E-05
2.73157	135	3.00E-04	3.00E-05
2.73218	135	6.00E-04	6.00E-05
2.73278	135	3.00E-04	3.00E-05
2.73339	135	3.00E-04	3.00E-05
2.73399	135	5.00E-04	5.00E-05
2.73460	135	3.00E-04	3.00E-05
2.73520	135	4.00E-04	4.00E-05
2.73580	135	5.00E-04	5.00E-05
2.73641	135	6.00E-04	6.00E-05
2.73701	135	8.00E-04	8.00E-05
2.73762	135	6.00E-04	6.00E-05
2.73822	135	9.00E-04	9.00E-05
2.73883	135	1.70E-03	1.70E-04
2.73943	135	2.60E-03	2.60E-04
2.73963	135	3.50E-03	3.50E-04
2.73973	135	3.40E-03	3.40E-04
2.73983	135	5.10E-03	5.10E-04
2.73993	135	4.50E-03	4.50E-04
2.74004	135	5.50E-03	5.50E-04
2.74014	135	6.10E-03	6.10E-04
2.74024	135	6.90E-03	6.90E-04
2.74034	135	7.40E-03	7.40E-04
2.74044	135	7.70E-03	7.70E-04
2.74054	135	7.40E-03	7.40E-04
2.74064	135	7.20E-03	7.20E-04
2.74074	135	8.10E-03	8.10E-04
2.74084	135	7.60E-03	7.60E-04
2.74094	135	6.70E-03	6.70E-04
2.74104	135	6.80E-03	6.80E-04
2.74114	135	5.60E-03	5.60E-04
2.74124	135	5.30E-03	5.30E-04
2.74134	135	4.70E-03	4.70E-04
2.74145	135	4.70E-03	4.70E-04
2.74155	135	3.70E-03	3.70E-04
2.74165	135	4.10E-03	4.10E-04
2.74175	135	3.40E-03	3.40E-04
2.74185	135	3.20E-03	3.20E-04
2.74195	135	2.70E-03	2.70E-04
2.74205	135	2.60E-03	2.60E-04
2.74215	135	2.30E-03	2.30E-04
2.74225	135	2.10E-03	2.10E-04
2.74235	135	1.70E-03	1.70E-04
2.74255	135	1.50E-03	1.50E-04
2.74265	135	1.60E-03	1.60E-04
2.74276	135	1.60E-03	1.60E-04
2.74286	135	1.30E-03	1.30E-04
2.74306	135	1.40E-03	1.40E-04
2.74326	135	1.40E-03	1.40E-04
2.74366	135	1.30E-03	1.30E-04
2.74406	135	8.00E-04	8.00E-05
2.74427	135	6.00E-04	6.00E-05
2.74467	135	7.00E-04	7.00E-05
2.74507	135	7.00E-04	7.00E-05
2.74548	135	7.00E-04	7.00E-05
2.74588	135	6.00E-04	6.00E-05
2.74648	135	6.00E-04	6.00E-05
2.74709	135	5.00E-04	5.00E-05
2.74769	135	2.00E-04	2.00E-05
2.74830	135	4.00E-04	4.00E-05
2.74890	135	4.00E-04	4.00E-05
2.74950	135	2.00E-04	2.00E-05
2.75011	135	4.00E-04	4.00E-05
2.75071	135	4.00E-04	4.00E-05
2.75132	135	4.00E-04	4.00E-05
2.75192	135	3.00E-04	3.00E-05
2.75253	135	3.00E-04	3.00E-05
2.75313	135	3.00E-04	3.00E-05
2.75353	135	3.00E-04	3.00E-05
2.75394	135	4.00E-04	4.00E-05
2.75434	135	2.00E-04	2.00E-05
2.75474	135	4.00E-04	4.00E-05
2.75515	135	3.00E-04	3.00E-05
2.75555	135	2.00E-04	2.00E-05
2.75595	135	3.00E-04	3.00E-05
2.75656	135	2.00E-04	2.00E-05
2.75716	135	4.00E-04	4.00E-05
2.75777	135	3.00E-04	3.00E-05
2.75837	135	3.00E-04	3.00E-05
2.75897	135	3.00E-04	3.00E-05
2.75958	135	2.00E-04	2.00E-05
2.76018	135	4.00E-04	4.00E-05
2.76079	135	3.00E-04	3.00E-05
2.76139	135	4.00E-04	4.00E-05
2.76200	135	3.00E-04	3.00E-05
2.76260	135	3.00E-04	3.00E-05
2.76321	135	3.00E-04	3.00E-05
2.76381	135	4.00E-04	4.00E-05
2.76441	135	2.00E-04	2.00E-05
2.76502	135	4.00E-04	4.00E-05
2.76562	135	3.00E-04	3.00E-05
2.76623	135	3.00E-04	3.00E-05
2.76683	135	2.00E-04	2.00E-05
2.76744	135	2.00E-04	2.00E-05
2.76804	135	2.00E-04	2.00E-05
2.76865	135	2.00E-04	2.00E-05
2.76925	135	2.00E-04	2.00E-05
2.76985	135	1.00E-04	1.00E-05
2.77046	135	2.00E-04	2.00E-05
2.77106	135	3.00E-04	3.00E-05
2.77167	135	2.00E-04	2.00E-05
2.77288	135	3.00E-04	3.00E-05
2.77348	135	2.00E-04	2.00E-05
2.77409	135	2.00E-04	2.00E-05
2.77469	135	1.00E-04	1.00E-05
2.77529	135	2.00E-04	2.00E-05
2.77590	135	2.00E-04	2.00E-05
2.77650	135	1.00E-04	1.00E-05
2.77711	135	1.00E-04	1.00E-05
2.77771	135	2.00E-04	2.00E-05
2.77832	135	2.00E-04	2.00E-05
2.77892	135	2.00E-04	2.00E-05
2.77953	135	2.00E-04	2.00E-05
2.78013	135	2.00E-04	2.00E-05
2.78073	135	1.00E-04	1.00E-05
2.78134	135	2.00E-04	2.00E-05
2.78194	135	2.00E-04	2.00E-05
2.78255	135	1.00E-04	1.00E-05
2.78376	135	1.00E-04	1.00E-05
2.78436	135	1.00E-04	1.00E-05
2.78497	135	1.00E-04	1.00E-05
2.78557	135	2.00E-04	2.00E-05
2.78617	135	2.00E-04	2.00E-05
2.78678	135	1.00E-04	1.00E-05
2.78738	135	1.00E-04	1.00E-05
2.78799	135	1.00E-04	1.00E-05
2.78859	135	1.00E-04	1.00E-05
2.78920	135	1.00E-04	1.00E-05
2.78980	135	1.00E-04	1.00E-05
2.79041	135	2.00E-04	2.00E-05
2.79101	135	1.00E-04	1.00E-05
2.79161	135	1.00E-04	1.00E-05
2.79222	135	1.00E-04	1.00E-05
2.79282	135	1.00E-04	1.00E-05
2.79464	135	1.00E-04	1.00E-05
2.79484	135	2.00E-04	2.00E-05
2.79504	135	2.00E-04	2.00E-05
2.79524	135	1.00E-04	1.00E-05
2.79534	135	2.00E-04	2.00E-05
2.79544	135	2.00E-04	2.00E-05
2.79605	135	1.00E-04	1.00E-05
2.79786	135	1.00E-04	1.00E-05
2.79846	135	2.00E-04	2.00E-05
2.79907	135	1.00E-04	1.00E-05
2.79967	135	1.00E-04	1.00E-05
2.80028	135	1.00E-04	1.00E-05
2.80088	135	2.00E-04	2.00E-05
2.80108	135	1.00E-04	1.00E-05
2.80129	135	2.00E-04	2.00E-05
2.80209	135	2.00E-04	2.00E-05
2.80249	135	2.00E-04	2.00E-05
2.80290	135	2.00E-04	2.00E-05
2.80330	135	2.00E-04	2.00E-05
2.80370	135	1.00E-04	1.00E-05
2.80411	135	1.00E-04	1.00E-05
2.80451	135	1.00E-04	1.00E-05
2.80491	135	2.00E-04	2.00E-05
2.80532	135	1.00E-04	1.00E-05
2.80572	135	4.00E-04	4.00E-05
2.80592	135	4.00E-04	4.00E-05
2.80612	135	4.00E-04	4.00E-05
2.80632	135	3.00E-04	3.00E-05
2.80673	135	4.00E-04	4.00E-05
2.80713	135	5.00E-04	5.00E-05
2.80753	135	4.00E-04	4.00E-05
2.80773	135	4.00E-04	4.00E-05
2.80793	135	7.00E-04	7.00E-05
2.80804	135	7.00E-04	7.00E-05
2.80814	135	8.00E-04	8.00E-05
2.80824	135	8.00E-04	8.00E-05
2.80834	135	7.00E-04	7.00E-05
2.80854	135	8.00E-04	8.00E-05
2.80864	135	1.10E-03	1.10E-04
2.80874	135	1.20E-03	1.20E-04
2.80894	135	1.40E-03	1.40E-04
2.80914	135	1.30E-03	1.30E-04
2.80924	135	1.50E-03	1.50E-04
2.80935	135	2.10E-03	2.10E-04
2.80945	135	1.70E-03	1.70E-04
2.80965	135	2.20E-03	2.20E-04
2.80985	135	1.80E-03	1.80E-04
2.80995	135	2.30E-03	2.30E-04
2.81005	135	1.60E-03	1.60E-04
2.81025	135	1.80E-03	1.80E-04
2.81035	135	1.80E-03	1.80E-04
2.81045	135	1.40E-03	1.40E-04
2.81055	135	1.60E-03	1.60E-04
2.81065	135	1.40E-03	1.40E-04
2.81076	135	1.70E-03	1.70E-04
2.81086	135	1.40E-03	1.40E-04
2.81096	135	1.70E-03	1.70E-04
2.81106	135	1.10E-03	1.10E-04
2.81116	135	9.00E-04	9.00E-05
2.81126	135	1.10E-03	1.10E-04
2.81136	135	7.00E-04	7.00E-05
2.81146	135	8.00E-04	8.00E-05
2.81156	135	9.00E-04	9.00E-05
2.81166	135	6.00E-04	6.00E-05
2.81176	135	6.00E-04	6.00E-05
2.81186	135	7.00E-04	7.00E-05
2.81196	135	7.00E-04	7.00E-05
2.81207	135	8.00E-04	8.00E-05
2.81217	135	6.00E-04	6.00E-05
2.81227	135	6.00E-04	6.00E-05
2.81237	135	5.00E-04	5.00E-05
2.81247	135	5.00E-04	5.00E-05
2.81257	135	6.00E-04	6.00E-05
2.81267	135	5.00E-04	5.00E-05
2.81277	135	4.00E-04	4.00E-05
2.81287	135	4.00E-04	4.00E-05
2.81297	135	5.00E-04	5.00E-05
2.81307	135	5.00E-04	5.00E-05
2.81317	135	5.00E-04	5.00E-05
2.81327	135	5.00E-04	5.00E-05
2.81337	135	5.00E-04	5.00E-05
2.81358	135	2.00E-04	2.00E-05
2.81378	135	4.00E-04	4.00E-05
2.81398	135	6.00E-04	6.00E-05
2.81418	135	4.00E-04	4.00E-05
2.81438	135	4.00E-04	4.00E-05
2.81458	135	3.00E-04	3.00E-05
2.81479	135	3.00E-04	3.00E-05
2.81499	135	4.00E-04	4.00E-05
2.81519	135	1.00E-04	1.00E-05
2.81539	135	1.00E-04	1.00E-05
2.81559	135	2.00E-04	2.00E-05
2.81579	135	2.00E-04	2.00E-05
2.81599	135	2.00E-04	2.00E-05
2.81620	135	1.00E-04	1.00E-05
2.81640	135	2.00E-04	2.00E-05
2.81660	135	1.00E-04	1.00E-05
2.81680	135	2.00E-04	2.00E-05
2.81700	135	1.00E-04	1.00E-05
2.81720	135	2.00E-04	2.00E-05
2.81740	135	1.00E-04	1.00E-05
2.81761	135	2.00E-04	2.00E-05
2.81781	135	2.00E-04	2.00E-05
2.81801	135	1.00E-04	1.00E-05
2.81821	135	1.00E-04	1.00E-05
2.81841	135	2.00E-04	2.00E-05
2.81881	135	2.00E-04	2.00E-05
2.81922	135	2.00E-04	2.00E-05
2.81962	135	1.00E-04	1.00E-05
2.82002	135	1.00E-04	1.00E-05
2.82043	135	1.00E-04	1.00E-05
2.82123	135	2.00E-04	2.00E-05
2.82164	135	1.00E-04	1.00E-05
2.82204	135	2.00E-04	2.00E-05
2.82264	135	1.00E-04	1.00E-05
2.82325	135	2.00E-04	2.00E-05
2.82385	135	1.00E-04	1.00E-05
2.82446	135	1.00E-04	1.00E-05
2.82567	135	1.00E-04	1.00E-05
2.82627	135	1.00E-04	1.00E-05
2.82687	135	1.00E-04	1.00E-05
2.82808	135	1.00E-04	1.00E-05
2.82869	135	1.00E-04	1.00E-05
2.82929	135	1.00E-04	1.00E-05
2.82990	135	1.00E-04	1.00E-05
2.83050	135	2.00E-04	2.00E-05
2.83171	135	1.00E-04	1.00E-05
2.83231	135	2.00E-04	2.00E-05
2.83292	135	1.00E-04	1.00E-05
2.83352	135	1.00E-04	1.00E-05
2.83413	135	1.00E-04	1.00E-05
2.83473	135	1.00E-04	1.00E-05
2.83534	135	1.00E-04	1.00E-05
2.83594	135	2.00E-04	2.00E-05
2.83655	135	1.00E-04	1.00E-05
2.83836	135	1.00E-04	1.00E-05
2.83957	135	1.00E-04	1.00E-05
2.84017	135	1.00E-04	1.00E-05
2.84078	135	2.00E-04	2.00E-05
2.84138	135	2.00E-04	2.00E-05
2.84199	135	2.00E-04	2.00E-05
2.84259	135	1.00E-04	1.00E-05
2.84320	135	1.00E-04	1.00E-05
2.84380	135	2.00E-04	2.00E-05
2.84440	135	2.00E-04	2.00E-05
2.84501	135	9.00E-04	9.00E-05
2.84521	135	1.10E-03	1.10E-04
2.84531	135	1.20E-03	1.20E-04
2.84541	135	1.30E-03	1.30E-04
2.84551	135	1.50E-03	1.50E-04
2.84561	135	1.60E-03	1.60E-04
2.84571	135	1.30E-03	1.30E-04
2.84581	135	1.10E-03	1.10E-04
2.84602	135	5.00E-04	5.00E-05
2.84612	135	5.00E-04	5.00E-05
2.84622	135	4.00E-04	4.00E-05
2.84632	135	4.00E-04	4.00E-05
2.84642	135	6.00E-04	6.00E-05
2.84652	135	2.00E-04	2.00E-05
2.84662	135	1.00E-04	1.00E-05
2.84672	135	1.00E-04	1.00E-05
2.84682	135	2.00E-04	2.00E-05
2.84692	135	2.00E-04	2.00E-05
2.84702	135	2.00E-04	2.00E-05
2.84712	135	3.00E-04	3.00E-05
2.84723	135	2.00E-04	2.00E-05
2.84733	135	3.00E-04	3.00E-05
2.84743	135	1.00E-04	1.00E-05
2.84753	135	1.00E-04	1.00E-05
2.84773	135	2.00E-04	2.00E-05
2.84783	135	1.00E-04	1.00E-05
2.84793	135	2.00E-04	2.00E-05
2.84813	135	1.00E-04	1.00E-05
2.84823	135	1.00E-04	1.00E-05
2.84833	135	1.00E-04	1.00E-05
2.84843	135	2.00E-04	2.00E-05
2.84853	135	1.00E-04	1.00E-05
2.84864	135	1.00E-04	1.00E-05
2.84874	135	1.00E-04	1.00E-05
2.84904	135	1.00E-04	1.00E-05
2.84924	135	1.00E-04	1.00E-05
2.84944	135	1.00E-04	1.00E-05
2.84964	135	1.00E-04	1.00E-05
2.84984	135	1.00E-04	1.00E-05
2.85005	135	2.00E-04	2.00E-05
2.85015	135	2.00E-04	2.00E-05
2.85025	135	3.00E-04	3.00E-05
2.85035	135	3.00E-04	3.00E-05
2.85045	135	2.00E-04	2.00E-05
2.85055	135	1.00E-04	1.00E-05
2.85065	135	2.00E-04	2.00E-05
2.85075	135	2.00E-04	2.00E-05
2.85085	135	2.00E-04	2.00E-05
2.85095	135	1.00E-04	1.00E-05
2.85105	135	1.00E-04	1.00E-05
2.85125	135	2.00E-04	2.00E-05
2.85146	135	1.00E-04	1.00E-05
2.85166	135	1.00E-04	1.00E-05
2.85186	135	1.00E-04	1.00E-05
2.85206	135	1.00E-04	1.00E-05
2.85246	135	1.00E-04	1.00E-05
2.85327	135	1.00E-04	1.00E-05
2.85367	135	1.00E-04	1.00E-05
2.85448	135	2.00E-04	2.00E-05
2.85488	135	1.00E-04	1.00E-05
2.85528	135	1.00E-04	1.00E-05
2.85569	135	1.00E-04	1.00E-05
2.85609	135	1.00E-04	1.00E-05
2.85649	135	2.00E-04	2.00E-05
2.85690	135	1.00E-04	1.00E-05
2.85730	135	1.00E-04	1.00E-05
2.85770	135	2.00E-04	2.00E-05
2.85811	135	2.00E-04	2.00E-05
2.85831	135	2.00E-04	2.00E-05
2.85871	135	2.00E-04	2.00E-05
2.85891	135	1.00E-04	1.00E-05
2.85911	135	1.00E-04	1.00E-05
2.85931	135	1.00E-04	1.00E-05
2.85972	135	1.00E-04	1.00E-05
2.86052	135	2.00E-04	2.00E-05
2.86073	135	1.00E-04	1.00E-05
2.86113	135	1.00E-04	1.00E-05
2.86193	135	2.00E-04	2.00E-05
2.86274	135	1.00E-04	1.00E-05
2.86435	135	3.00E-04	3.00E-05
2.86516	135	1.00E-04	1.00E-05
2.86596	135	1.00E-04	1.00E-05
2.86657	135	1.00E-04	1.00E-05
2.86697	135	2.00E-04	2.00E-05
2.86737	135	2.00E-04	2.00E-05
2.86778	135	4.00E-04	4.00E-05
2.86818	135	2.00E-04	2.00E-05
2.86858	135	1.00E-04	1.00E-05
2.86899	135	2.00E-04	2.00E-05
2.86979	135	2.00E-04	2.00E-05
2.87020	135	2.00E-04	2.00E-05
2.87060	135	1.00E-04	1.00E-05
2.87100	135	3.00E-04	3.00E-05
2.87140	135	1.00E-04	1.00E-05
2.87181	135	3.00E-04	3.00E-05
2.87221	135	3.00E-04	3.00E-05
2.87261	135	3.00E-04	3.00E-05
2.87302	135	6.00E-04	6.00E-05
2.87342	135	7.00E-04	7.00E-05
2.87382	135	4.00E-04	4.00E-05
2.87423	135	6.00E-04	6.00E-05
2.87463	135	7.00E-04	7.00E-05
2.87503	135	8.00E-04	8.00E-05
2.87624	135	1.20E-03	1.20E-04
2.87664	135	1.70E-03	1.70E-04
2.87705	135	1.30E-03	1.30E-04
2.87745	135	1.30E-03	1.30E-04
2.87785	135	9.00E-04	9.00E-05
2.87826	135	7.00E-04	7.00E-05
2.87866	135	6.00E-04	6.00E-05
2.87906	135	7.00E-04	7.00E-05
2.87946	135	4.00E-04	4.00E-05
2.87987	135	8.00E-04	8.00E-05
2.88027	135	4.00E-04	4.00E-05
2.88067	135	4.00E-04	4.00E-05
2.88128	135	4.00E-04	4.00E-05
2.88188	135	2.00E-04	2.00E-05
2.88269	135	3.00E-04	3.00E-05
2.88349	135	5.00E-04	5.00E-05
2.88430	135	6.00E-04	6.00E-05
2.88511	135	5.00E-04	5.00E-05
2.88611	135	4.00E-04	4.00E-05
2.88732	135	4.00E-04	4.00E-05
2.88853	135	3.00E-04	3.00E-05
2.88974	135	3.00E-04	3.00E-05
2.89095	135	3.00E-04	3.00E-05
2.89216	135	4.00E-04	4.00E-05
2.89337	135	3.00E-04	3.00E-05
2.89458	135	4.00E-04	4.00E-05
2.89579	135	1.00E-04	1.00E-05
2.89699	135	4.00E-04	4.00E-05
2.89820	135	2.00E-04	2.00E-05
2.89941	135	6.00E-04	6.00E-05
2.90062	135	1.00E-04	1.00E-05
2.90183	135	1.00E-04	1.00E-05
2.90304	135	2.00E-04	2.00E-05
2.90425	135	2.00E-04	2.00E-05
2.90546	135	3.00E-04	3.00E-05
2.90667	135	3.00E-04	3.00E-05
2.90788	135	3.00E-04	3.00E-05
2.90908	135	4.00E-04	4.00E-05
2.90929	135	4.00E-04	4.00E-05
2.90989	135	1.70E-03	1.70E-04
2.91009	135	2.30E-03	2.30E-04
2.91029	135	3.70E-03	3.70E-04
2.91050	135	5.50E-03	5.50E-04
2.91070	135	6.60E-03	6.60E-04
2.91090	135	7.60E-03	7.60E-04
2.91110	135	6.50E-03	6.50E-04
2.91130	135	5.70E-03	5.70E-04
2.91150	135	3.80E-03	3.80E-04
2.91170	135	2.50E-03	2.50E-04
2.91191	135	1.90E-03	1.90E-04
2.91231	135	7.00E-04	7.00E-05
2.91271	135	6.00E-04	6.00E-05
2.91311	135	5.00E-04	5.00E-05
2.91372	135	5.00E-04	5.00E-05
2.91453	135	5.00E-04	5.00E-05
2.91533	135	5.00E-04	5.00E-05
2.91614	135	3.00E-04	3.00E-05
2.91694	135	2.00E-04	2.00E-05
2.91775	135	1.00E-04	1.00E-05
2.91856	135	3.00E-04	3.00E-05
2.91916	135	4.00E-04	4.00E-05
2.91956	135	5.00E-04	5.00E-05
2.91997	135	1.60E-03	1.60E-04
2.92037	135	4.30E-03	4.30E-04
2.92057	135	3.80E-03	3.80E-04
2.92077	135	2.80E-03	2.80E-04
2.92097	135	1.50E-03	1.50E-04
2.92117	135	8.00E-04	8.00E-05
2.92138	135	2.00E-04	2.00E-05
2.92158	135	4.00E-04	4.00E-05
2.92178	135	3.00E-04	3.00E-05
2.92218	135	3.00E-04	3.00E-05
2.92259	135	1.00E-04	1.00E-05
2.92299	135	4.00E-04	4.00E-05
2.92359	135	2.00E-04	2.00E-05
2.92440	135	1.00E-04	1.00E-05
2.92521	135	2.00E-04	2.00E-05
2.92641	135	2.00E-04	2.00E-05
2.92762	135	1.00E-04	1.00E-05
2.92883	135	2.00E-04	2.00E-05
2.93004	135	1.00E-04	1.00E-05
2.93125	135	1.00E-04	1.00E-05
2.93246	135	2.00E-04	2.00E-05
2.93367	135	2.00E-04	2.00E-05
2.93488	135	1.00E-04	1.00E-05
2.93609	135	3.00E-04	3.00E-05
2.93730	135	1.00E-04	1.00E-05
2.93850	135	2.00E-04	2.00E-05
2.93971	135	3.00E-04	3.00E-05
2.94092	135	3.00E-04	3.00E-05
2.94213	135	2.00E-04	2.00E-05
2.94334	135	4.00E-04	4.00E-05
2.94455	135	2.00E-04	2.00E-05
2.94576	135	1.00E-04	1.00E-05
2.94697	135	2.00E-04	2.00E-05
2.94818	135	4.00E-04	4.00E-05
2.94939	135	1.00E-04	1.00E-05
2.95059	135	2.00E-04	2.00E-05
2.95180	135	4.00E-04	4.00E-05
2.95301	135	4.00E-04	4.00E-05
2.95422	135	5.00E-04	5.00E-05
2.95543	135	6.00E-04	6.00E-05
2.95664	135	7.00E-04	7.00E-05
2.95785	135	3.00E-04	3.00E-05
2.95906	135	7.00E-04	7.00E-05
2.96027	135	4.00E-04	4.00E-05
2.96148	135	5.00E-04	5.00E-05
2.96269	135	6.00E-04	6.00E-05
2.96389	135	4.00E-04	4.00E-05
2.96510	135	6.00E-04	6.00E-05
2.96631	135	5.00E-04	5.00E-05
2.96752	135	5.00E-04	5.00E-05
2.96873	135	4.00E-04	4.00E-05
2.96994	135	3.00E-04	3.00E-05
2.97115	135	3.00E-04	3.00E-05
2.97236	135	2.00E-04	2.00E-05
2.97357	135	4.00E-04	4.00E-05
2.97478	135	2.00E-04	2.00E-05
2.97599	135	5.00E-04	5.00E-05
2.97719	135	4.00E-04	4.00E-05
2.97840	135	4.00E-04	4.00E-05
2.97961	135	4.00E-04	4.00E-05
2.98082	135	2.00E-04	2.00E-05
2.98203	135	1.00E-04	1.00E-05
2.98324	135	3.00E-04	3.00E-05
2.98445	135	4.00E-04	4.00E-05
2.98566	135	4.00E-04	4.00E-05
2.98687	135	5.00E-04	5.00E-05
2.98808	135	2.00E-04	2.00E-05
2.98929	135	5.00E-04	5.00E-05
2.99049	135	4.00E-04	4.00E-05
2.99130	135	4.00E-04	4.00E-05
2.99211	135	5.00E-04	5.00E-05
2.99291	135	3.00E-04	3.00E-05
2.99372	135	2.00E-04	2.00E-05
2.99452	135	7.00E-04	7.00E-05
2.99533	135	4.00E-04	4.00E-05
2.99614	135	4.00E-04	4.00E-05
2.99634	135	8.00E-04	8.00E-05
2.99654	135	8.00E-04	8.00E-05
2.99674	135	8.00E-04	8.00E-05
2.99694	135	6.00E-04	6.00E-05
2.99714	135	7.00E-04	7.00E-05
2.99735	135	8.00E-04	8.00E-05
2.99755	135	5.00E-04	5.00E-05
2.99775	135	5.00E-04	5.00E-05
2.99815	135	7.00E-04	7.00E-05
2.99855	135	4.00E-04	4.00E-05
2.99916	135	8.00E-04	8.00E-05
2.99997	135	7.00E-04	7.00E-05
3.00077	135	6.00E-04	6.00E-05
3.00158	135	9.00E-04	9.00E-05
3.00238	135	8.00E-04	8.00E-05
3.00339	135	8.00E-04	8.00E-05
3.00460	135	9.00E-04	9.00E-05
3.00702	135	6.00E-04	6.00E-05
3.00823	135	8.00E-04	8.00E-05
3.00944	135	1.20E-03	1.20E-04
3.01065	135	1.20E-03	1.20E-04
3.01306	135	1.20E-03	1.20E-04
3.01427	135	1.80E-03	1.80E-04
3.01548	135	2.50E-03	2.50E-04
3.01609	135	2.50E-03	2.50E-04
3.01649	135	2.80E-03	2.80E-04
3.01689	135	2.90E-03	2.90E-04
3.01730	135	3.40E-03	3.40E-04
3.01770	135	3.60E-03	3.60E-04
3.01810	135	3.10E-03	3.10E-04
3.01850	135	2.60E-03	2.60E-04
3.01891	135	2.50E-03	2.50E-04
3.01971	135	1.60E-03	1.60E-04
3.02012	135	1.20E-03	1.20E-04
3.02112	135	1.10E-03	1.10E-04
3.02193	135	1.10E-03	1.10E-04
3.02274	135	7.00E-04	7.00E-05
3.02354	135	7.00E-04	7.00E-05
3.02435	135	7.00E-04	7.00E-05
3.02516	135	5.00E-04	5.00E-05
3.02596	135	7.00E-04	7.00E-05
3.02677	135	4.00E-04	4.00E-05
3.02757	135	5.00E-04	5.00E-05
3.02838	135	4.00E-04	4.00E-05
3.02919	135	3.00E-04	3.00E-05
3.02999	135	4.00E-04	4.00E-05
3.03080	135	2.00E-04	2.00E-05
3.03140	135	3.00E-04	3.00E-05
3.03181	135	3.00E-04	3.00E-05
3.03241	135	2.00E-04	2.00E-05
3.03322	135	1.00E-04	1.00E-05
3.03402	135	3.00E-04	3.00E-05
3.03463	135	2.00E-04	2.00E-05
3.03543	135	3.00E-04	3.00E-05
3.03624	135	2.00E-04	2.00E-05
3.03664	135	3.00E-04	3.00E-05
3.03704	135	4.00E-04	4.00E-05
3.03745	135	3.00E-04	3.00E-05
3.03805	135	9.00E-04	9.00E-05
3.03886	135	2.50E-03	2.50E-04
3.03936	135	5.40E-03	5.40E-04
3.03956	135	5.70E-03	5.70E-04
3.03977	135	3.30E-03	3.30E-04
3.03997	135	2.10E-03	2.10E-04
3.04017	135	1.60E-03	1.60E-04
3.04047	135	1.10E-03	1.10E-04
3.04087	135	8.00E-04	8.00E-05
3.04128	135	7.00E-04	7.00E-05
3.04168	135	4.00E-04	4.00E-05
3.04208	135	5.00E-04	5.00E-05
3.04289	135	5.00E-04	5.00E-05
3.04369	135	7.00E-04	7.00E-05
3.04450	135	8.00E-04	8.00E-05
3.04531	135	5.00E-04	5.00E-05
3.04611	135	4.00E-04	4.00E-05
3.04692	135	6.00E-04	6.00E-05
3.04773	135	6.00E-04	6.00E-05
3.04853	135	7.00E-04	7.00E-05
3.04934	135	4.00E-04	4.00E-05
3.05014	135	4.00E-04	4.00E-05
3.05115	135	4.00E-04	4.00E-05
3.05236	135	6.00E-04	6.00E-05
3.05357	135	8.00E-04	8.00E-05
3.05478	135	3.00E-04	3.00E-05
3.05599	135	5.00E-04	5.00E-05
3.05720	135	7.00E-04	7.00E-05
3.05841	135	5.00E-04	5.00E-05
3.05962	135	1.30E-03	1.30E-04
3.06082	135	6.00E-04	6.00E-05
3.06203	135	7.00E-04	7.00E-05
2.43463	150	1.00E-04	1.00E-05
2.43524	150	1.00E-04	1.00E-05
2.43584	150	1.00E-04	1.00E-05
2.43705	150	1.00E-04	1.00E-05
2.43765	150	1.00E-04	1.00E-05
2.43826	150	2.00E-04	2.00E-05
2.44007	150	4.00E-04	4.00E-05
2.44068	150	2.00E-04	2.00E-05
2.44128	150	6.00E-04	6.00E-05
2.44188	150	4.00E-04	4.00E-05
2.44249	150	3.00E-04	3.00E-05
2.44309	150	3.00E-04	3.00E-05
2.44430	150	2.00E-04	2.00E-05
2.44491	150	1.00E-04	1.00E-05
2.44551	150	1.00E-04	1.00E-05
2.44611	150	3.00E-04	3.00E-05
2.45457	150	1.00E-04	1.00E-05
2.45578	150	1.00E-04	1.00E-05
2.46787	150	1.00E-04	1.00E-05
2.47029	150	1.00E-04	1.00E-05
2.47119	150	3.00E-04	3.00E-05
2.47129	150	4.00E-04	4.00E-05
2.47139	150	6.00E-04	6.00E-05
2.47149	150	8.00E-04	8.00E-05
2.47160	150	3.00E-04	3.00E-05
2.47170	150	3.00E-04	3.00E-05
2.47180	150	1.00E-04	1.00E-05
2.47220	150	2.00E-04	2.00E-05
2.47230	150	1.00E-04	1.00E-05
2.47311	150	1.00E-04	1.00E-05
2.47341	150	1.00E-04	1.00E-05
2.47361	150	3.00E-04	3.00E-05
2.47431	150	1.00E-04	1.00E-05
2.47492	150	1.00E-04	1.00E-05
2.47512	150	3.00E-04	3.00E-05
2.47532	150	2.00E-04	2.00E-05
2.47572	150	1.00E-04	1.00E-05
2.47593	150	3.00E-04	3.00E-05
2.47754	150	1.00E-04	1.00E-05
2.47794	150	1.00E-04	1.00E-05
2.47935	150	1.00E-04	1.00E-05
2.48217	150	1.00E-04	1.00E-05
2.48670	150	2.00E-04	2.00E-05
2.48680	150	3.00E-04	3.00E-05
2.48690	150	1.00E-04	1.00E-05
2.48711	150	3.00E-04	3.00E-05
2.48721	150	4.00E-04	4.00E-05
2.48731	150	5.00E-04	5.00E-05
2.48741	150	8.00E-04	8.00E-05
2.48751	150	1.40E-03	1.40E-04
2.48761	150	1.60E-03	1.60E-04
2.48771	150	2.50E-03	2.50E-04
2.48781	150	3.30E-03	3.30E-04
2.48791	150	3.60E-03	3.60E-04
2.48801	150	4.30E-03	4.30E-04
2.48811	150	4.20E-03	4.20E-04
2.48821	150	4.50E-03	4.50E-04
2.48831	150	4.80E-03	4.80E-04
2.48842	150	4.20E-03	4.20E-04
2.48852	150	3.50E-03	3.50E-04
2.48862	150	2.70E-03	2.70E-04
2.48872	150	2.50E-03	2.50E-04
2.48902	150	5.00E-04	5.00E-05
2.48922	150	5.00E-04	5.00E-05
2.48942	150	5.00E-04	5.00E-05
2.48962	150	3.00E-04	3.00E-05
2.48983	150	1.00E-04	1.00E-05
2.49003	150	3.00E-04	3.00E-05
2.49023	150	2.00E-04	2.00E-05
2.50836	150	2.00E-04	2.00E-05
2.50896	150	3.00E-04	3.00E-05
2.50957	150	1.00E-04	1.00E-05
2.51017	150	2.00E-04	2.00E-05
2.51078	150	1.00E-04	1.00E-05
2.51319	150	3.00E-04	3.00E-05
2.51501	150	1.00E-04	1.00E-05
2.51561	150	3.00E-04	3.00E-05
2.51621	150	3.00E-04	3.00E-05
2.51662	150	1.00E-04	1.00E-05
2.51672	150	3.00E-04	3.00E-05
2.51682	150	3.00E-04	3.00E-05
2.51692	150	5.00E-04	5.00E-05
2.51702	150	9.00E-04	9.00E-05
2.51712	150	6.00E-04	6.00E-05
2.51722	150	4.00E-04	4.00E-05
2.51732	150	5.00E-04	5.00E-05
2.51742	150	3.00E-04	3.00E-05
2.51752	150	1.00E-04	1.00E-05
2.51762	150	5.00E-04	5.00E-05
2.51772	150	2.00E-04	2.00E-05
2.51783	150	2.00E-04	2.00E-05
2.51803	150	1.00E-04	1.00E-05
2.51823	150	1.00E-04	1.00E-05
2.51843	150	1.00E-04	1.00E-05
2.51883	150	3.00E-04	3.00E-05
2.51924	150	1.00E-04	1.00E-05
2.51964	150	1.00E-04	1.00E-05
2.52125	150	1.00E-04	1.00E-05
2.52246	150	1.00E-04	1.00E-05
2.52548	150	1.00E-04	1.00E-05
2.52608	150	1.00E-04	1.00E-05
2.52790	150	1.00E-04	1.00E-05
2.52971	150	1.00E-04	1.00E-05
2.53032	150	1.00E-04	1.00E-05
2.53213	150	3.00E-04	3.00E-05
2.53515	150	1.00E-04	1.00E-05
2.53575	150	1.00E-04	1.00E-05
2.53636	150	2.00E-04	2.00E-05
2.53878	150	1.00E-04	1.00E-05
2.54180	150	1.00E-04	1.00E-05
2.54301	150	1.00E-04	1.00E-05
2.54724	150	1.00E-04	1.00E-05
2.54784	150	1.00E-04	1.00E-05
2.55328	150	1.00E-04	1.00E-05
2.55368	150	1.00E-04	1.00E-05
2.55399	150	1.00E-04	1.00E-05
2.55439	150	1.00E-04	1.00E-05
2.55449	150	1.00E-04	1.00E-05
2.55469	150	1.00E-04	1.00E-05
2.55499	150	1.00E-04	1.00E-05
2.55550	150	1.00E-04	1.00E-05
2.55570	150	1.00E-04	1.00E-05
2.55610	150	1.00E-04	1.00E-05
2.55711	150	1.00E-04	1.00E-05
2.55791	150	1.00E-04	1.00E-05
2.55832	150	1.00E-04	1.00E-05
2.55912	150	1.00E-04	1.00E-05
2.56396	150	2.00E-04	2.00E-05
2.56678	150	1.00E-04	1.00E-05
2.56718	150	2.00E-04	2.00E-05
2.56839	150	2.00E-04	2.00E-05
2.56879	150	2.00E-04	2.00E-05
2.56919	150	1.00E-04	1.00E-05
2.56960	150	1.00E-04	1.00E-05
2.57000	150	2.00E-04	2.00E-05
2.57040	150	3.00E-04	3.00E-05
2.57081	150	4.00E-04	4.00E-05
2.57121	150	6.00E-04	6.00E-05
2.57161	150	3.00E-04	3.00E-05
2.57201	150	4.00E-04	4.00E-05
2.57242	150	7.00E-04	7.00E-05
2.57282	150	8.00E-04	8.00E-05
2.57322	150	7.00E-04	7.00E-05
2.57403	150	1.10E-03	1.10E-04
2.57443	150	9.00E-04	9.00E-05
2.57484	150	6.00E-04	6.00E-05
2.57524	150	6.00E-04	6.00E-05
2.57564	150	5.00E-04	5.00E-05
2.57604	150	4.00E-04	4.00E-05
2.57645	150	7.00E-04	7.00E-05
2.57685	150	7.00E-04	7.00E-05
2.57725	150	4.00E-04	4.00E-05
2.57766	150	5.00E-04	5.00E-05
2.57806	150	5.00E-04	5.00E-05
2.57846	150	4.00E-04	4.00E-05
2.57886	150	3.00E-04	3.00E-05
2.57927	150	4.00E-04	4.00E-05
2.57967	150	5.00E-04	5.00E-05
2.58007	150	3.00E-04	3.00E-05
2.58048	150	2.00E-04	2.00E-05
2.58088	150	3.00E-04	3.00E-05
2.58128	150	1.00E-04	1.00E-05
2.58168	150	4.00E-04	4.00E-05
2.58209	150	5.00E-04	5.00E-05
2.58249	150	3.00E-04	3.00E-05
2.58289	150	3.00E-04	3.00E-05
2.58330	150	3.00E-04	3.00E-05
2.58370	150	4.00E-04	4.00E-05
2.58410	150	4.00E-04	4.00E-05
2.58450	150	2.00E-04	2.00E-05
2.58491	150	1.00E-04	1.00E-05
2.58531	150	3.00E-04	3.00E-05
2.58571	150	1.00E-04	1.00E-05
2.58612	150	2.00E-04	2.00E-05
2.58652	150	2.00E-04	2.00E-05
2.58813	150	3.00E-04	3.00E-05
2.58853	150	1.00E-04	1.00E-05
2.58934	150	1.00E-04	1.00E-05
2.58974	150	2.00E-04	2.00E-05
2.59015	150	2.00E-04	2.00E-05
2.59055	150	1.00E-04	1.00E-05
2.59176	150	1.00E-04	1.00E-05
2.59297	150	3.00E-04	3.00E-05
2.59377	150	2.00E-04	2.00E-05
2.59498	150	1.00E-04	1.00E-05
2.59659	150	1.00E-04	1.00E-05
2.59699	150	3.00E-04	3.00E-05
2.59780	150	1.00E-04	1.00E-05
2.59820	150	1.00E-04	1.00E-05
2.59861	150	1.00E-04	1.00E-05
2.59941	150	1.00E-04	1.00E-05
2.60102	150	1.00E-04	1.00E-05
2.60143	150	1.00E-04	1.00E-05
2.60223	150	1.00E-04	1.00E-05
2.60264	150	1.00E-04	1.00E-05
2.60304	150	1.00E-04	1.00E-05
2.60344	150	2.00E-04	2.00E-05
2.60384	150	6.00E-04	6.00E-05
2.60405	150	8.00E-04	8.00E-05
2.60425	150	1.20E-03	1.20E-04
2.60445	150	1.40E-03	1.40E-04
2.60465	150	1.30E-03	1.30E-04
2.60485	150	1.20E-03	1.20E-04
2.60505	150	9.00E-04	9.00E-05
2.60525	150	5.00E-04	5.00E-05
2.60546	150	1.00E-04	1.00E-05
2.60566	150	2.00E-04	2.00E-05
2.60586	150	1.00E-04	1.00E-05
2.60606	150	1.00E-04	1.00E-05
2.60626	150	1.00E-04	1.00E-05
2.61291	150	1.00E-04	1.00E-05
2.61976	150	1.00E-04	1.00E-05
2.67123	150	1.00E-04	1.00E-05
2.67617	150	4.00E-04	4.00E-05
2.69430	150	1.00E-04	1.00E-05
2.69491	150	1.00E-04	1.00E-05
2.69611	150	1.00E-04	1.00E-05
2.69672	150	1.00E-04	1.00E-05
2.69853	150	1.00E-04	1.00E-05
2.69914	150	1.00E-04	1.00E-05
2.70095	150	1.00E-04	1.00E-05
2.70155	150	1.00E-04	1.00E-05
2.70216	150	1.00E-04	1.00E-05
2.70337	150	1.00E-04	1.00E-05
2.70397	150	1.00E-04	1.00E-05
2.70458	150	2.00E-04	2.00E-05
2.70518	150	2.00E-04	2.00E-05
2.70578	150	1.00E-04	1.00E-05
2.70639	150	1.00E-04	1.00E-05
2.70699	150	2.00E-04	2.00E-05
2.70760	150	2.00E-04	2.00E-05
2.70820	150	2.00E-04	2.00E-05
2.70941	150	1.00E-04	1.00E-05
2.71002	150	1.00E-04	1.00E-05
2.71062	150	2.00E-04	2.00E-05
2.71122	150	4.00E-04	4.00E-05
2.71183	150	9.00E-04	9.00E-05
2.71193	150	7.00E-04	7.00E-05
2.71203	150	7.00E-04	7.00E-05
2.71213	150	9.00E-04	9.00E-05
2.71223	150	9.00E-04	9.00E-05
2.71243	150	1.50E-03	1.50E-04
2.71263	150	2.20E-03	2.20E-04
2.71284	150	1.90E-03	1.90E-04
2.71304	150	2.20E-03	2.20E-04
2.71324	150	2.40E-03	2.40E-04
2.71344	150	1.80E-03	1.80E-04
2.71364	150	2.20E-03	2.20E-04
2.71384	150	1.70E-03	1.70E-04
2.71405	150	1.90E-03	1.90E-04
2.71465	150	8.00E-04	8.00E-05
2.71485	150	8.00E-04	8.00E-05
2.71505	150	6.00E-04	6.00E-05
2.71525	150	8.00E-04	8.00E-05
2.71546	150	6.00E-04	6.00E-05
2.71566	150	6.00E-04	6.00E-05
2.71606	150	6.00E-04	6.00E-05
2.71646	150	3.00E-04	3.00E-05
2.71687	150	5.00E-04	5.00E-05
2.71727	150	8.00E-04	8.00E-05
2.71767	150	3.00E-04	3.00E-05
2.71807	150	5.00E-04	5.00E-05
2.71848	150	3.00E-04	3.00E-05
2.71908	150	7.00E-04	7.00E-05
2.71969	150	6.00E-04	6.00E-05
2.71989	150	7.00E-04	7.00E-05
2.72009	150	7.00E-04	7.00E-05
2.72029	150	5.00E-04	5.00E-05
2.72049	150	4.00E-04	4.00E-05
2.72069	150	2.00E-04	2.00E-05
2.72090	150	8.00E-04	8.00E-05
2.72110	150	3.00E-04	3.00E-05
2.72130	150	3.00E-04	3.00E-05
2.72150	150	6.00E-04	6.00E-05
2.72170	150	5.00E-04	5.00E-05
2.72190	150	2.00E-04	2.00E-05
2.72210	150	6.00E-04	6.00E-05
2.72231	150	5.00E-04	5.00E-05
2.72251	150	4.00E-04	4.00E-05
2.72271	150	6.00E-04	6.00E-05
2.72291	150	4.00E-04	4.00E-05
2.72311	150	9.00E-04	9.00E-05
2.72331	150	4.00E-04	4.00E-05
2.72351	150	7.00E-04	7.00E-05
2.72372	150	5.00E-04	5.00E-05
2.72412	150	4.00E-04	4.00E-05
2.72452	150	6.00E-04	6.00E-05
2.72472	150	6.00E-04	6.00E-05
2.72492	150	4.00E-04	4.00E-05
2.72513	150	9.00E-04	9.00E-05
2.72533	150	9.00E-04	9.00E-05
2.72553	150	1.10E-03	1.10E-04
2.72573	150	1.20E-03	1.20E-04
2.72593	150	1.30E-03	1.30E-04
2.72613	150	1.10E-03	1.10E-04
2.72654	150	7.00E-04	7.00E-05
2.72674	150	5.00E-04	5.00E-05
2.72694	150	5.00E-04	5.00E-05
2.72714	150	7.00E-04	7.00E-05
2.72734	150	2.00E-04	2.00E-05
2.72754	150	4.00E-04	4.00E-05
2.72775	150	5.00E-04	5.00E-05
2.72795	150	2.00E-04	2.00E-05
2.72815	150	4.00E-04	4.00E-05
2.72855	150	4.00E-04	4.00E-05
2.72895	150	3.00E-04	3.00E-05
2.72936	150	2.00E-04	2.00E-05
2.72976	150	5.00E-04	5.00E-05
2.73036	150	5.00E-04	5.00E-05
2.73097	150	5.00E-04	5.00E-05
2.73157	150	3.00E-04	3.00E-05
2.73218	150	3.00E-04	3.00E-05
2.73278	150	4.00E-04	4.00E-05
2.73339	150	4.00E-04	4.00E-05
2.73399	150	6.00E-04	6.00E-05
2.73460	150	1.00E-04	1.00E-05
2.73520	150	2.00E-04	2.00E-05
2.73580	150	8.00E-04	8.00E-05
2.73641	150	5.00E-04	5.00E-05
2.73701	150	7.00E-04	7.00E-05
2.73762	150	7.00E-04	7.00E-05
2.73822	150	9.00E-04	9.00E-05
2.73883	150	1.60E-03	1.60E-04
2.73943	150	2.80E-03	2.80E-04
2.73963	150	3.20E-03	3.20E-04
2.73973	150	4.30E-03	4.30E-04
2.73983	150	4.70E-03	4.70E-04
2.73993	150	5.50E-03	5.50E-04
2.74004	150	5.50E-03	5.50E-04
2.74024	150	7.50E-03	7.50E-04
2.74034	150	7.80E-03	7.80E-04
2.74044	150	8.30E-03	8.30E-04
2.74054	150	8.50E-03	8.50E-04
2.74064	150	9.30E-03	9.30E-04
2.74074	150	8.60E-03	8.60E-04
2.74084	150	8.50E-03	8.50E-04
2.74094	150	8.20E-03	8.20E-04
2.74104	150	7.40E-03	7.40E-04
2.74114	150	6.90E-03	6.90E-04
2.74124	150	6.30E-03	6.30E-04
2.74134	150	5.70E-03	5.70E-04
2.74145	150	5.80E-03	5.80E-04
2.74155	150	4.10E-03	4.10E-04
2.74165	150	4.50E-03	4.50E-04
2.74175	150	4.80E-03	4.80E-04
2.74185	150	3.50E-03	3.50E-04
2.74195	150	3.20E-03	3.20E-04
2.74205	150	2.90E-03	2.90E-04
2.74215	150	2.80E-03	2.80E-04
2.74225	150	2.70E-03	2.70E-04
2.74235	150	2.20E-03	2.20E-04
2.74245	150	2.40E-03	2.40E-04
2.74276	150	1.80E-03	1.80E-04
2.74286	150	1.50E-03	1.50E-04
2.74306	150	1.30E-03	1.30E-04
2.74346	150	1.30E-03	1.30E-04
2.74366	150	1.30E-03	1.30E-04
2.74386	150	1.10E-03	1.10E-04
2.74406	150	8.00E-04	8.00E-05
2.74427	150	9.00E-04	9.00E-05
2.74467	150	9.00E-04	9.00E-05
2.74507	150	9.00E-04	9.00E-05
2.74548	150	5.00E-04	5.00E-05
2.74588	150	5.00E-04	5.00E-05
2.74648	150	5.00E-04	5.00E-05
2.74709	150	5.00E-04	5.00E-05
2.74769	150	4.00E-04	4.00E-05
2.74830	150	4.00E-04	4.00E-05
2.74890	150	4.00E-04	4.00E-05
2.74950	150	4.00E-04	4.00E-05
2.75011	150	3.00E-04	3.00E-05
2.75071	150	2.00E-04	2.00E-05
2.75132	150	2.00E-04	2.00E-05
2.75192	150	4.00E-04	4.00E-05
2.75253	150	3.00E-04	3.00E-05
2.75313	150	6.00E-04	6.00E-05
2.75353	150	2.00E-04	2.00E-05
2.75394	150	5.00E-04	5.00E-05
2.75434	150	4.00E-04	4.00E-05
2.75474	150	4.00E-04	4.00E-05
2.75515	150	4.00E-04	4.00E-05
2.75555	150	4.00E-04	4.00E-05
2.75595	150	3.00E-04	3.00E-05
2.75656	150	4.00E-04	4.00E-05
2.75716	150	6.00E-04	6.00E-05
2.75777	150	4.00E-04	4.00E-05
2.75837	150	4.00E-04	4.00E-05
2.75897	150	2.00E-04	2.00E-05
2.75958	150	2.00E-04	2.00E-05
2.76018	150	3.00E-04	3.00E-05
2.76079	150	3.00E-04	3.00E-05
2.76139	150	4.00E-04	4.00E-05
2.76200	150	5.00E-04	5.00E-05
2.76260	150	2.00E-04	2.00E-05
2.76321	150	4.00E-04	4.00E-05
2.76381	150	3.00E-04	3.00E-05
2.76441	150	2.00E-04	2.00E-05
2.76502	150	2.00E-04	2.00E-05
2.76623	150	2.00E-04	2.00E-05
2.76683	150	3.00E-04	3.00E-05
2.76744	150	5.00E-04	5.00E-05
2.76804	150	3.00E-04	3.00E-05
2.76865	150	3.00E-04	3.00E-05
2.76925	150	4.00E-04	4.00E-05
2.76985	150	3.00E-04	3.00E-05
2.77046	150	1.00E-04	1.00E-05
2.77106	150	3.00E-04	3.00E-05
2.77167	150	4.00E-04	4.00E-05
2.77227	150	2.00E-04	2.00E-05
2.77288	150	2.00E-04	2.00E-05
2.77348	150	1.00E-04	1.00E-05
2.77409	150	4.00E-04	4.00E-05
2.77469	150	2.00E-04	2.00E-05
2.77590	150	1.00E-04	1.00E-05
2.77711	150	2.00E-04	2.00E-05
2.77771	150	2.00E-04	2.00E-05
2.77832	150	4.00E-04	4.00E-05
2.77892	150	1.00E-04	1.00E-05
2.77953	150	2.00E-04	2.00E-05
2.78013	150	4.00E-04	4.00E-05
2.78073	150	2.00E-04	2.00E-05
2.78134	150	2.00E-04	2.00E-05
2.78194	150	1.00E-04	1.00E-05
2.78255	150	1.00E-04	1.00E-05
2.78315	150	2.00E-04	2.00E-05
2.78376	150	2.00E-04	2.00E-05
2.78436	150	2.00E-04	2.00E-05
2.78497	150	2.00E-04	2.00E-05
2.78557	150	4.00E-04	4.00E-05
2.78617	150	2.00E-04	2.00E-05
2.78678	150	3.00E-04	3.00E-05
2.78738	150	2.00E-04	2.00E-05
2.78799	150	3.00E-04	3.00E-05
2.78859	150	4.00E-04	4.00E-05
2.78920	150	3.00E-04	3.00E-05
2.78980	150	2.00E-04	2.00E-05
2.79041	150	4.00E-04	4.00E-05
2.79101	150	2.00E-04	2.00E-05
2.79161	150	1.00E-04	1.00E-05
2.79222	150	2.00E-04	2.00E-05
2.79343	150	2.00E-04	2.00E-05
2.79403	150	2.00E-04	2.00E-05
2.79464	150	2.00E-04	2.00E-05
2.79484	150	1.00E-04	1.00E-05
2.79504	150	1.00E-04	1.00E-05
2.79534	150	1.00E-04	1.00E-05
2.79544	150	4.00E-04	4.00E-05
2.79605	150	4.00E-04	4.00E-05
2.79665	150	4.00E-04	4.00E-05
2.79726	150	2.00E-04	2.00E-05
2.79786	150	3.00E-04	3.00E-05
2.79846	150	2.00E-04	2.00E-05
2.79967	150	2.00E-04	2.00E-05
2.80028	150	2.00E-04	2.00E-05
2.80088	150	1.00E-04	1.00E-05
2.80129	150	2.00E-04	2.00E-05
2.80169	150	1.00E-04	1.00E-05
2.80209	150	2.00E-04	2.00E-05
2.80249	150	2.00E-04	2.00E-05
2.80290	150	4.00E-04	4.00E-05
2.80330	150	3.00E-04	3.00E-05
2.80370	150	1.00E-04	1.00E-05
2.80411	150	3.00E-04	3.00E-05
2.80451	150	1.00E-04	1.00E-05
2.80491	150	4.00E-04	4.00E-05
2.80532	150	3.00E-04	3.00E-05
2.80572	150	5.00E-04	5.00E-05
2.80592	150	4.00E-04	4.00E-05
2.80612	150	4.00E-04	4.00E-05
2.80632	150	2.00E-04	2.00E-05
2.80673	150	5.00E-04	5.00E-05
2.80713	150	5.00E-04	5.00E-05
2.80753	150	9.00E-04	9.00E-05
2.80773	150	6.00E-04	6.00E-05
2.80793	150	8.00E-04	8.00E-05
2.80804	150	9.00E-04	9.00E-05
2.80814	150	1.30E-03	1.30E-04
2.80824	150	1.10E-03	1.10E-04
2.80854	150	1.10E-03	1.10E-04
2.80864	150	1.10E-03	1.10E-04
2.80874	150	1.20E-03	1.20E-04
2.80894	150	1.60E-03	1.60E-04
2.80914	150	1.50E-03	1.50E-04
2.80945	150	2.10E-03	2.10E-04
2.80975	150	2.70E-03	2.70E-04
2.80995	150	2.60E-03	2.60E-04
2.81005	150	1.90E-03	1.90E-04
2.81015	150	1.80E-03	1.80E-04
2.81025	150	1.90E-03	1.90E-04
2.81055	150	1.50E-03	1.50E-04
2.81065	150	1.60E-03	1.60E-04
2.81076	150	1.60E-03	1.60E-04
2.81086	150	1.80E-03	1.80E-04
2.81096	150	1.70E-03	1.70E-04
2.81106	150	1.80E-03	1.80E-04
2.81116	150	1.30E-03	1.30E-04
2.81126	150	1.10E-03	1.10E-04
2.81136	150	1.20E-03	1.20E-04
2.81146	150	9.00E-04	9.00E-05
2.81156	150	1.10E-03	1.10E-04
2.81166	150	9.00E-04	9.00E-05
2.81176	150	1.10E-03	1.10E-04
2.81196	150	9.00E-04	9.00E-05
2.81207	150	8.00E-04	8.00E-05
2.81217	150	5.00E-04	5.00E-05
2.81227	150	9.00E-04	9.00E-05
2.81237	150	8.00E-04	8.00E-05
2.81247	150	6.00E-04	6.00E-05
2.81257	150	8.00E-04	8.00E-05
2.81267	150	6.00E-04	6.00E-05
2.81277	150	6.00E-04	6.00E-05
2.81287	150	5.00E-04	5.00E-05
2.81297	150	5.00E-04	5.00E-05
2.81307	150	4.00E-04	4.00E-05
2.81317	150	5.00E-04	5.00E-05
2.81327	150	5.00E-04	5.00E-05
2.81337	150	8.00E-04	8.00E-05
2.81358	150	6.00E-04	6.00E-05
2.81378	150	8.00E-04	8.00E-05
2.81398	150	7.00E-04	7.00E-05
2.81418	150	1.10E-03	1.10E-04
2.81438	150	6.00E-04	6.00E-05
2.81458	150	3.00E-04	3.00E-05
2.81479	150	2.00E-04	2.00E-05
2.81499	150	5.00E-04	5.00E-05
2.81519	150	4.00E-04	4.00E-05
2.81539	150	4.00E-04	4.00E-05
2.81559	150	4.00E-04	4.00E-05
2.81579	150	4.00E-04	4.00E-05
2.81599	150	5.00E-04	5.00E-05
2.81620	150	4.00E-04	4.00E-05
2.81640	150	6.00E-04	6.00E-05
2.81660	150	6.00E-04	6.00E-05
2.81680	150	3.00E-04	3.00E-05
2.81700	150	3.00E-04	3.00E-05
2.81720	150	4.00E-04	4.00E-05
2.81740	150	4.00E-04	4.00E-05
2.81761	150	2.00E-04	2.00E-05
2.81781	150	3.00E-04	3.00E-05
2.81801	150	3.00E-04	3.00E-05
2.81821	150	2.00E-04	2.00E-05
2.81841	150	2.00E-04	2.00E-05
2.81881	150	4.00E-04	4.00E-05
2.81922	150	3.00E-04	3.00E-05
2.81962	150	3.00E-04	3.00E-05
2.82043	150	2.00E-04	2.00E-05
2.82083	150	1.00E-04	1.00E-05
2.82123	150	2.00E-04	2.00E-05
2.82164	150	4.00E-04	4.00E-05
2.84259	150	1.00E-04	1.00E-05
2.84380	150	2.00E-04	2.00E-05
2.84440	150	4.00E-04	4.00E-05
2.84501	150	8.00E-04	8.00E-05
2.84521	150	8.00E-04	8.00E-05
2.84531	150	1.20E-03	1.20E-04
2.84541	150	1.60E-03	1.60E-04
2.84551	150	1.20E-03	1.20E-04
2.84571	150	1.30E-03	1.30E-04
2.84581	150	9.00E-04	9.00E-05
2.84592	150	7.00E-04	7.00E-05
2.84602	150	7.00E-04	7.00E-05
2.84612	150	5.00E-04	5.00E-05
2.84622	150	5.00E-04	5.00E-05
2.84632	150	4.00E-04	4.00E-05
2.84642	150	3.00E-04	3.00E-05
2.84652	150	3.00E-04	3.00E-05
2.84672	150	3.00E-04	3.00E-05
2.84682	150	1.00E-04	1.00E-05
2.84702	150	3.00E-04	3.00E-05
2.84712	150	1.00E-04	1.00E-05
2.84723	150	3.00E-04	3.00E-05
2.84733	150	1.00E-04	1.00E-05
2.84753	150	2.00E-04	2.00E-05
2.84763	150	1.00E-04	1.00E-05
2.84803	150	1.00E-04	1.00E-05
2.84823	150	1.00E-04	1.00E-05
2.84833	150	2.00E-04	2.00E-05
2.84843	150	1.00E-04	1.00E-05
2.84853	150	2.00E-04	2.00E-05
2.84874	150	2.00E-04	2.00E-05
2.84884	150	1.00E-04	1.00E-05
2.84894	150	1.00E-04	1.00E-05
2.84904	150	3.00E-04	3.00E-05
2.84914	150	2.00E-04	2.00E-05
2.84924	150	2.00E-04	2.00E-05
2.84944	150	2.00E-04	2.00E-05
2.84964	150	2.00E-04	2.00E-05
2.84984	150	2.00E-04	2.00E-05
2.85015	150	4.00E-04	4.00E-05
2.85025	150	2.00E-04	2.00E-05
2.85035	150	1.00E-04	1.00E-05
2.85045	150	2.00E-04	2.00E-05
2.85055	150	2.00E-04	2.00E-05
2.85065	150	1.00E-04	1.00E-05
2.85075	150	1.00E-04	1.00E-05
2.85085	150	1.00E-04	1.00E-05
2.85095	150	1.00E-04	1.00E-05
2.85105	150	2.00E-04	2.00E-05
2.85125	150	2.00E-04	2.00E-05
2.85146	150	3.00E-04	3.00E-05
2.85186	150	2.00E-04	2.00E-05
2.85206	150	1.00E-04	1.00E-05
2.85246	150	2.00E-04	2.00E-05
2.85408	150	2.00E-04	2.00E-05
2.85488	150	1.00E-04	1.00E-05
2.85528	150	1.00E-04	1.00E-05
2.85569	150	2.00E-04	2.00E-05
2.85609	150	1.00E-04	1.00E-05
2.85649	150	1.00E-04	1.00E-05
2.85690	150	1.00E-04	1.00E-05
2.85811	150	2.00E-04	2.00E-05
2.85851	150	3.00E-04	3.00E-05
2.85871	150	3.00E-04	3.00E-05
2.85891	150	1.00E-04	1.00E-05
2.85911	150	3.00E-04	3.00E-05
2.85931	150	1.00E-04	1.00E-05
2.86012	150	1.00E-04	1.00E-05
2.86052	150	1.00E-04	1.00E-05
2.86073	150	1.00E-04	1.00E-05
2.86113	150	2.00E-04	2.00E-05
2.86193	150	4.00E-04	4.00E-05
2.86274	150	3.00E-04	3.00E-05
2.86355	150	2.00E-04	2.00E-05
2.86435	150	3.00E-04	3.00E-05
2.86516	150	3.00E-04	3.00E-05
2.86596	150	5.00E-04	5.00E-05
2.86697	150	4.00E-04	4.00E-05
2.86737	150	4.00E-04	4.00E-05
2.86778	150	7.00E-04	7.00E-05
2.86818	150	8.00E-04	8.00E-05
2.86858	150	6.00E-04	6.00E-05
2.86899	150	4.00E-04	4.00E-05
2.86939	150	4.00E-04	4.00E-05
2.86979	150	6.00E-04	6.00E-05
2.87020	150	2.00E-04	2.00E-05
2.87060	150	6.00E-04	6.00E-05
2.87100	150	6.00E-04	6.00E-05
2.87140	150	4.00E-04	4.00E-05
2.87181	150	5.00E-04	5.00E-05
2.87221	150	2.00E-04	2.00E-05
2.87261	150	8.00E-04	8.00E-05
2.87302	150	9.00E-04	9.00E-05
2.87342	150	8.00E-04	8.00E-05
2.87382	150	7.00E-04	7.00E-05
2.87423	150	1.10E-03	1.10E-04
2.87463	150	1.10E-03	1.10E-04
2.87503	150	1.10E-03	1.10E-04
2.87543	150	1.40E-03	1.40E-04
2.87584	150	1.50E-03	1.50E-04
2.87624	150	1.60E-03	1.60E-04
2.87664	150	1.90E-03	1.90E-04
2.87705	150	1.50E-03	1.50E-04
2.87745	150	1.40E-03	1.40E-04
2.87785	150	1.60E-03	1.60E-04
2.87866	150	7.00E-04	7.00E-05
2.87906	150	1.20E-03	1.20E-04
2.87946	150	7.00E-04	7.00E-05
2.87987	150	8.00E-04	8.00E-05
2.88027	150	8.00E-04	8.00E-05
2.88067	150	5.00E-04	5.00E-05
2.88128	150	8.00E-04	8.00E-05
2.88188	150	8.00E-04	8.00E-05
2.88269	150	7.00E-04	7.00E-05
2.88349	150	1.80E-03	1.80E-04
2.88611	150	8.00E-04	8.00E-05
2.88732	150	1.10E-03	1.10E-04
2.88853	150	5.00E-04	5.00E-05
2.88974	150	4.00E-04	4.00E-05
2.89095	150	5.00E-04	5.00E-05
2.89216	150	7.00E-04	7.00E-05
2.89337	150	6.00E-04	6.00E-05
2.89458	150	1.10E-03	1.10E-04
2.89579	150	4.00E-04	4.00E-05
2.89699	150	6.00E-04	6.00E-05
2.89941	150	5.00E-04	5.00E-05
2.90062	150	7.00E-04	7.00E-05
2.90304	150	4.00E-04	4.00E-05
2.90425	150	7.00E-04	7.00E-05
2.90546	150	9.00E-04	9.00E-05
2.90667	150	9.00E-04	9.00E-05
2.90788	150	6.00E-04	6.00E-05
2.90908	150	1.30E-03	1.30E-04
2.90929	150	1.10E-03	1.10E-04
2.90969	150	1.20E-03	1.20E-04
2.90989	150	2.20E-03	2.20E-04
2.91009	150	2.90E-03	2.90E-04
2.91029	150	4.30E-03	4.30E-04
2.91050	150	5.30E-03	5.30E-04
2.91070	150	7.30E-03	7.30E-04
2.91090	150	7.10E-03	7.10E-04
2.91110	150	6.90E-03	6.90E-04
2.91150	150	3.40E-03	3.40E-04
2.91170	150	2.60E-03	2.60E-04
2.91191	150	1.40E-03	1.40E-04
2.91231	150	9.00E-04	9.00E-05
2.91271	150	1.20E-03	1.20E-04
2.91311	150	7.00E-04	7.00E-05
2.91372	150	1.00E-04	1.00E-05
2.91453	150	2.00E-04	2.00E-05
2.91533	150	3.00E-04	3.00E-05
2.91614	150	1.00E-04	1.00E-05
2.91694	150	3.00E-04	3.00E-05
2.91916	150	1.00E-04	1.00E-05
2.91956	150	2.00E-04	2.00E-05
2.91997	150	1.50E-03	1.50E-04
2.92037	150	4.90E-03	4.90E-04
2.92057	150	4.90E-03	4.90E-04
2.92077	150	2.90E-03	2.90E-04
2.92097	150	1.80E-03	1.80E-04
2.92117	150	9.00E-04	9.00E-05
2.92138	150	6.00E-04	6.00E-05
2.92158	150	4.00E-04	4.00E-05
2.92178	150	1.00E-04	1.00E-05
2.92218	150	5.00E-04	5.00E-05
2.92259	150	1.00E-04	1.00E-05
2.92299	150	4.00E-04	4.00E-05
2.92359	150	2.00E-04	2.00E-05
2.92440	150	2.00E-04	2.00E-05
2.92883	150	1.00E-04	1.00E-05
2.93004	150	3.00E-04	3.00E-05
2.93367	150	2.00E-04	2.00E-05
2.93488	150	3.00E-04	3.00E-05
2.93609	150	1.00E-04	1.00E-05
2.93730	150	4.00E-04	4.00E-05
2.93850	150	4.00E-04	4.00E-05
2.93971	150	3.00E-04	3.00E-05
2.94092	150	1.00E-04	1.00E-05
2.94213	150	3.00E-04	3.00E-05
2.94455	150	3.00E-04	3.00E-05
2.94576	150	2.00E-04	2.00E-05
2.94697	150	1.00E-04	1.00E-05
2.94818	150	1.00E-04	1.00E-05
2.94939	150	2.00E-04	2.00E-05
2.95059	150	6.00E-04	6.00E-05
2.95180	150	5.00E-04	5.00E-05
2.95301	150	6.00E-04	6.00E-05
2.95422	150	6.00E-04	6.00E-05
2.95543	150	5.00E-04	5.00E-05
2.95664	150	3.00E-04	3.00E-05
2.95785	150	2.00E-04	2.00E-05
2.95906	150	4.00E-04	4.00E-05
2.96027	150	7.00E-04	7.00E-05
2.96148	150	6.00E-04	6.00E-05
2.96269	150	7.00E-04	7.00E-05
2.96389	150	7.00E-04	7.00E-05
2.96510	150	4.00E-04	4.00E-05
2.96631	150	6.00E-04	6.00E-05
2.96752	150	5.00E-04	5.00E-05
2.96873	150	7.00E-04	7.00E-05
2.96994	150	6.00E-04	6.00E-05
2.97115	150	4.00E-04	4.00E-05
2.97236	150	8.00E-04	8.00E-05
2.97357	150	4.00E-04	4.00E-05
2.97478	150	2.00E-04	2.00E-05
2.97599	150	8.00E-04	8.00E-05
2.97719	150	8.00E-04	8.00E-05
2.97840	150	6.00E-04	6.00E-05
2.97961	150	8.00E-04	8.00E-05
2.98082	150	8.00E-04	8.00E-05
2.98203	150	7.00E-04	7.00E-05
2.98324	150	3.00E-04	3.00E-05
2.98445	150	4.00E-04	4.00E-05
2.98566	150	5.00E-04	5.00E-05
2.98687	150	7.00E-04	7.00E-05
2.98808	150	7.00E-04	7.00E-05
2.98929	150	7.00E-04	7.00E-05
2.99130	150	4.00E-04	4.00E-05
2.99211	150	3.00E-04	3.00E-05
2.99291	150	8.00E-04	8.00E-05
2.99372	150	7.00E-04	7.00E-05
2.99452	150	7.00E-04	7.00E-05
2.99533	150	4.00E-04	4.00E-05
2.99634	150	8.00E-04	8.00E-05
2.99654	150	5.00E-04	5.00E-05
2.99674	150	5.00E-04	5.00E-05
2.99694	150	9.00E-04	9.00E-05
2.99714	150	8.00E-04	8.00E-05
2.99735	150	3.00E-04	3.00E-05
2.99755	150	5.00E-04	5.00E-05
2.99775	150	7.00E-04	7.00E-05
2.99815	150	8.00E-04	8.00E-05
2.99855	150	7.00E-04	7.00E-05
2.99916	150	3.00E-04	3.00E-05
2.99997	150	8.00E-04	8.00E-05
3.00077	150	7.00E-04	7.00E-05
3.00158	150	9.00E-04	9.00E-05
3.00238	150	5.00E-04	5.00E-05
3.00339	150	8.00E-04	8.00E-05
3.00460	150	8.00E-04	8.00E-05
3.00581	150	1.10E-03	1.10E-04
3.00702	150	1.20E-03	1.20E-04
3.00823	150	5.00E-04	5.00E-05
3.01306	150	1.30E-03	1.30E-04
3.01427	150	1.50E-03	1.50E-04
3.01548	150	1.60E-03	1.60E-04
3.01609	150	2.30E-03	2.30E-04
3.01649	150	2.80E-03	2.80E-04
3.01689	150	3.20E-03	3.20E-04
3.01730	150	3.30E-03	3.30E-04
3.01770	150	3.60E-03	3.60E-04
3.01810	150	3.10E-03	3.10E-04
3.01891	150	2.50E-03	2.50E-04
3.01931	150	2.10E-03	2.10E-04
3.01971	150	1.90E-03	1.90E-04
3.02012	150	1.70E-03	1.70E-04
3.02112	150	9.00E-04	9.00E-05
3.02193	150	1.40E-03	1.40E-04
3.02274	150	5.00E-04	5.00E-05
3.02354	150	6.00E-04	6.00E-05
3.02435	150	4.00E-04	4.00E-05
3.02516	150	6.00E-04	6.00E-05
3.02596	150	6.00E-04	6.00E-05
3.02677	150	4.00E-04	4.00E-05
3.02757	150	6.00E-04	6.00E-05
3.02838	150	1.00E-04	1.00E-05
3.02919	150	1.00E-04	1.00E-05
3.02999	150	5.00E-04	5.00E-05
3.03080	150	2.00E-04	2.00E-05
3.03140	150	4.00E-04	4.00E-05
3.03181	150	2.00E-04	2.00E-05
3.03241	150	6.00E-04	6.00E-05
3.03322	150	4.00E-04	4.00E-05
3.03402	150	1.00E-04	1.00E-05
3.03463	150	5.00E-04	5.00E-05
3.03543	150	6.00E-04	6.00E-05
3.03624	150	3.00E-04	3.00E-05
3.03664	150	3.00E-04	3.00E-05
3.03704	150	6.00E-04	6.00E-05
3.03745	150	5.00E-04	5.00E-05
3.03805	150	7.00E-04	7.00E-05
3.03886	150	3.10E-03	3.10E-04
3.03936	150	6.80E-03	6.80E-04
3.03956	150	6.10E-03	6.10E-04
3.03977	150	3.40E-03	3.40E-04
3.03997	150	2.30E-03	2.30E-04
3.04017	150	1.50E-03	1.50E-04
3.04047	150	1.10E-03	1.10E-04
3.04087	150	6.00E-04	6.00E-05
3.04128	150	2.00E-04	2.00E-05
3.04168	150	4.00E-04	4.00E-05
3.04208	150	2.00E-04	2.00E-05
3.04289	150	7.00E-04	7.00E-05
3.04369	150	3.00E-04	3.00E-05
3.04450	150	7.00E-04	7.00E-05
3.04531	150	4.00E-04	4.00E-05
3.04611	150	6.00E-04	6.00E-05
3.04692	150	4.00E-04	4.00E-05
3.04773	150	6.00E-04	6.00E-05
3.05014	150	9.00E-04	9.00E-05
3.05115	150	6.00E-04	6.00E-05
3.05236	150	7.00E-04	7.00E-05
3.05357	150	8.00E-04	8.00E-05
3.05478	150	8.00E-04	8.00E-05
3.05599	150	9.00E-04	9.00E-05
3.05720	150	8.00E-04	8.00E-05
3.05841	150	9.00E-04	9.00E-05
3.05962	150	1.50E-03	1.50E-04
3.06082	150	9.00E-04	9.00E-05
3.06203	150	1.10E-03	1.10E-04

