1.7425   90   0.001800   0.000719
1.7953   90   0.001900   0.000707
1.7957   90   0.003900   0.000990
1.7959   90   0.004300   0.001040
1.7961   90   0.001800   0.000671
1.7963   90   0.002200   0.000748
1.8216   90   0.001800   0.000672
1.9626   90   0.001800   0.000629
1.9864   90   0.001900   0.000662
2.2986   90   0.001900   0.000546
2.3013   90   0.001800   0.000548
2.3077   90   0.002100   0.000512
2.3080   90   0.001800   0.000488
2.3082   90   0.001800   0.000517
2.3086   90   0.002100   0.000598
2.3652   90   0.002800   0.000679
2.3660   90   0.002200   0.000602
2.3895   90   0.001800   0.000528
2.3926   90   0.002200   0.000586
2.3944   90   0.002400   0.000607
2.3956   90   0.002500   0.000623
2.3962   90   0.002200   0.000567
2.3968   90   0.002300   0.000594
2.3974   90   0.002800   0.000657
2.3980   90   0.003600   0.000753
2.3986   90   0.003800   0.000766
2.3992   90   0.003800   0.000755
2.3998   90   0.001900   0.000541
2.4004   90   0.002500   0.000613
2.4010   90   0.002300   0.000589
2.4016   90   0.002300   0.000595
2.4053   90   0.001800   0.000519
2.4119   90   0.001800   0.000512
2.4639   90   0.002100   0.000546
2.4729   90   0.002200   0.000557
2.4835   90   0.002200   0.000612
2.4837   90   0.001800   0.000538
2.4953   90   0.001900   0.000551
2.4959   90   0.003100   0.000700
2.5086   90   0.002100   0.000576
2.5203   90   0.001900   0.000548
2.5221   90   0.002500   0.000644
2.5239   90   0.002600   0.000658
2.5257   90   0.002900   0.000688
2.5263   90   0.002600   0.000660
2.5269   90   0.002300   0.000611
2.5275   90   0.002600   0.000655
2.5281   90   0.002600   0.000664
2.5293   90   0.002900   0.000692
2.5299   90   0.002500   0.000650
2.5305   90   0.002500   0.000656
2.5311   90   0.003100   0.000741
2.5324   90   0.002100   0.000600
2.5330   90   0.002700   0.000673
2.5360   90   0.002100   0.000594
2.5366   90   0.001900   0.000563
2.5372   90   0.002100   0.000604
2.5402   90   0.002900   0.000698
2.5420   90   0.003100   0.000717
2.5450   90   0.002700   0.000650
2.5457   90   0.002700   0.000649
2.5469   90   0.001900   0.000531
2.5477   90   0.002300   0.000573
2.5485   90   0.002500   0.000568
2.5489   90   0.002200   0.000532
2.5493   90   0.002600   0.000557
2.5495   90   0.002200   0.000511
2.5497   90   0.002300   0.000519
2.5499   90   0.002100   0.000485
2.5501   90   0.002100   0.000476
2.5502   90   0.002600   0.000534
2.5503   90   0.002500   0.000525
2.5504   90   0.003100   0.000582
2.5506   90   0.001900   0.000460
2.5507   90   0.002500   0.000521
2.5509   90   0.002200   0.000511
2.5511   90   0.002500   0.000560
2.5512   90   0.002500   0.000570
2.5513   90   0.002800   0.000613
2.5515   90   0.003800   0.000737
2.5517   90   0.002300   0.000585
2.5519   90   0.003200   0.000717
2.5521   90   0.001900   0.000557
2.5523   90   0.003400   0.000750
2.5525   90   0.002100   0.000593
2.5529   90   0.002900   0.000712
2.5533   90   0.002800   0.000698
2.5535   90   0.002500   0.000662
2.5537   90   0.002600   0.000673
2.5541   90   0.002200   0.000609
2.5543   90   0.001800   0.000556
2.5545   90   0.001900   0.000567
2.5551   90   0.001800   0.000552
2.5555   90   0.002400   0.000644
2.5559   90   0.003500   0.000768
2.5563   90   0.002400   0.000631
2.5575   90   0.002400   0.000637
2.5581   90   0.003400   0.000744
2.5587   90   0.003200   0.000724
2.5593   90   0.002400   0.000618
2.5600   90   0.003400   0.000740
2.5606   90   0.003600   0.000752
2.5618   90   0.004300   0.000824
2.5624   90   0.003700   0.000745
2.5628   90   0.003400   0.000718
2.5632   90   0.003200   0.000682
2.5636   90   0.004300   0.000794
2.5640   90   0.003700   0.000728
2.5644   90   0.003900   0.000748
2.5648   90   0.002600   0.000616
2.5652   90   0.004100   0.000755
2.5656   90   0.002900   0.000647
2.5660   90   0.003400   0.000685
2.5664   90   0.005200   0.000835
2.5668   90   0.003600   0.000707
2.5672   90   0.004800   0.000799
2.5676   90   0.003600   0.000707
2.5680   90   0.004100   0.000763
2.5684   90   0.004300   0.000783
2.5688   90   0.004800   0.000834
2.5692   90   0.004100   0.000773
2.5696   90   0.004800   0.000847
2.5700   90   0.004800   0.000880
2.5704   90   0.003800   0.000770
2.5708   90   0.004200   0.000819
2.5712   90   0.003300   0.000745
2.5720   90   0.005100   0.000909
2.5724   90   0.004600   0.000875
2.5728   90   0.005600   0.000992
2.5732   90   0.004500   0.000876
2.5737   90   0.004700   0.000896
2.5741   90   0.004300   0.000854
2.5745   90   0.003600   0.000787
2.5749   90   0.005400   0.000963
2.5753   90   0.004700   0.000910
2.5757   90   0.005100   0.000924
2.5761   90   0.003800   0.000804
2.5769   90   0.004100   0.000836
2.5773   90   0.004400   0.000864
2.5777   90   0.004100   0.000826
2.5781   90   0.004400   0.000859
2.5785   90   0.005500   0.000963
2.5789   90   0.005200   0.000946
2.5793   90   0.006700   0.001050
2.5797   90   0.004900   0.000919
2.5801   90   0.004900   0.000912
2.5805   90   0.004500   0.000868
2.5809   90   0.006100   0.001020
2.5813   90   0.004400   0.000859
2.5817   90   0.005200   0.000936
2.5821   90   0.005300   0.000942
2.5825   90   0.004900   0.000902
2.5829   90   0.004100   0.000811
2.5833   90   0.004700   0.000882
2.5837   90   0.004800   0.000886
2.5841   90   0.004900   0.000893
2.5845   90   0.004500   0.000847
2.5849   90   0.004400   0.000854
2.5853   90   0.004900   0.000895
2.5857   90   0.004900   0.000884
2.5861   90   0.003100   0.000706
2.5865   90   0.004500   0.000841
2.5869   90   0.003800   0.000783
2.5873   90   0.005200   0.000916
2.5882   90   0.004700   0.000861
2.5886   90   0.005300   0.000919
2.5890   90   0.003600   0.000749
2.5894   90   0.003800   0.000778
2.5898   90   0.005400   0.000914
2.5902   90   0.004400   0.000832
2.5906   90   0.004900   0.000867
2.5910   90   0.003400   0.000738
2.5914   90   0.004500   0.000848
2.5918   90   0.003300   0.000714
2.5922   90   0.004500   0.000840
2.5926   90   0.004100   0.000790
2.5930   90   0.003900   0.000773
2.5934   90   0.004700   0.000840
2.5938   90   0.004800   0.000850
2.5942   90   0.003200   0.000697
2.5946   90   0.002400   0.000595
2.5950   90   0.004300   0.000803
2.5954   90   0.003600   0.000730
2.5958   90   0.003900   0.000749
2.5962   90   0.004400   0.000798
2.5966   90   0.003800   0.000753
2.5970   90   0.004700   0.000848
2.5974   90   0.003800   0.000742
2.5976   90   0.002900   0.000643
2.5982   90   0.004600   0.000809
2.5986   90   0.002600   0.000612
2.5990   90   0.003100   0.000667
2.5994   90   0.003400   0.000700
2.5998   90   0.002500   0.000587
2.6000   90   0.003300   0.000673
2.6002   90   0.003400   0.000687
2.6004   90   0.003100   0.000659
2.6006   90   0.002100   0.000539
2.6008   90   0.002200   0.000548
2.6010   90   0.002600   0.000611
2.6012   90   0.002700   0.000632
2.6015   90   0.002900   0.000646
2.6017   90   0.003200   0.000684
2.6019   90   0.002300   0.000572
2.6023   90   0.002100   0.000559
2.6025   90   0.002500   0.000596
2.6029   90   0.002300   0.000567
2.6033   90   0.002400   0.000594
2.6037   90   0.002800   0.000641
2.6041   90   0.002300   0.000578
2.6045   90   0.002100   0.000546
2.6057   90   0.002500   0.000588
2.6069   90   0.002600   0.000610
2.6077   90   0.002300   0.000579
2.6081   90   0.002200   0.000559
2.6085   90   0.001900   0.000521
2.6089   90   0.002100   0.000552
2.6091   90   0.001800   0.000517
2.6092   90   0.001800   0.000531
2.6093   90   0.001800   0.000532
2.6096   90   0.002600   0.000639
2.6099   90   0.002100   0.000552
2.6101   90   0.002300   0.000569
2.6119   90   0.002500   0.000585
2.6123   90   0.002500   0.000596
2.6139   90   0.002500   0.000591
2.6158   90   0.002100   0.000539
2.6170   90   0.002100   0.000538
2.6260   90   0.002100   0.000535
2.6321   90   0.002400   0.000573
2.6339   90   0.002400   0.000569
2.7066   90   0.001800   0.000441
2.7094   90   0.002400   0.000525
2.7096   90   0.002100   0.000500
2.7100   90   0.003500   0.000665
2.7102   90   0.001800   0.000480
2.7104   90   0.002200   0.000527
2.7109   90   0.001900   0.000494
2.7113   90   0.001800   0.000487
2.7115   90   0.001800   0.000481
2.7117   90   0.001800   0.000484
2.7125   90   0.002600   0.000584
2.7129   90   0.002700   0.000588
2.7133   90   0.002600   0.000573
2.7137   90   0.003500   0.000661
2.7145   90   0.002400   0.000543
2.7157   90   0.003300   0.000625
2.7159   90   0.002100   0.000493
2.7165   90   0.003500   0.000618
2.7167   90   0.002400   0.000510
2.7169   90   0.003100   0.000578
2.7171   90   0.002800   0.000543
2.7173   90   0.003300   0.000612
2.7175   90   0.003600   0.000659
2.7177   90   0.002200   0.000522
2.7179   90   0.002100   0.000522
2.7181   90   0.002900   0.000616
2.7183   90   0.002500   0.000574
2.7185   90   0.002800   0.000600
2.7187   90   0.002600   0.000587
2.7189   90   0.002700   0.000597
2.7191   90   0.003100   0.000627
2.7193   90   0.002400   0.000555
2.7195   90   0.002900   0.000607
2.7197   90   0.002300   0.000538
2.7201   90   0.003800   0.000684
2.7205   90   0.003200   0.000621
2.7209   90   0.001800   0.000451
2.7211   90   0.002800   0.000565
2.7213   90   0.002500   0.000507
2.7215   90   0.002500   0.000504
2.7217   90   0.002600   0.000520
2.7219   90   0.003800   0.000665
2.7221   90   0.003200   0.000632
2.7223   90   0.003100   0.000634
2.7225   90   0.002600   0.000587
2.7227   90   0.003400   0.000684
2.7229   90   0.002600   0.000603
2.7231   90   0.002500   0.000591
2.7233   90   0.002300   0.000560
2.7235   90   0.003800   0.000720
2.7237   90   0.003100   0.000653
2.7239   90   0.003200   0.000649
2.7241   90   0.003200   0.000654
2.7245   90   0.002300   0.000553
2.7250   90   0.002400   0.000557
2.7258   90   0.002700   0.000589
2.7264   90   0.001900   0.000491
2.7270   90   0.003300   0.000638
2.7276   90   0.002300   0.000541
2.7306   90   0.002400   0.000531
2.7360   90   0.002400   0.000471
2.7384   90   0.001900   0.000479
2.7386   90   0.001900   0.000474
2.7397   90   0.001900   0.000470
2.7900   90   0.002200   0.000545
2.8009   90   0.001800   0.000489
2.8021   90   0.002400   0.000566
2.8035   90   0.001900   0.000488
2.8037   90   0.002500   0.000563
2.8045   90   0.002700   0.000577
2.8046   90   0.002400   0.000543
2.8051   90   0.002300   0.000522
2.8052   90   0.001800   0.000454
2.8066   90   0.002100   0.000511
2.8068   90   0.001800   0.000475
2.8069   90   0.001900   0.000488
2.8074   90   0.002500   0.000572
2.8075   90   0.001800   0.000485
2.8077   90   0.002100   0.000524
2.8083   90   0.002400   0.000553
2.8094   90   0.002100   0.000518
2.8106   90   0.001900   0.000500
2.8110   90   0.001900   0.000501
2.8126   90   0.001900   0.000508
2.8128   90   0.001800   0.000496
2.8132   90   0.002100   0.000527
2.8142   90   0.002200   0.000545
2.8144   90   0.001800   0.000489
2.8152   90   0.002100   0.000528
2.8160   90   0.002100   0.000528
2.8172   90   0.001800   0.000492
2.8199   90   0.002200   0.000529
2.8205   90   0.003400   0.000663
2.8211   90   0.001900   0.000492
2.8223   90   0.001900   0.000496
2.8265   90   0.002800   0.000603
2.8271   90   0.002100   0.000518
2.8283   90   0.001800   0.000484
2.8301   90   0.001900   0.000489
2.8313   90   0.002700   0.000587
2.8325   90   0.002400   0.000549
2.8362   90   0.001900   0.000486
2.8368   90   0.002200   0.000518
2.8374   90   0.003400   0.000650
2.8380   90   0.002500   0.000554
2.8392   90   0.003400   0.000634
2.8398   90   0.002100   0.000495
2.8404   90   0.002500   0.000541
2.8410   90   0.003300   0.000604
2.8412   90   0.003100   0.000597
2.8413   90   0.001900   0.000461
2.8414   90   0.002700   0.000542
2.8415   90   0.001900   0.000458
2.8417   90   0.003500   0.000635
2.8418   90   0.002200   0.000511
2.8420   90   0.002800   0.000575
2.8421   90   0.002600   0.000557
2.8423   90   0.002400   0.000539
2.8424   90   0.002600   0.000551
2.8425   90   0.003100   0.000605
2.8426   90   0.002300   0.000530
2.8427   90   0.002900   0.000591
2.8429   90   0.002600   0.000556
2.8431   90   0.002600   0.000564
2.8432   90   0.003400   0.000640
2.8433   90   0.002400   0.000544
2.8434   90   0.002800   0.000579
2.8435   90   0.003600   0.000667
2.8436   90   0.002900   0.000591
2.8438   90   0.002900   0.000599
2.8439   90   0.002400   0.000538
2.8440   90   0.003300   0.000628
2.8441   90   0.002200   0.000508
2.8442   90   0.002600   0.000556
2.8443   90   0.002900   0.000592
2.8444   90   0.003700   0.000656
2.8445   90   0.002400   0.000536
2.8446   90   0.003600   0.000646
2.8447   90   0.003300   0.000629
2.8448   90   0.002300   0.000521
2.8449   90   0.002800   0.000578
2.8450   90   0.003300   0.000620
2.8451   90   0.003300   0.000627
2.8452   90   0.002300   0.000526
2.8454   90   0.002100   0.000497
2.8456   90   0.002900   0.000582
2.8460   90   0.003400   0.000628
2.8462   90   0.003400   0.000633
2.8462   90   0.003300   0.000619
2.8464   90   0.003400   0.000630
2.8464   90   0.003700   0.000670
2.8466   90   0.003200   0.000611
2.8466   90   0.002400   0.000550
2.8468   90   0.003100   0.000625
2.8468   90   0.003300   0.000637
2.8470   90   0.002700   0.000571
2.8472   90   0.003700   0.000681
2.8475   90   0.002800   0.000579
2.8481   90   0.003800   0.000671
2.8485   90   0.003100   0.000619
2.8489   90   0.002300   0.000520
2.8493   90   0.003700   0.000667
2.8497   90   0.003600   0.000667
2.8501   90   0.004300   0.000718
2.8505   90   0.003700   0.000668
2.8513   90   0.003900   0.000686
2.8517   90   0.003100   0.000615
2.8521   90   0.003700   0.000670
2.8525   90   0.003900   0.000678
2.8529   90   0.003800   0.000678
2.8533   90   0.002400   0.000541
2.8537   90   0.005400   0.000802
2.8541   90   0.003500   0.000646
2.8545   90   0.004600   0.000742
2.8547   90   0.003700   0.000673
2.8549   90   0.004100   0.000694
2.8551   90   0.005100   0.000776
2.8557   90   0.004400   0.000724
2.8565   90   0.005200   0.000794
2.8567   90   0.004700   0.000703
2.8571   90   0.004900   0.000802
2.8579   90   0.004900   0.000794
2.8587   90   0.005400   0.000846
2.8596   90   0.004500   0.000774
2.8603   90   0.004900   0.000798
2.8612   90   0.005700   0.000875
2.8620   90   0.005800   0.000906
2.8626   90   0.005300   0.000872
2.8630   90   0.006700   0.000971
2.8634   90   0.005600   0.000862
2.8638   90   0.007400   0.000959
2.8642   90   0.005600   0.000820
2.8646   90   0.007500   0.000925
2.8650   90   0.005600   0.000808
2.8654   90   0.007100   0.000916
2.8658   90   0.007400   0.000949
2.8662   90   0.006500   0.000874
2.8666   90   0.008300   0.000981
2.8670   90   0.005500   0.000791
2.8674   90   0.006500   0.000882
2.8678   90   0.007500   0.000946
2.8682   90   0.007500   0.000961
2.8686   90   0.006800   0.000933
2.8690   90   0.006500   0.000932
2.8694   90   0.006800   0.000957
2.8698   90   0.007200   0.000993
2.8706   90   0.007300   0.001040
2.8710   90   0.006900   0.000987
2.8714   90   0.007300   0.001020
2.8718   90   0.008600   0.001040
2.8722   90   0.007800   0.000971
2.8726   90   0.007900   0.000952
2.8731   90   0.006300   0.000834
2.8739   90   0.007700   0.000900
2.8747   90   0.006300   0.000790
2.8751   90   0.008300   0.000924
2.8759   90   0.006400   0.000800
2.8763   90   0.006700   0.000834
2.8767   90   0.006100   0.000779
2.8773   90   0.006900   0.000819
2.8787   90   0.006800   0.000819
2.8795   90   0.006100   0.000759
2.8803   90   0.006400   0.000777
2.8811   90   0.006200   0.000749
2.8821   90   0.005500   0.000714
2.8833   90   0.006600   0.000771
2.8870   90   0.003800   0.000571
2.8882   90   0.004100   0.000590
2.8894   90   0.005600   0.000694
2.8906   90   0.004100   0.000585
2.8918   90   0.004100   0.000610
2.8930   90   0.003700   0.000590
2.8942   90   0.004200   0.000635
2.8954   90   0.003600   0.000605
2.8966   90   0.003100   0.000561
2.8990   90   0.002600   0.000535
2.9003   90   0.002900   0.000553
2.9015   90   0.003100   0.000584
2.9027   90   0.004100   0.000659
2.9051   90   0.003700   0.000629
2.9053   90   0.002600   0.000534
2.9055   90   0.002600   0.000518
2.9057   90   0.003300   0.000577
2.9059   90   0.002300   0.000477
2.9061   90   0.003300   0.000560
2.9063   90   0.002800   0.000524
2.9065   90   0.002500   0.000481
2.9069   90   0.003700   0.000590
2.9071   90   0.002700   0.000525
2.9073   90   0.002700   0.000543
2.9075   90   0.002900   0.000580
2.9077   90   0.002500   0.000543
2.9079   90   0.002900   0.000577
2.9083   90   0.002900   0.000575
2.9087   90   0.001800   0.000453
2.9091   90   0.002200   0.000494
2.9097   90   0.002600   0.000539
2.9105   90   0.002500   0.000533
2.9113   90   0.002400   0.000514
2.9160   90   0.001800   0.000430
2.9176   90   0.001900   0.000448
2.9182   90   0.002200   0.000484
2.9272   90   0.002300   0.000478
2.9321   90   0.002300   0.000464
3.0067   90   0.001800   0.000378
3.0103   90   0.001800   0.000338
3.0145   90   0.002400   0.000452
3.0195   90   0.002300   0.000528
1.7385   105   0.001900   0.000577
1.7946   105   0.001800   0.000539
1.7955   105   0.002100   0.000568
1.7957   105   0.003700   0.000777
1.7959   105   0.002500   0.000636
1.7961   105   0.002900   0.000684
1.7963   105   0.001900   0.000563
1.7965   105   0.001800   0.000549
2.1593   105   0.001600   0.000458
2.2008   105   0.001600   0.000476
2.3037   105   0.001600   0.000409
2.3045   105   0.001800   0.000426
2.3053   105   0.001600   0.000409
2.3082   105   0.001700   0.000444
2.3083   105   0.001700   0.000456
2.3088   105   0.001900   0.000481
2.3096   105   0.001600   0.000430
2.3585   105   0.001700   0.000429
2.3624   105   0.001600   0.000407
2.3628   105   0.001600   0.000406
2.3648   105   0.001700   0.000425
2.3660   105   0.001600   0.000416
2.3901   105   0.001800   0.000423
2.3926   105   0.001600   0.000405
2.3938   105   0.001600   0.000400
2.3950   105   0.001900   0.000439
2.3956   105   0.002200   0.000467
2.3962   105   0.002900   0.000530
2.3974   105   0.003300   0.000566
2.3986   105   0.002800   0.000531
2.3992   105   0.002900   0.000531
2.3998   105   0.002500   0.000495
2.4004   105   0.001600   0.000397
2.4010   105   0.003200   0.000563
2.4016   105   0.002400   0.000487
2.4022   105   0.002600   0.000500
2.4034   105   0.001600   0.000393
2.4040   105   0.001800   0.000421
2.4047   105   0.002100   0.000461
2.4059   105   0.002300   0.000475
2.4071   105   0.001600   0.000388
2.4089   105   0.001700   0.000408
2.4282   105   0.002100   0.000440
2.4343   105   0.001800   0.000392
2.4729   105   0.001600   0.000407
2.4905   105   0.001600   0.000411
2.4983   105   0.001700   0.000427
2.5013   105   0.001600   0.000414
2.5173   105   0.001700   0.000427
2.5209   105   0.001700   0.000425
2.5215   105   0.002100   0.000471
2.5227   105   0.003200   0.000583
2.5233   105   0.001900   0.000444
2.5239   105   0.002300   0.000493
2.5251   105   0.001600   0.000420
2.5257   105   0.002200   0.000480
2.5263   105   0.003500   0.000604
2.5269   105   0.003300   0.000593
2.5281   105   0.002100   0.000466
2.5287   105   0.003700   0.000616
2.5293   105   0.002400   0.000504
2.5299   105   0.003200   0.000572
2.5305   105   0.002300   0.000484
2.5311   105   0.003300   0.000581
2.5318   105   0.002300   0.000483
2.5324   105   0.002800   0.000535
2.5330   105   0.001900   0.000443
2.5342   105   0.002200   0.000471
2.5348   105   0.002900   0.000538
2.5354   105   0.001700   0.000408
2.5360   105   0.002700   0.000527
2.5366   105   0.001900   0.000437
2.5378   105   0.002900   0.000527
2.5384   105   0.002500   0.000491
2.5390   105   0.001600   0.000397
2.5396   105   0.002300   0.000478
2.5402   105   0.002500   0.000496
2.5426   105   0.001600   0.000390
2.5432   105   0.002700   0.000503
2.5450   105   0.003500   0.000555
2.5457   105   0.003100   0.000523
2.5473   105   0.002700   0.000479
2.5481   105   0.001700   0.000372
2.5485   105   0.002200   0.000419
2.5495   105   0.001700   0.000351
2.5497   105   0.002500   0.000430
2.5499   105   0.002500   0.000443
2.5500   105   0.002700   0.000454
2.5501   105   0.002200   0.000418
2.5502   105   0.001900   0.000393
2.5503   105   0.002500   0.000451
2.5504   105   0.003100   0.000512
2.5505   105   0.001700   0.000381
2.5507   105   0.001800   0.000411
2.5508   105   0.001900   0.000430
2.5509   105   0.002100   0.000462
2.5511   105   0.001600   0.000413
2.5512   105   0.001700   0.000434
2.5513   105   0.002100   0.000492
2.5515   105   0.002800   0.000578
2.5519   105   0.002700   0.000583
2.5521   105   0.002900   0.000593
2.5523   105   0.002700   0.000565
2.5525   105   0.002400   0.000533
2.5527   105   0.002200   0.000515
2.5529   105   0.001600   0.000444
2.5531   105   0.001900   0.000482
2.5533   105   0.002200   0.000511
2.5535   105   0.002400   0.000521
2.5537   105   0.003500   0.000637
2.5539   105   0.001800   0.000453
2.5541   105   0.002200   0.000500
2.5545   105   0.002500   0.000523
2.5555   105   0.001600   0.000413
2.5559   105   0.001900   0.000451
2.5563   105   0.002800   0.000541
2.5569   105   0.001600   0.000405
2.5575   105   0.003200   0.000564
2.5581   105   0.002600   0.000518
2.5587   105   0.002900   0.000537
2.5593   105   0.002200   0.000455
2.5600   105   0.003300   0.000564
2.5606   105   0.002700   0.000502
2.5612   105   0.002500   0.000490
2.5624   105   0.002800   0.000496
2.5628   105   0.003500   0.000550
2.5632   105   0.003700   0.000575
2.5636   105   0.003400   0.000545
2.5640   105   0.002900   0.000501
2.5644   105   0.002800   0.000484
2.5648   105   0.003600   0.000550
2.5652   105   0.003500   0.000542
2.5656   105   0.003800   0.000562
2.5660   105   0.003900   0.000572
2.5668   105   0.004300   0.000601
2.5676   105   0.002400   0.000449
2.5680   105   0.004400   0.000611
2.5684   105   0.003800   0.000571
2.5688   105   0.003900   0.000595
2.5692   105   0.004400   0.000639
2.5696   105   0.003400   0.000565
2.5700   105   0.004900   0.000688
2.5704   105   0.003500   0.000583
2.5708   105   0.004600   0.000688
2.5712   105   0.003700   0.000605
2.5716   105   0.004600   0.000688
2.5720   105   0.004900   0.000700
2.5724   105   0.003600   0.000604
2.5728   105   0.003700   0.000616
2.5732   105   0.004500   0.000687
2.5737   105   0.004800   0.000695
2.5741   105   0.004600   0.000691
2.5745   105   0.005200   0.000734
2.5749   105   0.004800   0.000698
2.5753   105   0.004300   0.000658
2.5757   105   0.003900   0.000618
2.5761   105   0.004400   0.000665
2.5765   105   0.004800   0.000692
2.5769   105   0.004300   0.000655
2.5773   105   0.004600   0.000681
2.5777   105   0.004100   0.000647
2.5781   105   0.004800   0.000702
2.5785   105   0.004600   0.000678
2.5789   105   0.004500   0.000670
2.5793   105   0.005200   0.000714
2.5797   105   0.005300   0.000718
2.5801   105   0.005500   0.000735
2.5805   105   0.003800   0.000614
2.5809   105   0.004100   0.000646
2.5813   105   0.005600   0.000744
2.5817   105   0.005300   0.000725
2.5821   105   0.004800   0.000685
2.5825   105   0.004900   0.000698
2.5829   105   0.004800   0.000685
2.5833   105   0.005900   0.000759
2.5837   105   0.004600   0.000658
2.5841   105   0.005500   0.000730
2.5845   105   0.005400   0.000722
2.5849   105   0.003400   0.000567
2.5853   105   0.003800   0.000602
2.5861   105   0.003500   0.000576
2.5865   105   0.004800   0.000681
2.5869   105   0.004600   0.000653
2.5873   105   0.004600   0.000651
2.5878   105   0.004500   0.000657
2.5882   105   0.003800   0.000603
2.5886   105   0.004800   0.000672
2.5890   105   0.004200   0.000625
2.5894   105   0.004600   0.000651
2.5898   105   0.004100   0.000606
2.5910   105   0.004900   0.000661
2.5914   105   0.003900   0.000593
2.5918   105   0.004600   0.000637
2.5926   105   0.004100   0.000588
2.5930   105   0.004400   0.000601
2.5938   105   0.004200   0.000592
2.5942   105   0.004400   0.000596
2.5946   105   0.004200   0.000583
2.5954   105   0.004200   0.000584
2.5962   105   0.004200   0.000588
2.5966   105   0.004700   0.000636
2.5970   105   0.004200   0.000602
2.5974   105   0.004200   0.000595
2.5976   105   0.004400   0.000616
2.5978   105   0.004800   0.000636
2.5982   105   0.004600   0.000634
2.5986   105   0.003700   0.000563
2.5990   105   0.003300   0.000533
2.5998   105   0.003600   0.000560
2.6000   105   0.003900   0.000579
2.6002   105   0.004200   0.000600
2.6004   105   0.003100   0.000525
2.6006   105   0.003800   0.000576
2.6008   105   0.003300   0.000551
2.6010   105   0.003100   0.000535
2.6012   105   0.002500   0.000480
2.6015   105   0.003400   0.000559
2.6017   105   0.002500   0.000472
2.6019   105   0.002300   0.000455
2.6021   105   0.002500   0.000476
2.6023   105   0.003500   0.000553
2.6025   105   0.003200   0.000532
2.6029   105   0.001900   0.000408
2.6037   105   0.003700   0.000572
2.6041   105   0.002200   0.000444
2.6045   105   0.001900   0.000411
2.6049   105   0.002200   0.000443
2.6057   105   0.002300   0.000442
2.6061   105   0.002100   0.000434
2.6065   105   0.003100   0.000529
2.6069   105   0.002500   0.000470
2.6073   105   0.002900   0.000515
2.6077   105   0.002400   0.000467
2.6085   105   0.002400   0.000477
2.6089   105   0.002100   0.000452
2.6091   105   0.001900   0.000442
2.6092   105   0.002800   0.000547
2.6093   105   0.002100   0.000479
2.6094   105   0.001700   0.000430
2.6095   105   0.002400   0.000499
2.6096   105   0.001900   0.000436
2.6097   105   0.002600   0.000498
2.6098   105   0.001900   0.000414
2.6100   105   0.002300   0.000437
2.6101   105   0.001700   0.000376
2.6103   105   0.002700   0.000469
2.6107   105   0.002100   0.000414
2.6109   105   0.002100   0.000423
2.6111   105   0.002300   0.000442
2.6123   105   0.002300   0.000440
2.6133   105   0.002500   0.000462
2.6139   105   0.001800   0.000393
2.6145   105   0.002100   0.000420
2.6158   105   0.001600   0.000373
2.6170   105   0.001700   0.000378
2.6182   105   0.001600   0.000367
2.6236   105   0.001700   0.000390
2.6254   105   0.001800   0.000400
2.6266   105   0.001600   0.000385
2.6484   105   0.001600   0.000385
2.6575   105   0.001700   0.000409
2.6885   105   0.001700   0.000361
2.6897   105   0.002100   0.000415
2.6909   105   0.001900   0.000383
2.6921   105   0.001700   0.000366
2.6939   105   0.001700   0.000360
2.6982   105   0.001700   0.000360
2.7012   105   0.001900   0.000375
2.7024   105   0.001700   0.000352
2.7030   105   0.002200   0.000396
2.7036   105   0.001600   0.000332
2.7042   105   0.002100   0.000378
2.7048   105   0.002100   0.000377
2.7054   105   0.002400   0.000400
2.7060   105   0.002400   0.000394
2.7066   105   0.002200   0.000373
2.7078   105   0.002500   0.000356
2.7081   105   0.002300   0.000332
2.7082   105   0.002400   0.000344
2.7084   105   0.002600   0.000362
2.7086   105   0.002600   0.000370
2.7088   105   0.001700   0.000323
2.7090   105   0.001800   0.000347
2.7092   105   0.002300   0.000417
2.7098   105   0.002100   0.000430
2.7100   105   0.001900   0.000411
2.7102   105   0.002700   0.000490
2.7104   105   0.002600   0.000488
2.7106   105   0.002700   0.000489
2.7109   105   0.001800   0.000395
2.7111   105   0.002300   0.000446
2.7113   105   0.002300   0.000457
2.7115   105   0.002300   0.000447
2.7117   105   0.002700   0.000479
2.7125   105   0.002600   0.000471
2.7129   105   0.003300   0.000512
2.7133   105   0.002200   0.000418
2.7137   105   0.002400   0.000437
2.7141   105   0.002600   0.000458
2.7145   105   0.002300   0.000423
2.7151   105   0.003300   0.000504
2.7157   105   0.002500   0.000427
2.7159   105   0.003600   0.000514
2.7161   105   0.003100   0.000485
2.7163   105   0.002400   0.000423
2.7165   105   0.002900   0.000465
2.7167   105   0.002700   0.000457
2.7169   105   0.002800   0.000482
2.7171   105   0.002700   0.000492
2.7173   105   0.003700   0.000592
2.7175   105   0.002200   0.000473
2.7177   105   0.003600   0.000603
2.7179   105   0.003200   0.000565
2.7181   105   0.003900   0.000616
2.7183   105   0.001700   0.000398
2.7185   105   0.003800   0.000587
2.7187   105   0.002100   0.000436
2.7191   105   0.002800   0.000497
2.7193   105   0.002800   0.000495
2.7197   105   0.002700   0.000473
2.7201   105   0.003400   0.000532
2.7205   105   0.003100   0.000500
2.7207   105   0.003500   0.000530
2.7209   105   0.003500   0.000529
2.7211   105   0.003400   0.000512
2.7213   105   0.003100   0.000496
2.7217   105   0.003800   0.000564
2.7219   105   0.002600   0.000469
2.7221   105   0.003200   0.000533
2.7223   105   0.003200   0.000529
2.7227   105   0.003200   0.000520
2.7229   105   0.002900   0.000496
2.7231   105   0.003500   0.000537
2.7233   105   0.003200   0.000507
2.7235   105   0.003100   0.000494
2.7237   105   0.003100   0.000491
2.7239   105   0.002300   0.000423
2.7241   105   0.002900   0.000473
2.7245   105   0.002500   0.000441
2.7250   105   0.003200   0.000500
2.7254   105   0.002100   0.000405
2.7258   105   0.002400   0.000421
2.7264   105   0.001900   0.000373
2.7270   105   0.002800   0.000453
2.7276   105   0.001900   0.000368
2.7282   105   0.001800   0.000359
2.7288   105   0.002400   0.000422
2.7294   105   0.001600   0.000333
2.7306   105   0.002200   0.000391
2.7318   105   0.001600   0.000329
2.7358   105   0.001600   0.000293
2.7556   105   0.001800   0.000359
2.7840   105   0.001700   0.000394
2.7864   105   0.001600   0.000389
2.7876   105   0.001700   0.000386
2.7894   105   0.001800   0.000406
2.7906   105   0.002200   0.000435
2.7914   105   0.001600   0.000369
2.7933   105   0.001700   0.000381
2.7973   105   0.001900   0.000397
2.7985   105   0.001600   0.000369
2.8009   105   0.001700   0.000379
2.8031   105   0.002200   0.000414
2.8037   105   0.002700   0.000462
2.8039   105   0.001800   0.000373
2.8040   105   0.001600   0.000346
2.8041   105   0.002300   0.000426
2.8047   105   0.001900   0.000377
2.8053   105   0.001800   0.000363
2.8056   105   0.002600   0.000440
2.8056   105   0.002200   0.000405
2.8058   105   0.001900   0.000381
2.8062   105   0.002200   0.000414
2.8066   105   0.001700   0.000375
2.8070   105   0.002300   0.000439
2.8074   105   0.001900   0.000391
2.8076   105   0.002200   0.000431
2.8078   105   0.002100   0.000421
2.8079   105   0.002200   0.000440
2.8081   105   0.001600   0.000362
2.8082   105   0.001900   0.000404
2.8087   105   0.002100   0.000414
2.8100   105   0.001700   0.000371
2.8102   105   0.001700   0.000379
2.8106   105   0.001600   0.000361
2.8108   105   0.002100   0.000425
2.8114   105   0.002100   0.000432
2.8118   105   0.001800   0.000389
2.8122   105   0.002600   0.000480
2.8124   105   0.002200   0.000428
2.8126   105   0.001800   0.000392
2.8130   105   0.001900   0.000396
2.8132   105   0.001700   0.000386
2.8136   105   0.001700   0.000376
2.8138   105   0.001700   0.000380
2.8140   105   0.001700   0.000381
2.8142   105   0.001700   0.000379
2.8144   105   0.002500   0.000453
2.8148   105   0.002400   0.000450
2.8152   105   0.001900   0.000400
2.8156   105   0.001900   0.000395
2.8160   105   0.002200   0.000428
2.8168   105   0.001900   0.000398
2.8176   105   0.002500   0.000449
2.8186   105   0.002300   0.000433
2.8192   105   0.001700   0.000372
2.8205   105   0.001600   0.000360
2.8211   105   0.002400   0.000442
2.8217   105   0.002700   0.000470
2.8229   105   0.002300   0.000426
2.8241   105   0.001800   0.000382
2.8247   105   0.002700   0.000469
2.8253   105   0.002400   0.000439
2.8265   105   0.002100   0.000405
2.8271   105   0.002100   0.000414
2.8289   105   0.002800   0.000475
2.8295   105   0.002200   0.000416
2.8307   105   0.002300   0.000429
2.8313   105   0.002500   0.000441
2.8319   105   0.002200   0.000420
2.8325   105   0.002400   0.000432
2.8331   105   0.002300   0.000423
2.8338   105   0.001700   0.000368
2.8344   105   0.002200   0.000422
2.8350   105   0.002800   0.000466
2.8356   105   0.002400   0.000433
2.8368   105   0.002200   0.000407
2.8374   105   0.002500   0.000432
2.8380   105   0.002400   0.000425
2.8386   105   0.002400   0.000417
2.8392   105   0.002200   0.000402
2.8398   105   0.002800   0.000449
2.8404   105   0.003200   0.000485
2.8410   105   0.002100   0.000382
2.8412   105   0.002200   0.000400
2.8413   105   0.002300   0.000403
2.8414   105   0.002800   0.000447
2.8415   105   0.002900   0.000461
2.8416   105   0.002300   0.000417
2.8417   105   0.003100   0.000477
2.8418   105   0.003100   0.000486
2.8419   105   0.002900   0.000470
2.8420   105   0.002700   0.000461
2.8421   105   0.002400   0.000422
2.8422   105   0.002300   0.000422
2.8423   105   0.002500   0.000438
2.8424   105   0.002900   0.000464
2.8425   105   0.003300   0.000502
2.8426   105   0.003200   0.000485
2.8428   105   0.002800   0.000463
2.8429   105   0.002400   0.000416
2.8430   105   0.002900   0.000462
2.8431   105   0.002100   0.000397
2.8432   105   0.002600   0.000438
2.8433   105   0.002100   0.000394
2.8436   105   0.003700   0.000527
2.8437   105   0.003400   0.000501
2.8438   105   0.003300   0.000488
2.8439   105   0.002900   0.000462
2.8440   105   0.002700   0.000447
2.8441   105   0.003200   0.000487
2.8442   105   0.003200   0.000483
2.8443   105   0.003300   0.000493
2.8444   105   0.002700   0.000448
2.8445   105   0.002600   0.000430
2.8446   105   0.002600   0.000441
2.8447   105   0.003500   0.000509
2.8448   105   0.002900   0.000470
2.8450   105   0.003200   0.000490
2.8451   105   0.002600   0.000433
2.8452   105   0.002900   0.000464
2.8454   105   0.004100   0.000547
2.8456   105   0.002600   0.000432
2.8458   105   0.003200   0.000481
2.8462   105   0.002800   0.000460
2.8462   105   0.002700   0.000461
2.8464   105   0.003200   0.000516
2.8464   105   0.003700   0.000555
2.8466   105   0.003100   0.000504
2.8466   105   0.002400   0.000436
2.8468   105   0.003500   0.000526
2.8468   105   0.003500   0.000523
2.8470   105   0.002400   0.000421
2.8472   105   0.003200   0.000490
2.8475   105   0.003800   0.000537
2.8477   105   0.003500   0.000511
2.8479   105   0.002500   0.000435
2.8481   105   0.002600   0.000440
2.8485   105   0.003500   0.000522
2.8489   105   0.002900   0.000461
2.8493   105   0.002400   0.000419
2.8497   105   0.002800   0.000455
2.8501   105   0.003800   0.000532
2.8505   105   0.003600   0.000520
2.8509   105   0.003800   0.000528
2.8513   105   0.002900   0.000462
2.8521   105   0.003500   0.000510
2.8525   105   0.003400   0.000511
2.8529   105   0.004300   0.000561
2.8537   105   0.005500   0.000640
2.8541   105   0.003400   0.000504
2.8545   105   0.003200   0.000485
2.8549   105   0.005200   0.000611
2.8551   105   0.003800   0.000529
2.8553   105   0.005200   0.000626
2.8557   105   0.003900   0.000542
2.8561   105   0.003400   0.000511
2.8565   105   0.004200   0.000563
2.8567   105   0.003500   0.000477
2.8571   105   0.005900   0.000718
2.8579   105   0.005500   0.000705
2.8587   105   0.006200   0.000737
2.8596   105   0.004700   0.000654
2.8612   105   0.006200   0.000767
2.8620   105   0.005600   0.000747
2.8626   105   0.006400   0.000781
2.8630   105   0.006900   0.000786
2.8634   105   0.006700   0.000741
2.8638   105   0.005700   0.000649
2.8642   105   0.005800   0.000641
2.8646   105   0.007800   0.000746
2.8650   105   0.007200   0.000743
2.8654   105   0.006100   0.000673
2.8658   105   0.007400   0.000754
2.8666   105   0.007200   0.000746
2.8670   105   0.007500   0.000764
2.8674   105   0.006500   0.000745
2.8682   105   0.006800   0.000785
2.8686   105   0.008200   0.000891
2.8690   105   0.008200   0.000911
2.8694   105   0.008200   0.000932
2.8698   105   0.005700   0.000780
2.8710   105   0.007300   0.000838
2.8714   105   0.007400   0.000794
2.8718   105   0.008200   0.000760
2.8722   105   0.006800   0.000641
2.8726   105   0.006200   0.000553
2.8731   105   0.008700   0.000657
2.8739   105   0.007200   0.000560
2.8743   105   0.006800   0.000533
2.8747   105   0.007300   0.000555
2.8751   105   0.007800   0.000576
2.8755   105   0.007900   0.000613
2.8759   105   0.006500   0.000536
2.8763   105   0.006900   0.000558
2.8767   105   0.007800   0.000587
2.8779   105   0.007200   0.000577
2.8787   105   0.006700   0.000563
2.8795   105   0.005200   0.000481
2.8803   105   0.006200   0.000532
2.8811   105   0.006400   0.000544
2.8821   105   0.005600   0.000517
2.8833   105   0.006100   0.000517
2.8845   105   0.004700   0.000465
2.8857   105   0.004800   0.000484
2.8870   105   0.004400   0.000457
2.8882   105   0.004500   0.000471
2.8894   105   0.004100   0.000455
2.8918   105   0.004900   0.000531
2.8930   105   0.004500   0.000521
2.8954   105   0.003700   0.000490
2.8966   105   0.004200   0.000537
2.8978   105   0.003400   0.000491
2.8990   105   0.002600   0.000434
2.9003   105   0.003800   0.000525
2.9015   105   0.002200   0.000396
2.9027   105   0.001700   0.000354
2.9039   105   0.003600   0.000515
2.9051   105   0.003500   0.000495
2.9053   105   0.002800   0.000435
2.9057   105   0.003300   0.000465
2.9059   105   0.003200   0.000454
2.9063   105   0.002600   0.000414
2.9065   105   0.003700   0.000497
2.9069   105   0.002500   0.000426
2.9071   105   0.002400   0.000436
2.9075   105   0.002500   0.000465
2.9077   105   0.001900   0.000401
2.9079   105   0.003100   0.000518
2.9083   105   0.002400   0.000444
2.9087   105   0.001700   0.000364
2.9097   105   0.001800   0.000369
2.9105   105   0.002700   0.000452
2.9113   105   0.002500   0.000433
2.9121   105   0.001900   0.000382
2.9137   105   0.001700   0.000357
2.9156   105   0.001600   0.000341
2.9160   105   0.001800   0.000371
2.9164   105   0.001900   0.000379
2.9168   105   0.001600   0.000334
2.9174   105   0.001900   0.000360
2.9186   105   0.001700   0.000345
2.9204   105   0.001600   0.000334
2.9224   105   0.001800   0.000352
2.9297   105   0.002100   0.000373
3.0145   105   0.001700   0.000373
3.0358   105   0.001600   0.000362
3.0568   105   0.001600   0.000336
1.7063   135   0.001100   0.000336
1.7172   135   0.001100   0.000298
1.7409   135   0.001100   0.000313
1.7955   135   0.002200   0.000469
1.7957   135   0.002700   0.000528
1.7959   135   0.002700   0.000522
1.7965   135   0.001400   0.000363
1.7967   135   0.001100   0.000326
2.1271   135   0.001100   0.000341
2.3037   135   0.001400   0.000298
2.3045   135   0.001700   0.000328
2.3049   135   0.001600   0.000311
2.3058   135   0.001500   0.000297
2.3062   135   0.001500   0.000297
2.3066   135   0.001500   0.000296
2.3070   135   0.001500   0.000290
2.3074   135   0.001400   0.000263
2.3076   135   0.002100   0.000324
2.3078   135   0.001700   0.000317
2.3079   135   0.001500   0.000322
2.3080   135   0.001300   0.000326
2.3081   135   0.001500   0.000366
2.3082   135   0.001700   0.000399
2.3084   135   0.002100   0.000443
2.3085   135   0.001500   0.000366
2.3086   135   0.001200   0.000322
2.3087   135   0.001100   0.000304
2.3088   135   0.001200   0.000315
2.3089   135   0.001500   0.000346
2.3091   135   0.001100   0.000295
2.3092   135   0.001200   0.000303
2.3094   135   0.001100   0.000285
2.3098   135   0.001800   0.000354
2.3102   135   0.001600   0.000336
2.3104   135   0.001200   0.000293
2.3106   135   0.001600   0.000337
2.3120   135   0.001400   0.000318
2.3124   135   0.001200   0.000288
2.3162   135   0.001400   0.000308
2.3624   135   0.001100   0.000250
2.3636   135   0.001400   0.000286
2.3648   135   0.001900   0.000326
2.3652   135   0.001100   0.000245
2.3866   135   0.001300   0.000292
2.3879   135   0.001300   0.000288
2.3889   135   0.001200   0.000278
2.3914   135   0.001300   0.000283
2.3920   135   0.001100   0.000263
2.3932   135   0.002200   0.000370
2.3938   135   0.002100   0.000360
2.3944   135   0.002400   0.000386
2.3950   135   0.001900   0.000340
2.3956   135   0.002500   0.000388
2.3962   135   0.002600   0.000390
2.3968   135   0.002800   0.000414
2.3974   135   0.002400   0.000375
2.3980   135   0.002800   0.000403
2.3986   135   0.002800   0.000405
2.3992   135   0.002800   0.000408
2.3998   135   0.003200   0.000437
2.4004   135   0.002500   0.000387
2.4016   135   0.002200   0.000370
2.4034   135   0.001600   0.000311
2.4040   135   0.002400   0.000383
2.4047   135   0.001200   0.000267
2.4053   135   0.001800   0.000326
2.4059   135   0.001400   0.000290
2.4065   135   0.001700   0.000318
2.4071   135   0.001400   0.000292
2.4077   135   0.001700   0.000318
2.4083   135   0.001400   0.000294
2.4119   135   0.001200   0.000272
2.4155   135   0.001100   0.000259
2.4186   135   0.001200   0.000270
2.4409   135   0.001100   0.000273
2.4457   135   0.001100   0.000273
2.4470   135   0.001500   0.000315
2.4674   135   0.001500   0.000311
2.4699   135   0.001100   0.000268
2.4713   135   0.001200   0.000301
2.4719   135   0.001100   0.000304
2.4727   135   0.001500   0.000353
2.4735   135   0.001300   0.000323
2.4818   135   0.001100   0.000266
2.4899   135   0.001100   0.000250
2.5025   135   0.001300   0.000268
2.5056   135   0.001100   0.000236
2.5126   135   0.001300   0.000267
2.5128   135   0.001100   0.000251
2.5132   135   0.001200   0.000260
2.5138   135   0.001200   0.000244
2.5160   135   0.001200   0.000246
2.5203   135   0.001500   0.000274
2.5209   135   0.001100   0.000237
2.5215   135   0.001200   0.000247
2.5221   135   0.001100   0.000238
2.5227   135   0.001500   0.000276
2.5245   135   0.001900   0.000313
2.5251   135   0.002300   0.000343
2.5257   135   0.002600   0.000368
2.5263   135   0.002500   0.000357
2.5269   135   0.002200   0.000335
2.5275   135   0.002500   0.000357
2.5281   135   0.002900   0.000381
2.5287   135   0.002700   0.000371
2.5293   135   0.002900   0.000376
2.5299   135   0.002200   0.000333
2.5311   135   0.002100   0.000322
2.5318   135   0.002600   0.000358
2.5324   135   0.002400   0.000340
2.5336   135   0.002100   0.000314
2.5342   135   0.002500   0.000351
2.5348   135   0.001900   0.000301
2.5354   135   0.002100   0.000317
2.5360   135   0.001900   0.000305
2.5372   135   0.001700   0.000287
2.5378   135   0.001800   0.000294
2.5384   135   0.002500   0.000344
2.5390   135   0.001100   0.000228
2.5402   135   0.001300   0.000251
2.5408   135   0.001400   0.000264
2.5414   135   0.001100   0.000231
2.5420   135   0.001700   0.000288
2.5426   135   0.002100   0.000313
2.5432   135   0.001300   0.000251
2.5438   135   0.002300   0.000336
2.5444   135   0.001700   0.000289
2.5450   135   0.002200   0.000331
2.5457   135   0.001600   0.000277
2.5469   135   0.001500   0.000271
2.5473   135   0.002200   0.000335
2.5477   135   0.001500   0.000286
2.5485   135   0.001800   0.000317
2.5489   135   0.001800   0.000326
2.5493   135   0.002300   0.000390
2.5495   135   0.001800   0.000353
2.5497   135   0.001600   0.000353
2.5499   135   0.001700   0.000378
2.5500   135   0.001800   0.000402
2.5501   135   0.002100   0.000442
2.5502   135   0.002100   0.000449
2.5503   135   0.001400   0.000370
2.5505   135   0.001700   0.000435
2.5506   135   0.001700   0.000435
2.5507   135   0.002100   0.000493
2.5508   135   0.001700   0.000450
2.5509   135   0.001400   0.000412
2.5511   135   0.001500   0.000432
2.5512   135   0.001300   0.000406
2.5517   135   0.002100   0.000496
2.5519   135   0.002500   0.000531
2.5521   135   0.001900   0.000449
2.5523   135   0.002300   0.000483
2.5525   135   0.002300   0.000471
2.5527   135   0.002100   0.000433
2.5533   135   0.002300   0.000428
2.5535   135   0.001300   0.000318
2.5537   135   0.002500   0.000427
2.5539   135   0.001600   0.000340
2.5541   135   0.001600   0.000333
2.5543   135   0.002100   0.000377
2.5545   135   0.002600   0.000418
2.5547   135   0.001700   0.000327
2.5551   135   0.001700   0.000328
2.5555   135   0.002500   0.000393
2.5559   135   0.002300   0.000368
2.5563   135   0.001600   0.000308
2.5569   135   0.002500   0.000379
2.5575   135   0.002300   0.000359
2.5587   135   0.002200   0.000341
2.5593   135   0.002600   0.000366
2.5600   135   0.002600   0.000371
2.5606   135   0.002200   0.000336
2.5612   135   0.002300   0.000339
2.5618   135   0.002400   0.000351
2.5624   135   0.002500   0.000352
2.5628   135   0.002100   0.000321
2.5636   135   0.002600   0.000357
2.5640   135   0.002400   0.000342
2.5644   135   0.002600   0.000350
2.5648   135   0.002700   0.000355
2.5652   135   0.002600   0.000350
2.5660   135   0.001800   0.000293
2.5664   135   0.001700   0.000284
2.5668   135   0.002500   0.000341
2.5672   135   0.002700   0.000357
2.5676   135   0.001800   0.000291
2.5680   135   0.002100   0.000320
2.5684   135   0.002400   0.000341
2.5688   135   0.002300   0.000339
2.5692   135   0.002300   0.000326
2.5700   135   0.003300   0.000398
2.5704   135   0.003300   0.000399
2.5708   135   0.003300   0.000402
2.5712   135   0.003200   0.000394
2.5716   135   0.003400   0.000402
2.5720   135   0.003500   0.000426
2.5724   135   0.003500   0.000413
2.5728   135   0.003200   0.000395
2.5732   135   0.004500   0.000465
2.5737   135   0.002800   0.000375
2.5741   135   0.003400   0.000406
2.5745   135   0.004100   0.000446
2.5749   135   0.003900   0.000435
2.5753   135   0.003800   0.000431
2.5757   135   0.004100   0.000451
2.5761   135   0.004300   0.000452
2.5765   135   0.004500   0.000469
2.5769   135   0.004800   0.000474
2.5773   135   0.004600   0.000468
2.5777   135   0.004200   0.000451
2.5781   135   0.003900   0.000437
2.5785   135   0.004100   0.000450
2.5789   135   0.004200   0.000441
2.5793   135   0.004100   0.000452
2.5797   135   0.004200   0.000447
2.5801   135   0.003800   0.000427
2.5805   135   0.003500   0.000416
2.5817   135   0.004100   0.000446
2.5821   135   0.003600   0.000418
2.5825   135   0.004300   0.000458
2.5829   135   0.003700   0.000427
2.5837   135   0.003900   0.000435
2.5841   135   0.003800   0.000434
2.5845   135   0.004400   0.000469
2.5849   135   0.003600   0.000425
2.5857   135   0.003500   0.000415
2.5861   135   0.003200   0.000397
2.5865   135   0.003800   0.000433
2.5869   135   0.003500   0.000412
2.5878   135   0.003800   0.000429
2.5882   135   0.003700   0.000425
2.5886   135   0.002900   0.000376
2.5894   135   0.003700   0.000426
2.5898   135   0.003500   0.000412
2.5902   135   0.003300   0.000396
2.5906   135   0.003600   0.000407
2.5910   135   0.003700   0.000421
2.5918   135   0.003300   0.000383
2.5922   135   0.003900   0.000413
2.5926   135   0.003900   0.000410
2.5930   135   0.003700   0.000410
2.5934   135   0.004200   0.000435
2.5938   135   0.003700   0.000414
2.5942   135   0.003600   0.000410
2.5946   135   0.003600   0.000413
2.5950   135   0.004400   0.000470
2.5954   135   0.004200   0.000460
2.5958   135   0.004300   0.000474
2.5962   135   0.004300   0.000478
2.5966   135   0.003800   0.000444
2.5970   135   0.004700   0.000511
2.5974   135   0.004300   0.000487
2.5976   135   0.004200   0.000481
2.5978   135   0.004300   0.000489
2.5982   135   0.003800   0.000456
2.5986   135   0.003700   0.000455
2.5990   135   0.003200   0.000422
2.5994   135   0.003500   0.000447
2.5998   135   0.003400   0.000447
2.6002   135   0.004100   0.000490
2.6004   135   0.003500   0.000451
2.6006   135   0.003100   0.000425
2.6010   135   0.003200   0.000426
2.6012   135   0.003300   0.000430
2.6015   135   0.002900   0.000394
2.6019   135   0.003200   0.000415
2.6023   135   0.003400   0.000428
2.6025   135   0.003800   0.000460
2.6029   135   0.003100   0.000412
2.6037   135   0.003400   0.000430
2.6041   135   0.003300   0.000424
2.6045   135   0.002400   0.000359
2.6049   135   0.003500   0.000435
2.6053   135   0.003200   0.000428
2.6057   135   0.003100   0.000410
2.6061   135   0.002900   0.000401
2.6065   135   0.002700   0.000391
2.6069   135   0.002300   0.000358
2.6073   135   0.002300   0.000353
2.6081   135   0.002500   0.000374
2.6085   135   0.002600   0.000377
2.6089   135   0.002600   0.000386
2.6091   135   0.002500   0.000387
2.6092   135   0.002600   0.000399
2.6093   135   0.002800   0.000432
2.6094   135   0.002200   0.000398
2.6095   135   0.002400   0.000413
2.6096   135   0.002400   0.000412
2.6097   135   0.002100   0.000377
2.6098   135   0.002300   0.000386
2.6099   135   0.002400   0.000380
2.6100   135   0.002400   0.000373
2.6101   135   0.001700   0.000311
2.6102   135   0.002400   0.000365
2.6103   135   0.001600   0.000299
2.6105   135   0.002400   0.000359
2.6107   135   0.002200   0.000346
2.6109   135   0.002200   0.000347
2.6111   135   0.001600   0.000291
2.6115   135   0.001400   0.000271
2.6119   135   0.001700   0.000298
2.6123   135   0.001900   0.000314
2.6127   135   0.002200   0.000343
2.6133   135   0.001700   0.000302
2.6139   135   0.001700   0.000305
2.6145   135   0.001900   0.000327
2.6158   135   0.001800   0.000314
2.6164   135   0.001700   0.000305
2.6170   135   0.001700   0.000299
2.6182   135   0.002400   0.000354
2.6188   135   0.001300   0.000262
2.6194   135   0.001900   0.000320
2.6200   135   0.001600   0.000290
2.6212   135   0.001600   0.000292
2.6218   135   0.001300   0.000265
2.6224   135   0.001400   0.000270
2.6230   135   0.001400   0.000270
2.6236   135   0.001400   0.000271
2.6242   135   0.001600   0.000288
2.6260   135   0.001800   0.000319
2.6266   135   0.001300   0.000272
2.6272   135   0.001500   0.000289
2.6279   135   0.001300   0.000268
2.6284   135   0.001900   0.000324
2.6291   135   0.001600   0.000303
2.6297   135   0.001100   0.000249
2.6303   135   0.001200   0.000255
2.6309   135   0.001500   0.000291
2.6315   135   0.001300   0.000266
2.6327   135   0.001200   0.000257
2.6345   135   0.001500   0.000287
2.6351   135   0.001200   0.000258
2.6375   135   0.001400   0.000276
2.6381   135   0.001500   0.000283
2.6393   135   0.001100   0.000241
2.6399   135   0.001400   0.000275
2.6411   135   0.001100   0.000242
2.6423   135   0.001400   0.000270
2.6436   135   0.001500   0.000279
2.6442   135   0.001100   0.000236
2.6448   135   0.001200   0.000249
2.6460   135   0.001500   0.000276
2.6466   135   0.001200   0.000249
2.6472   135   0.001500   0.000280
2.6478   135   0.001800   0.000308
2.6490   135   0.001100   0.000234
2.6496   135   0.001900   0.000309
2.6520   135   0.001100   0.000234
2.6526   135   0.001800   0.000304
2.6544   135   0.001300   0.000250
2.6550   135   0.001500   0.000272
2.6569   135   0.001100   0.000231
2.6575   135   0.001500   0.000268
2.6581   135   0.001200   0.000236
2.6605   135   0.001300   0.000246
2.6617   135   0.001600   0.000271
2.6635   135   0.001700   0.000284
2.6641   135   0.001200   0.000242
2.6665   135   0.001400   0.000263
2.6672   135   0.001600   0.000281
2.6677   135   0.001100   0.000234
2.6704   135   0.001400   0.000272
2.6722   135   0.001200   0.000246
2.6734   135   0.001200   0.000253
2.6764   135   0.001400   0.000269
2.6770   135   0.001200   0.000251
2.6782   135   0.001200   0.000250
2.6800   135   0.001100   0.000236
2.6806   135   0.001100   0.000233
2.6818   135   0.001500   0.000276
2.6837   135   0.002100   0.000331
2.6843   135   0.001400   0.000266
2.6867   135   0.001200   0.000239
2.6873   135   0.001400   0.000256
2.6879   135   0.001300   0.000253
2.6891   135   0.001300   0.000247
2.6903   135   0.001100   0.000227
2.6909   135   0.001300   0.000246
2.6915   135   0.001600   0.000269
2.6921   135   0.001300   0.000239
2.6927   135   0.001800   0.000285
2.6933   135   0.001400   0.000250
2.6945   135   0.001300   0.000238
2.6963   135   0.001200   0.000228
2.6976   135   0.001800   0.000273
2.6982   135   0.001300   0.000233
2.6988   135   0.001800   0.000276
2.6994   135   0.001500   0.000249
2.7000   135   0.001900   0.000277
2.7006   135   0.001900   0.000275
2.7012   135   0.001700   0.000261
2.7018   135   0.001500   0.000240
2.7024   135   0.001700   0.000255
2.7030   135   0.001700   0.000252
2.7036   135   0.002500   0.000309
2.7042   135   0.001400   0.000227
2.7060   135   0.001800   0.000245
2.7066   135   0.002100   0.000261
2.7079   135   0.002800   0.000298
2.7080   135   0.003200   0.000329
2.7081   135   0.002400   0.000287
2.7082   135   0.002600   0.000309
2.7084   135   0.003900   0.000402
2.7086   135   0.003200   0.000403
2.7090   135   0.002100   0.000355
2.7092   135   0.002800   0.000430
2.7094   135   0.002600   0.000427
2.7096   135   0.002500   0.000413
2.7098   135   0.002500   0.000406
2.7100   135   0.002700   0.000417
2.7102   135   0.002600   0.000404
2.7104   135   0.003200   0.000438
2.7106   135   0.002700   0.000399
2.7111   135   0.002300   0.000357
2.7113   135   0.002700   0.000384
2.7115   135   0.002200   0.000340
2.7117   135   0.003600   0.000431
2.7121   135   0.002600   0.000364
2.7125   135   0.003800   0.000437
2.7129   135   0.003200   0.000400
2.7133   135   0.002700   0.000364
2.7137   135   0.002500   0.000357
2.7141   135   0.003100   0.000392
2.7145   135   0.003500   0.000412
2.7151   135   0.003600   0.000435
2.7157   135   0.003600   0.000451
2.7159   135   0.003100   0.000428
2.7161   135   0.003500   0.000477
2.7163   135   0.002600   0.000426
2.7165   135   0.003800   0.000542
2.7167   135   0.004100   0.000600
2.7169   135   0.003600   0.000587
2.7171   135   0.003900   0.000638
2.7173   135   0.004900   0.000713
2.7177   135   0.003400   0.000544
2.7179   135   0.003900   0.000562
2.7181   135   0.003900   0.000522
2.7183   135   0.004500   0.000532
2.7187   135   0.003700   0.000453
2.7189   135   0.004100   0.000461
2.7193   135   0.003400   0.000411
2.7195   135   0.003900   0.000441
2.7201   135   0.004200   0.000462
2.7205   135   0.004400   0.000485
2.7209   135   0.004200   0.000510
2.7211   135   0.003200   0.000468
2.7213   135   0.003800   0.000538
2.7215   135   0.003800   0.000572
2.7217   135   0.004300   0.000620
2.7219   135   0.003700   0.000536
2.7221   135   0.003800   0.000488
2.7223   135   0.004100   0.000439
2.7225   135   0.003900   0.000387
2.7227   135   0.003400   0.000334
2.7229   135   0.003100   0.000305
2.7231   135   0.004300   0.000350
2.7233   135   0.003800   0.000334
2.7235   135   0.004100   0.000338
2.7237   135   0.003700   0.000318
2.7239   135   0.003500   0.000311
2.7241   135   0.003300   0.000303
2.7245   135   0.003800   0.000327
2.7250   135   0.002900   0.000292
2.7254   135   0.003400   0.000318
2.7258   135   0.003500   0.000320
2.7264   135   0.003200   0.000312
2.7270   135   0.002400   0.000267
2.7276   135   0.002500   0.000287
2.7282   135   0.002900   0.000306
2.7288   135   0.001900   0.000240
2.7294   135   0.002100   0.000256
2.7300   135   0.002700   0.000299
2.7312   135   0.001600   0.000226
2.7324   135   0.001300   0.000203
2.7330   135   0.001900   0.000247
2.7336   135   0.001300   0.000203
2.7342   135   0.001800   0.000235
2.7348   135   0.001300   0.000200
2.7354   135   0.001700   0.000232
2.7356   135   0.001200   0.000195
2.7357   135   0.001300   0.000206
2.7359   135   0.001100   0.000195
2.7367   135   0.001200   0.000228
2.7368   135   0.001200   0.000227
2.7376   135   0.001100   0.000216
2.7378   135   0.001200   0.000226
2.7378   135   0.001100   0.000212
2.7382   135   0.001200   0.000218
2.7382   135   0.001300   0.000220
2.7386   135   0.001400   0.000235
2.7388   135   0.001200   0.000212
2.7399   135   0.001200   0.000210
2.7628   135   0.001100   0.000291
2.7701   135   0.001100   0.000290
2.7707   135   0.001200   0.000301
2.7719   135   0.001400   0.000324
2.7731   135   0.001400   0.000317
2.7761   135   0.001500   0.000328
2.7779   135   0.001100   0.000277
2.7798   135   0.001100   0.000277
2.7810   135   0.001100   0.000268
2.7834   135   0.001500   0.000311
2.7840   135   0.001100   0.000264
2.7852   135   0.001400   0.000293
2.7864   135   0.001200   0.000274
2.7870   135   0.001400   0.000295
2.7876   135   0.001400   0.000294
2.7882   135   0.001600   0.000310
2.7894   135   0.001600   0.000307
2.7906   135   0.001100   0.000251
2.7910   135   0.001200   0.000262
2.7912   135   0.001200   0.000263
2.7914   135   0.001200   0.000264
2.7921   135   0.001300   0.000275
2.7933   135   0.001100   0.000252
2.7939   135   0.001300   0.000271
2.7945   135   0.001500   0.000287
2.7951   135   0.001400   0.000278
2.7957   135   0.001700   0.000310
2.7963   135   0.001500   0.000290
2.7971   135   0.001600   0.000300
2.7981   135   0.001100   0.000245
2.7985   135   0.001400   0.000277
2.7989   135   0.001100   0.000241
2.7993   135   0.001200   0.000252
2.7997   135   0.001800   0.000309
2.8001   135   0.001700   0.000299
2.8005   135   0.001800   0.000309
2.8009   135   0.001600   0.000290
2.8017   135   0.001900   0.000312
2.8019   135   0.001600   0.000286
2.8021   135   0.001400   0.000265
2.8023   135   0.001500   0.000275
2.8027   135   0.001600   0.000280
2.8031   135   0.001500   0.000271
2.8035   135   0.001900   0.000303
2.8037   135   0.001900   0.000305
2.8039   135   0.001600   0.000281
2.8040   135   0.001700   0.000283
2.8041   135   0.001600   0.000276
2.8042   135   0.001500   0.000270
2.8043   135   0.001700   0.000286
2.8044   135   0.001900   0.000299
2.8046   135   0.002200   0.000321
2.8047   135   0.001800   0.000290
2.8049   135   0.001400   0.000261
2.8052   135   0.001400   0.000261
2.8053   135   0.001400   0.000260
2.8054   135   0.001200   0.000242
2.8056   135   0.001300   0.000255
2.8056   135   0.001800   0.000301
2.8058   135   0.001600   0.000284
2.8058   135   0.002100   0.000334
2.8060   135   0.001300   0.000263
2.8062   135   0.001600   0.000292
2.8064   135   0.001500   0.000293
2.8064   135   0.001400   0.000281
2.8066   135   0.001700   0.000306
2.8066   135   0.002200   0.000356
2.8068   135   0.001400   0.000286
2.8069   135   0.001200   0.000260
2.8070   135   0.001100   0.000253
2.8071   135   0.001100   0.000248
2.8072   135   0.001500   0.000294
2.8073   135   0.001200   0.000262
2.8074   135   0.001800   0.000321
2.8075   135   0.001400   0.000285
2.8076   135   0.001600   0.000301
2.8077   135   0.001700   0.000309
2.8078   135   0.001400   0.000278
2.8079   135   0.001500   0.000294
2.8080   135   0.001300   0.000270
2.8082   135   0.001500   0.000290
2.8083   135   0.001900   0.000332
2.8084   135   0.001700   0.000314
2.8085   135   0.001200   0.000256
2.8086   135   0.001500   0.000295
2.8088   135   0.001800   0.000322
2.8089   135   0.001400   0.000285
2.8090   135   0.001200   0.000260
2.8091   135   0.001900   0.000325
2.8092   135   0.001600   0.000304
2.8093   135   0.001500   0.000290
2.8094   135   0.001600   0.000298
2.8096   135   0.001300   0.000270
2.8098   135   0.002800   0.000397
2.8100   135   0.001600   0.000302
2.8102   135   0.001700   0.000305
2.8104   135   0.001600   0.000294
2.8106   135   0.002300   0.000352
2.8108   135   0.002200   0.000338
2.8110   135   0.001300   0.000261
2.8112   135   0.002300   0.000340
2.8116   135   0.001900   0.000314
2.8118   135   0.002700   0.000373
2.8120   135   0.001400   0.000265
2.8122   135   0.001800   0.000301
2.8124   135   0.001600   0.000287
2.8126   135   0.001400   0.000267
2.8128   135   0.002100   0.000328
2.8130   135   0.001900   0.000306
2.8132   135   0.001900   0.000310
2.8134   135   0.002300   0.000341
2.8136   135   0.002300   0.000340
2.8138   135   0.001800   0.000303
2.8140   135   0.002200   0.000329
2.8142   135   0.002600   0.000363
2.8144   135   0.001900   0.000305
2.8152   135   0.002300   0.000339
2.8156   135   0.001900   0.000310
2.8160   135   0.002100   0.000327
2.8164   135   0.002100   0.000318
2.8168   135   0.002200   0.000331
2.8172   135   0.002400   0.000337
2.8176   135   0.002800   0.000370
2.8180   135   0.001800   0.000300
2.8186   135   0.002100   0.000321
2.8192   135   0.002700   0.000361
2.8199   135   0.002100   0.000320
2.8205   135   0.002100   0.000309
2.8211   135   0.001700   0.000287
2.8217   135   0.001900   0.000298
2.8223   135   0.002700   0.000359
2.8229   135   0.002400   0.000340
2.8235   135   0.002300   0.000331
2.8241   135   0.001800   0.000292
2.8247   135   0.002800   0.000360
2.8253   135   0.002100   0.000314
2.8259   135   0.001900   0.000300
2.8265   135   0.002200   0.000321
2.8271   135   0.001800   0.000293
2.8277   135   0.002300   0.000327
2.8283   135   0.002100   0.000315
2.8289   135   0.001400   0.000255
2.8295   135   0.002100   0.000313
2.8307   135   0.002700   0.000349
2.8313   135   0.002500   0.000342
2.8319   135   0.002300   0.000327
2.8325   135   0.002400   0.000333
2.8331   135   0.002400   0.000330
2.8338   135   0.001600   0.000274
2.8344   135   0.002400   0.000333
2.8350   135   0.001800   0.000283
2.8362   135   0.001700   0.000277
2.8368   135   0.002300   0.000322
2.8374   135   0.002100   0.000301
2.8380   135   0.002600   0.000337
2.8386   135   0.002900   0.000348
2.8392   135   0.001800   0.000277
2.8404   135   0.002500   0.000329
2.8410   135   0.003200   0.000383
2.8412   135   0.002300   0.000324
2.8413   135   0.002700   0.000353
2.8414   135   0.002500   0.000333
2.8415   135   0.002800   0.000352
2.8416   135   0.002600   0.000332
2.8417   135   0.002700   0.000328
2.8418   135   0.002900   0.000344
2.8419   135   0.002600   0.000316
2.8420   135   0.002200   0.000292
2.8421   135   0.002200   0.000297
2.8422   135   0.002800   0.000328
2.8423   135   0.002600   0.000316
2.8426   135   0.002400   0.000307
2.8427   135   0.002500   0.000311
2.8428   135   0.002600   0.000323
2.8429   135   0.002300   0.000298
2.8430   135   0.002100   0.000282
2.8431   135   0.002400   0.000308
2.8433   135   0.002400   0.000310
2.8434   135   0.002200   0.000295
2.8435   135   0.003400   0.000360
2.8436   135   0.002900   0.000337
2.8437   135   0.002300   0.000306
2.8438   135   0.002700   0.000325
2.8439   135   0.003100   0.000354
2.8440   135   0.002100   0.000286
2.8441   135   0.003100   0.000355
2.8442   135   0.002500   0.000319
2.8443   135   0.002200   0.000300
2.8444   135   0.002600   0.000323
2.8445   135   0.002400   0.000316
2.8446   135   0.002200   0.000296
2.8447   135   0.002500   0.000314
2.8448   135   0.002400   0.000316
2.8450   135   0.002400   0.000312
2.8451   135   0.002200   0.000303
2.8452   135   0.002900   0.000344
2.8454   135   0.002900   0.000344
2.8456   135   0.002200   0.000302
2.8458   135   0.002400   0.000331
2.8460   135   0.002400   0.000358
2.8462   135   0.002800   0.000405
2.8462   135   0.002500   0.000384
2.8464   135   0.002600   0.000385
2.8464   135   0.003300   0.000410
2.8466   135   0.002200   0.000321
2.8468   135   0.002600   0.000327
2.8468   135   0.002600   0.000324
2.8470   135   0.002900   0.000340
2.8470   135   0.002800   0.000328
2.8472   135   0.003200   0.000350
2.8477   135   0.002900   0.000329
2.8479   135   0.002400   0.000304
2.8481   135   0.002100   0.000287
2.8489   135   0.002200   0.000293
2.8501   135   0.002600   0.000310
2.8505   135   0.002700   0.000317
2.8513   135   0.002900   0.000329
2.8517   135   0.002900   0.000328
2.8521   135   0.002800   0.000324
2.8525   135   0.002900   0.000324
2.8529   135   0.003600   0.000360
2.8533   135   0.003700   0.000376
2.8537   135   0.003800   0.000369
2.8541   135   0.003100   0.000337
2.8543   135   0.002900   0.000317
2.8545   135   0.003800   0.000368
2.8547   135   0.003500   0.000351
2.8549   135   0.003100   0.000334
2.8551   135   0.003400   0.000349
2.8553   135   0.004100   0.000393
2.8557   135   0.003900   0.000370
2.8561   135   0.003600   0.000355
2.8565   135   0.003900   0.000372
2.8567   135   0.003200   0.000313
2.8571   135   0.003900   0.000402
2.8579   135   0.004600   0.000430
2.8587   135   0.004700   0.000426
2.8596   135   0.003500   0.000362
2.8603   135   0.004700   0.000417
2.8612   135   0.004900   0.000425
2.8620   135   0.003900   0.000396
2.8626   135   0.005300   0.000483
2.8630   135   0.004800   0.000507
2.8634   135   0.004800   0.000529
2.8638   135   0.005100   0.000564
2.8646   135   0.005200   0.000559
2.8650   135   0.006100   0.000604
2.8654   135   0.004900   0.000531
2.8658   135   0.005100   0.000538
2.8662   135   0.006100   0.000585
2.8666   135   0.005200   0.000539
2.8670   135   0.006200   0.000592
2.8674   135   0.004900   0.000538
2.8678   135   0.006300   0.000620
2.8682   135   0.006400   0.000644
2.8690   135   0.006100   0.000685
2.8694   135   0.005800   0.000691
2.8698   135   0.005200   0.000704
2.8702   135   0.006400   0.000814
2.8706   135   0.005400   0.000781
2.8710   135   0.005600   0.000798
2.8714   135   0.005600   0.000775
2.8718   135   0.006500   0.000803
2.8726   135   0.005100   0.000613
2.8731   135   0.006900   0.000691
2.8735   135   0.007100   0.000678
2.8739   135   0.006400   0.000601
2.8743   135   0.006300   0.000585
2.8747   135   0.006300   0.000567
2.8751   135   0.005800   0.000541
2.8755   135   0.005500   0.000518
2.8759   135   0.006400   0.000550
2.8763   135   0.005700   0.000511
2.8767   135   0.005700   0.000504
2.8773   135   0.005300   0.000483
2.8779   135   0.005500   0.000486
2.8787   135   0.005500   0.000485
2.8795   135   0.004200   0.000429
2.8811   135   0.005500   0.000492
2.8821   135   0.005800   0.000508
2.8833   135   0.005300   0.000483
2.8845   135   0.004500   0.000453
2.8857   135   0.004600   0.000470
2.8870   135   0.004700   0.000484
2.8894   135   0.003600   0.000438
2.8906   135   0.004200   0.000473
2.8918   135   0.003200   0.000421
2.8930   135   0.002500   0.000380
2.8942   135   0.002200   0.000356
2.8954   135   0.003100   0.000426
2.8966   135   0.002700   0.000399
2.8978   135   0.001900   0.000337
2.9003   135   0.002500   0.000383
2.9015   135   0.001900   0.000328
2.9027   135   0.001400   0.000280
2.9039   135   0.002600   0.000378
2.9051   135   0.002600   0.000369
2.9055   135   0.003100   0.000404
2.9057   135   0.003300   0.000405
2.9059   135   0.003200   0.000407
2.9061   135   0.003700   0.000434
2.9063   135   0.002400   0.000365
2.9065   135   0.001900   0.000343
2.9067   135   0.002500   0.000413
2.9069   135   0.002800   0.000433
2.9071   135   0.002300   0.000406
2.9073   135   0.001700   0.000345
2.9075   135   0.002100   0.000379
2.9077   135   0.003100   0.000448
2.9079   135   0.002600   0.000408
2.9091   135   0.002700   0.000386
2.9097   135   0.001600   0.000293
2.9105   135   0.002800   0.000386
2.9113   135   0.002200   0.000341
2.9121   135   0.001800   0.000309
2.9129   135   0.001700   0.000297
2.9137   135   0.001900   0.000317
2.9146   135   0.001700   0.000296
2.9152   135   0.001100   0.000237
2.9156   135   0.001400   0.000268
2.9168   135   0.001100   0.000235
2.9170   135   0.002300   0.000339
2.9174   135   0.001100   0.000236
2.9176   135   0.001100   0.000231
2.9178   135   0.001400   0.000267
2.9182   135   0.001200   0.000245
2.9186   135   0.001200   0.000243
2.9236   135   0.001700   0.000279
2.9260   135   0.001200   0.000235
2.9345   135   0.001400   0.000244
2.9454   135   0.001100   0.000241
3.0137   135   0.001100   0.000280
3.0153   135   0.001100   0.000309
3.0373   135   0.001300   0.000265
3.0544   135   0.001200   0.000229
3.0568   135   0.001200   0.000222
3.0580   135   0.001100   0.000210
1.6797   160   0.001200   0.000302
1.7222   160   0.001200   0.000304
1.7953   160   0.001300   0.000344
1.7955   160   0.001900   0.000417
1.7957   160   0.002900   0.000504
1.7959   160   0.003100   0.000507
1.7961   160   0.003300   0.000514
1.7963   160   0.002100   0.000403
2.3037   160   0.001100   0.000244
2.3049   160   0.001600   0.000286
2.3053   160   0.001100   0.000238
2.3058   160   0.001300   0.000265
2.3062   160   0.001400   0.000266
2.3066   160   0.001700   0.000290
2.3070   160   0.001500   0.000264
2.3074   160   0.001500   0.000254
2.3076   160   0.001700   0.000274
2.3077   160   0.001700   0.000295
2.3078   160   0.001200   0.000266
2.3079   160   0.001400   0.000312
2.3080   160   0.001700   0.000369
2.3082   160   0.001700   0.000391
2.3083   160   0.001200   0.000323
2.3084   160   0.001700   0.000377
2.3085   160   0.001500   0.000349
2.3086   160   0.001400   0.000329
2.3087   160   0.001200   0.000302
2.3088   160   0.001100   0.000283
2.3089   160   0.001700   0.000347
2.3090   160   0.001400   0.000311
2.3091   160   0.001200   0.000289
2.3092   160   0.001400   0.000308
2.3098   160   0.001400   0.000298
2.3102   160   0.001200   0.000276
2.3108   160   0.001100   0.000259
2.3112   160   0.001300   0.000283
2.3124   160   0.001100   0.000256
2.3585   160   0.001100   0.000214
2.3632   160   0.001200   0.000232
2.3644   160   0.001200   0.000223
2.3652   160   0.001200   0.000215
2.3908   160   0.001300   0.000265
2.3914   160   0.001100   0.000240
2.3920   160   0.001500   0.000282
2.3926   160   0.001100   0.000241
2.3932   160   0.001600   0.000287
2.3938   160   0.001700   0.000300
2.3944   160   0.001700   0.000297
2.3950   160   0.002200   0.000333
2.3956   160   0.001300   0.000260
2.3962   160   0.002500   0.000360
2.3968   160   0.002600   0.000365
2.3974   160   0.002300   0.000339
2.3980   160   0.002900   0.000388
2.3986   160   0.002600   0.000370
2.3992   160   0.002400   0.000347
2.3998   160   0.002200   0.000331
2.4004   160   0.002800   0.000380
2.4010   160   0.002100   0.000330
2.4016   160   0.002300   0.000345
2.4022   160   0.002100   0.000332
2.4028   160   0.001900   0.000315
2.4034   160   0.002100   0.000328
2.4040   160   0.001400   0.000271
2.4047   160   0.001200   0.000247
2.4059   160   0.001200   0.000247
2.4065   160   0.001200   0.000249
2.4071   160   0.001300   0.000257
2.4119   160   0.001300   0.000259
2.4125   160   0.001200   0.000246
2.4337   160   0.001300   0.000254
2.4666   160   0.001200   0.000269
2.4729   160   0.001200   0.000321
2.4778   160   0.001100   0.000417
2.4823   160   0.001200   0.000190
2.4824   160   0.001200   0.000191
2.4843   160   0.001100   0.000237
2.4862   160   0.001100   0.000215
2.4868   160   0.001300   0.000224
2.4899   160   0.001100   0.000208
2.4947   160   0.001100   0.000206
2.5138   160   0.001100   0.000198
2.5140   160   0.001300   0.000209
2.5142   160   0.001100   0.000192
2.5166   160   0.001600   0.000236
2.5173   160   0.001400   0.000220
2.5179   160   0.001100   0.000194
2.5185   160   0.001600   0.000236
2.5191   160   0.001500   0.000227
2.5197   160   0.001400   0.000220
2.5203   160   0.001100   0.000195
2.5209   160   0.001800   0.000251
2.5215   160   0.001400   0.000223
2.5227   160   0.001900   0.000257
2.5233   160   0.001800   0.000257
2.5239   160   0.001800   0.000256
2.5245   160   0.001800   0.000256
2.5251   160   0.002200   0.000287
2.5257   160   0.002500   0.000309
2.5263   160   0.001900   0.000270
2.5275   160   0.002400   0.000315
2.5281   160   0.002400   0.000318
2.5293   160   0.002400   0.000318
2.5299   160   0.001800   0.000277
2.5305   160   0.001800   0.000281
2.5311   160   0.001800   0.000282
2.5318   160   0.001700   0.000274
2.5324   160   0.001400   0.000249
2.5330   160   0.001500   0.000256
2.5336   160   0.001400   0.000249
2.5342   160   0.001800   0.000284
2.5348   160   0.001800   0.000281
2.5360   160   0.001700   0.000275
2.5372   160   0.001200   0.000237
2.5390   160   0.001100   0.000226
2.5396   160   0.001500   0.000262
2.5402   160   0.001500   0.000262
2.5432   160   0.001100   0.000230
2.5438   160   0.001300   0.000252
2.5450   160   0.001200   0.000244
2.5457   160   0.001200   0.000248
2.5463   160   0.001300   0.000262
2.5469   160   0.001500   0.000281
2.5473   160   0.001600   0.000298
2.5477   160   0.001300   0.000274
2.5481   160   0.001400   0.000295
2.5485   160   0.001400   0.000302
2.5489   160   0.001500   0.000329
2.5493   160   0.001400   0.000337
2.5495   160   0.001300   0.000337
2.5497   160   0.001400   0.000363
2.5499   160   0.001500   0.000401
2.5500   160   0.001300   0.000382
2.5501   160   0.001700   0.000440
2.5502   160   0.001800   0.000463
2.5503   160   0.001200   0.000385
2.5505   160   0.001600   0.000463
2.5509   160   0.001800   0.000515
2.5511   160   0.001700   0.000507
2.5513   160   0.001300   0.000433
2.5515   160   0.001100   0.000391
2.5517   160   0.001800   0.000485
2.5521   160   0.001500   0.000413
2.5523   160   0.001100   0.000338
2.5525   160   0.001500   0.000382
2.5527   160   0.001500   0.000366
2.5529   160   0.001300   0.000330
2.5531   160   0.001500   0.000348
2.5533   160   0.001300   0.000316
2.5535   160   0.001600   0.000341
2.5537   160   0.001500   0.000328
2.5539   160   0.001600   0.000328
2.5541   160   0.001400   0.000303
2.5543   160   0.001300   0.000285
2.5547   160   0.001800   0.000329
2.5551   160   0.001400   0.000287
2.5555   160   0.001400   0.000283
2.5559   160   0.001400   0.000279
2.5563   160   0.001600   0.000296
2.5575   160   0.001900   0.000307
2.5581   160   0.001600   0.000282
2.5587   160   0.001600   0.000278
2.5593   160   0.001100   0.000232
2.5600   160   0.001700   0.000290
2.5606   160   0.001500   0.000271
2.5624   160   0.001800   0.000287
2.5628   160   0.001800   0.000280
2.5632   160   0.001200   0.000235
2.5636   160   0.001300   0.000240
2.5640   160   0.002200   0.000315
2.5644   160   0.002100   0.000299
2.5648   160   0.002100   0.000308
2.5652   160   0.001900   0.000292
2.5656   160   0.001300   0.000239
2.5660   160   0.001200   0.000231
2.5664   160   0.001600   0.000260
2.5668   160   0.001600   0.000260
2.5672   160   0.001900   0.000286
2.5676   160   0.001500   0.000253
2.5680   160   0.001500   0.000253
2.5684   160   0.001400   0.000240
2.5688   160   0.001800   0.000265
2.5692   160   0.001700   0.000259
2.5696   160   0.001900   0.000275
2.5700   160   0.002400   0.000303
2.5704   160   0.002400   0.000303
2.5708   160   0.002500   0.000307
2.5712   160   0.002800   0.000327
2.5716   160   0.003200   0.000351
2.5720   160   0.003200   0.000343
2.5724   160   0.002500   0.000308
2.5728   160   0.003100   0.000340
2.5741   160   0.003300   0.000360
2.5745   160   0.003300   0.000359
2.5749   160   0.003100   0.000355
2.5753   160   0.002700   0.000332
2.5757   160   0.003100   0.000356
2.5761   160   0.002800   0.000334
2.5765   160   0.003300   0.000361
2.5769   160   0.003200   0.000357
2.5773   160   0.003100   0.000356
2.5777   160   0.003500   0.000374
2.5781   160   0.003300   0.000372
2.5785   160   0.003800   0.000395
2.5789   160   0.003500   0.000381
2.5793   160   0.003100   0.000361
2.5797   160   0.002800   0.000349
2.5801   160   0.002600   0.000333
2.5805   160   0.003600   0.000390
2.5809   160   0.003100   0.000365
2.5813   160   0.003700   0.000396
2.5817   160   0.003300   0.000381
2.5821   160   0.003300   0.000384
2.5825   160   0.003200   0.000376
2.5829   160   0.002800   0.000350
2.5833   160   0.002500   0.000329
2.5837   160   0.003200   0.000381
2.5841   160   0.003300   0.000387
2.5845   160   0.002600   0.000342
2.5849   160   0.002800   0.000354
2.5853   160   0.002800   0.000360
2.5857   160   0.002400   0.000333
2.5865   160   0.002700   0.000350
2.5869   160   0.002300   0.000323
2.5873   160   0.002100   0.000308
2.5878   160   0.002400   0.000335
2.5882   160   0.002500   0.000339
2.5886   160   0.002600   0.000343
2.5890   160   0.002800   0.000352
2.5894   160   0.002600   0.000339
2.5898   160   0.002500   0.000331
2.5906   160   0.002400   0.000322
2.5910   160   0.002700   0.000342
2.5914   160   0.002200   0.000305
2.5918   160   0.002800   0.000344
2.5922   160   0.002800   0.000345
2.5926   160   0.002700   0.000345
2.5930   160   0.002500   0.000332
2.5934   160   0.002500   0.000333
2.5938   160   0.002900   0.000371
2.5942   160   0.003300   0.000407
2.5946   160   0.003200   0.000409
2.5950   160   0.003600   0.000437
2.5954   160   0.003100   0.000400
2.5962   160   0.003300   0.000422
2.5966   160   0.003400   0.000437
2.5970   160   0.004100   0.000478
2.5974   160   0.003700   0.000448
2.5976   160   0.003500   0.000440
2.5978   160   0.003500   0.000443
2.5982   160   0.003200   0.000417
2.5986   160   0.003600   0.000446
2.5990   160   0.003800   0.000455
2.5994   160   0.003900   0.000466
2.5998   160   0.003700   0.000461
2.6000   160   0.003500   0.000443
2.6002   160   0.003100   0.000409
2.6006   160   0.003900   0.000435
2.6008   160   0.003300   0.000396
2.6010   160   0.003200   0.000397
2.6012   160   0.003500   0.000417
2.6015   160   0.003200   0.000391
2.6017   160   0.003300   0.000407
2.6019   160   0.003200   0.000404
2.6021   160   0.003500   0.000418
2.6025   160   0.003300   0.000411
2.6029   160   0.003200   0.000402
2.6033   160   0.002800   0.000382
2.6037   160   0.003100   0.000393
2.6041   160   0.003200   0.000404
2.6045   160   0.002500   0.000354
2.6049   160   0.002900   0.000381
2.6053   160   0.002900   0.000379
2.6057   160   0.002800   0.000370
2.6061   160   0.002700   0.000367
2.6065   160   0.002900   0.000379
2.6069   160   0.002700   0.000367
2.6073   160   0.002300   0.000335
2.6077   160   0.002700   0.000359
2.6081   160   0.002400   0.000342
2.6085   160   0.002100   0.000319
2.6089   160   0.002500   0.000351
2.6091   160   0.002500   0.000372
2.6094   160   0.002100   0.000426
2.6095   160   0.002200   0.000465
2.6096   160   0.002600   0.000524
2.6097   160   0.002100   0.000462
2.6098   160   0.002500   0.000487
2.6099   160   0.002500   0.000451
2.6101   160   0.001700   0.000340
2.6102   160   0.002100   0.000372
2.6103   160   0.002100   0.000359
2.6105   160   0.002500   0.000381
2.6107   160   0.002300   0.000351
2.6109   160   0.001900   0.000323
2.6111   160   0.002200   0.000339
2.6115   160   0.002600   0.000367
2.6123   160   0.002300   0.000342
2.6127   160   0.002100   0.000322
2.6133   160   0.001100   0.000233
2.6139   160   0.002400   0.000342
2.6145   160   0.001700   0.000285
2.6152   160   0.001400   0.000262
2.6158   160   0.001600   0.000276
2.6164   160   0.001700   0.000284
2.6170   160   0.001900   0.000301
2.6176   160   0.001300   0.000249
2.6188   160   0.001800   0.000293
2.6194   160   0.001500   0.000260
2.6200   160   0.001500   0.000264
2.6206   160   0.001700   0.000280
2.6212   160   0.001700   0.000280
2.6218   160   0.001600   0.000268
2.6224   160   0.001600   0.000269
2.6230   160   0.001700   0.000278
2.6242   160   0.001700   0.000273
2.6248   160   0.001300   0.000237
2.6254   160   0.001500   0.000269
2.6260   160   0.001400   0.000258
2.6266   160   0.001400   0.000262
2.6272   160   0.001800   0.000295
2.6279   160   0.001700   0.000284
2.6284   160   0.001400   0.000261
2.6291   160   0.001600   0.000277
2.6297   160   0.001800   0.000291
2.6303   160   0.001300   0.000245
2.6309   160   0.001300   0.000245
2.6315   160   0.001400   0.000253
2.6327   160   0.001100   0.000219
2.6339   160   0.001400   0.000249
2.6345   160   0.001500   0.000259
2.6351   160   0.001200   0.000230
2.6357   160   0.001200   0.000228
2.6363   160   0.001500   0.000254
2.6369   160   0.001100   0.000214
2.6381   160   0.001400   0.000247
2.6393   160   0.001400   0.000242
2.6399   160   0.001200   0.000226
2.6405   160   0.001300   0.000233
2.6418   160   0.001100   0.000211
2.6423   160   0.001500   0.000249
2.6436   160   0.001800   0.000267
2.6442   160   0.001300   0.000226
2.6448   160   0.001200   0.000214
2.6454   160   0.001200   0.000216
2.6466   160   0.001400   0.000226
2.6472   160   0.001200   0.000209
2.6478   160   0.001500   0.000237
2.6484   160   0.001200   0.000209
2.6496   160   0.001200   0.000207
2.6502   160   0.001500   0.000230
2.6514   160   0.001500   0.000228
2.6520   160   0.001100   0.000195
2.6538   160   0.001200   0.000202
2.6544   160   0.001200   0.000198
2.6550   160   0.001200   0.000202
2.6557   160   0.001300   0.000205
2.6575   160   0.001200   0.000201
2.6581   160   0.001200   0.000199
2.6593   160   0.001100   0.000199
2.6599   160   0.001200   0.000211
2.6605   160   0.001200   0.000209
2.6623   160   0.001200   0.000224
2.6653   160   0.001100   0.000238
2.6677   160   0.001100   0.000257
2.6734   160   0.001400   0.000293
2.6764   160   0.001100   0.000250
2.6782   160   0.001100   0.000244
2.6788   160   0.001200   0.000256
2.6794   160   0.001500   0.000285
2.6800   160   0.001100   0.000242
2.6806   160   0.001700   0.000298
2.6812   160   0.001200   0.000248
2.6831   160   0.001200   0.000245
2.6843   160   0.001200   0.000247
2.6849   160   0.001100   0.000237
2.6855   160   0.001700   0.000293
2.6861   160   0.001800   0.000285
2.6867   160   0.001400   0.000251
2.6873   160   0.001800   0.000281
2.6879   160   0.001500   0.000256
2.6891   160   0.001100   0.000219
2.6897   160   0.001500   0.000254
2.6903   160   0.001500   0.000246
2.6909   160   0.001800   0.000266
2.6915   160   0.001700   0.000256
2.6921   160   0.001500   0.000242
2.6927   160   0.001800   0.000264
2.6933   160   0.001900   0.000276
2.6939   160   0.001700   0.000256
2.6945   160   0.001600   0.000244
2.6951   160   0.002300   0.000290
2.6957   160   0.002200   0.000282
2.6963   160   0.001600   0.000240
2.6970   160   0.001400   0.000223
2.6976   160   0.002100   0.000271
2.6982   160   0.001800   0.000251
2.6988   160   0.001800   0.000244
2.6994   160   0.001600   0.000232
2.7000   160   0.001900   0.000251
2.7012   160   0.001600   0.000224
2.7018   160   0.002300   0.000271
2.7024   160   0.002300   0.000265
2.7030   160   0.002300   0.000263
2.7036   160   0.003100   0.000305
2.7042   160   0.002300   0.000255
2.7048   160   0.002800   0.000287
2.7054   160   0.002600   0.000270
2.7060   160   0.002500   0.000261
2.7066   160   0.002500   0.000252
2.7072   160   0.002900   0.000284
2.7078   160   0.003200   0.000305
2.7079   160   0.003200   0.000318
2.7080   160   0.003300   0.000324
2.7081   160   0.003100   0.000326
2.7082   160   0.003300   0.000340
2.7084   160   0.003400   0.000378
2.7086   160   0.003400   0.000414
2.7088   160   0.003500   0.000450
2.7090   160   0.003800   0.000493
2.7092   160   0.003600   0.000488
2.7098   160   0.003600   0.000476
2.7100   160   0.003200   0.000426
2.7102   160   0.003800   0.000462
2.7104   160   0.003200   0.000409
2.7106   160   0.003100   0.000397
2.7109   160   0.003200   0.000392
2.7111   160   0.003800   0.000418
2.7113   160   0.003100   0.000376
2.7115   160   0.003900   0.000419
2.7117   160   0.003500   0.000390
2.7121   160   0.003200   0.000368
2.7125   160   0.003600   0.000387
2.7133   160   0.003500   0.000382
2.7137   160   0.004100   0.000415
2.7141   160   0.003900   0.000410
2.7145   160   0.003700   0.000404
2.7151   160   0.004800   0.000478
2.7157   160   0.004500   0.000504
2.7159   160   0.004400   0.000507
2.7163   160   0.004100   0.000546
2.7165   160   0.004200   0.000583
2.7167   160   0.004500   0.000635
2.7171   160   0.004400   0.000667
2.7173   160   0.004300   0.000657
2.7175   160   0.004400   0.000622
2.7177   160   0.004600   0.000562
2.7179   160   0.004600   0.000525
2.7181   160   0.004400   0.000459
2.7183   160   0.004900   0.000453
2.7185   160   0.004600   0.000412
2.7189   160   0.004700   0.000384
2.7191   160   0.004900   0.000394
2.7193   160   0.004400   0.000374
2.7195   160   0.004700   0.000388
2.7197   160   0.004800   0.000392
2.7201   160   0.004700   0.000397
2.7205   160   0.004700   0.000425
2.7207   160   0.004400   0.000427
2.7209   160   0.004600   0.000464
2.7211   160   0.004500   0.000489
2.7213   160   0.004500   0.000529
2.7215   160   0.005200   0.000620
2.7217   160   0.004700   0.000636
2.7219   160   0.004100   0.000566
2.7221   160   0.004500   0.000537
2.7223   160   0.004300   0.000452
2.7225   160   0.004800   0.000418
2.7227   160   0.004100   0.000340
2.7229   160   0.004400   0.000334
2.7231   160   0.003700   0.000287
2.7233   160   0.003800   0.000291
2.7235   160   0.004300   0.000300
2.7237   160   0.004100   0.000292
2.7239   160   0.004300   0.000300
2.7241   160   0.003900   0.000291
2.7245   160   0.003600   0.000277
2.7250   160   0.003700   0.000279
2.7254   160   0.003600   0.000285
2.7258   160   0.003600   0.000290
2.7264   160   0.003300   0.000278
2.7270   160   0.002600   0.000247
2.7276   160   0.003100   0.000275
2.7282   160   0.003200   0.000287
2.7288   160   0.002600   0.000248
2.7294   160   0.002100   0.000237
2.7300   160   0.002400   0.000242
2.7306   160   0.002500   0.000251
2.7312   160   0.002200   0.000237
2.7324   160   0.002100   0.000237
2.7330   160   0.001200   0.000177
2.7336   160   0.001600   0.000206
2.7342   160   0.001500   0.000200
2.7348   160   0.001300   0.000190
2.7354   160   0.001300   0.000197
2.7357   160   0.001100   0.000183
2.7359   160   0.001500   0.000227
2.7376   160   0.001100   0.000188
2.7378   160   0.001300   0.000201
2.7401   160   0.001100   0.000175
2.7683   160   0.001300   0.000332
2.7701   160   0.001200   0.000315
2.7719   160   0.001100   0.000301
2.7743   160   0.001100   0.000297
2.7798   160   0.001200   0.000296
2.7810   160   0.001500   0.000327
2.7834   160   0.001500   0.000322
2.7852   160   0.001200   0.000284
2.7864   160   0.001100   0.000267
2.7870   160   0.001300   0.000289
2.7876   160   0.001100   0.000266
2.7882   160   0.001400   0.000297
2.7900   160   0.001400   0.000292
2.7906   160   0.001100   0.000260
2.7912   160   0.001200   0.000274
2.7914   160   0.001300   0.000279
2.7921   160   0.001300   0.000280
2.7927   160   0.001300   0.000278
2.7945   160   0.001300   0.000275
2.7951   160   0.001200   0.000261
2.7963   160   0.001700   0.000310
2.7969   160   0.001600   0.000301
2.7971   160   0.001400   0.000281
2.7973   160   0.001200   0.000259
2.7977   160   0.001200   0.000256
2.7981   160   0.002200   0.000353
2.7989   160   0.001500   0.000287
2.7993   160   0.001300   0.000267
2.7997   160   0.001500   0.000287
2.8001   160   0.001300   0.000264
2.8005   160   0.001300   0.000263
2.8009   160   0.001700   0.000301
2.8013   160   0.001200   0.000249
2.8017   160   0.001400   0.000273
2.8021   160   0.001900   0.000312
2.8023   160   0.001700   0.000293
2.8027   160   0.001500   0.000279
2.8031   160   0.002100   0.000327
2.8035   160   0.002100   0.000328
2.8037   160   0.001400   0.000263
2.8039   160   0.002200   0.000334
2.8040   160   0.002300   0.000340
2.8041   160   0.001700   0.000292
2.8042   160   0.001500   0.000276
2.8043   160   0.001700   0.000288
2.8044   160   0.001600   0.000280
2.8045   160   0.002100   0.000324
2.8046   160   0.002100   0.000322
2.8047   160   0.001400   0.000266
2.8049   160   0.001900   0.000310
2.8051   160   0.001400   0.000267
2.8052   160   0.001200   0.000253
2.8053   160   0.001800   0.000310
2.8054   160   0.001600   0.000292
2.8056   160   0.001500   0.000282
2.8056   160   0.001600   0.000295
2.8058   160   0.001600   0.000300
2.8058   160   0.001800   0.000314
2.8060   160   0.001600   0.000305
2.8060   160   0.001400   0.000283
2.8062   160   0.001300   0.000277
2.8062   160   0.001700   0.000313
2.8064   160   0.001800   0.000321
2.8064   160   0.001500   0.000296
2.8066   160   0.001400   0.000290
2.8066   160   0.001400   0.000286
2.8068   160   0.001500   0.000301
2.8070   160   0.001100   0.000256
2.8071   160   0.001700   0.000327
2.8072   160   0.001500   0.000303
2.8073   160   0.001400   0.000287
2.8074   160   0.001900   0.000335
2.8075   160   0.001700   0.000317
2.8076   160   0.001800   0.000330
2.8077   160   0.001400   0.000289
2.8078   160   0.001400   0.000288
2.8079   160   0.001800   0.000329
2.8080   160   0.001700   0.000317
2.8081   160   0.001500   0.000302
2.8082   160   0.001600   0.000313
2.8083   160   0.001300   0.000279
2.8084   160   0.001300   0.000280
2.8085   160   0.001500   0.000296
2.8086   160   0.002100   0.000352
2.8087   160   0.002200   0.000367
2.8088   160   0.001600   0.000309
2.8089   160   0.001200   0.000269
2.8090   160   0.002300   0.000370
2.8091   160   0.002200   0.000369
2.8092   160   0.001700   0.000318
2.8093   160   0.001700   0.000322
2.8094   160   0.001500   0.000298
2.8096   160   0.002300   0.000368
2.8098   160   0.001600   0.000310
2.8100   160   0.001900   0.000326
2.8102   160   0.001900   0.000324
2.8104   160   0.001500   0.000283
2.8106   160   0.001100   0.000238
2.8108   160   0.001700   0.000296
2.8110   160   0.001800   0.000298
2.8114   160   0.002500   0.000355
2.8118   160   0.001200   0.000241
2.8120   160   0.001900   0.000308
2.8124   160   0.001800   0.000296
2.8126   160   0.002300   0.000336
2.8128   160   0.002100   0.000317
2.8130   160   0.001700   0.000283
2.8132   160   0.002200   0.000330
2.8134   160   0.002300   0.000331
2.8136   160   0.001800   0.000294
2.8140   160   0.002400   0.000342
2.8142   160   0.002700   0.000364
2.8144   160   0.002200   0.000326
2.8148   160   0.002100   0.000314
2.8152   160   0.002600   0.000357
2.8156   160   0.002800   0.000369
2.8160   160   0.002600   0.000357
2.8164   160   0.002200   0.000329
2.8168   160   0.002300   0.000336
2.8172   160   0.001800   0.000296
2.8176   160   0.002600   0.000354
2.8180   160   0.002400   0.000338
2.8186   160   0.002700   0.000359
2.8192   160   0.002600   0.000350
2.8199   160   0.002700   0.000360
2.8205   160   0.002300   0.000334
2.8211   160   0.002500   0.000340
2.8217   160   0.002200   0.000318
2.8223   160   0.002400   0.000339
2.8229   160   0.002400   0.000334
2.8235   160   0.002300   0.000324
2.8241   160   0.002100   0.000313
2.8247   160   0.002200   0.000320
2.8253   160   0.001500   0.000265
2.8259   160   0.001900   0.000294
2.8265   160   0.001700   0.000280
2.8271   160   0.002200   0.000317
2.8283   160   0.002300   0.000328
2.8289   160   0.001600   0.000273
2.8295   160   0.002400   0.000334
2.8301   160   0.001900   0.000294
2.8307   160   0.002300   0.000325
2.8313   160   0.001700   0.000278
2.8319   160   0.001500   0.000261
2.8325   160   0.002400   0.000329
2.8331   160   0.002100   0.000312
2.8350   160   0.002200   0.000318
2.8368   160   0.002400   0.000325
2.8374   160   0.002200   0.000313
2.8380   160   0.002300   0.000321
2.8386   160   0.001900   0.000279
2.8392   160   0.002100   0.000299
2.8398   160   0.002500   0.000326
2.8404   160   0.002200   0.000312
2.8410   160   0.002600   0.000341
2.8413   160   0.001800   0.000277
2.8414   160   0.002200   0.000290
2.8415   160   0.002500   0.000302
2.8416   160   0.001900   0.000250
2.8417   160   0.002300   0.000270
2.8418   160   0.002400   0.000272
2.8419   160   0.001500   0.000218
2.8420   160   0.002400   0.000277
2.8421   160   0.001900   0.000251
2.8422   160   0.001700   0.000240
2.8423   160   0.002200   0.000274
2.8424   160   0.001600   0.000234
2.8425   160   0.002300   0.000280
2.8426   160   0.002400   0.000291
2.8427   160   0.001800   0.000258
2.8428   160   0.001900   0.000264
2.8429   160   0.002100   0.000273
2.8430   160   0.002300   0.000292
2.8431   160   0.002700   0.000318
2.8432   160   0.002300   0.000290
2.8433   160   0.002400   0.000297
2.8434   160   0.002200   0.000281
2.8435   160   0.002300   0.000295
2.8436   160   0.002200   0.000285
2.8437   160   0.001900   0.000265
2.8438   160   0.002700   0.000316
2.8439   160   0.002200   0.000286
2.8440   160   0.002200   0.000286
2.8441   160   0.001800   0.000267
2.8442   160   0.002700   0.000324
2.8443   160   0.002500   0.000306
2.8444   160   0.002600   0.000320
2.8445   160   0.002300   0.000293
2.8446   160   0.001900   0.000274
2.8447   160   0.002800   0.000326
2.8448   160   0.002400   0.000305
2.8449   160   0.002400   0.000304
2.8450   160   0.002400   0.000312
2.8451   160   0.002100   0.000285
2.8454   160   0.002200   0.000294
2.8456   160   0.002200   0.000304
2.8460   160   0.002700   0.000384
2.8462   160   0.002600   0.000378
2.8462   160   0.002200   0.000349
2.8464   160   0.002100   0.000329
2.8464   160   0.001900   0.000290
2.8466   160   0.002700   0.000331
2.8466   160   0.001400   0.000228
2.8468   160   0.002200   0.000283
2.8468   160   0.002300   0.000283
2.8470   160   0.002400   0.000291
2.8470   160   0.002100   0.000274
2.8472   160   0.002800   0.000310
2.8475   160   0.002700   0.000313
2.8477   160   0.001500   0.000236
2.8479   160   0.002200   0.000279
2.8481   160   0.001900   0.000258
2.8485   160   0.002800   0.000314
2.8489   160   0.002300   0.000287
2.8493   160   0.002500   0.000297
2.8497   160   0.002300   0.000286
2.8501   160   0.002400   0.000286
2.8505   160   0.002500   0.000298
2.8509   160   0.002100   0.000270
2.8513   160   0.002600   0.000301
2.8517   160   0.002500   0.000294
2.8521   160   0.002300   0.000281
2.8525   160   0.002900   0.000314
2.8529   160   0.002800   0.000305
2.8533   160   0.002900   0.000304
2.8537   160   0.002700   0.000292
2.8543   160   0.002900   0.000306
2.8545   160   0.002800   0.000297
2.8547   160   0.003200   0.000322
2.8549   160   0.002800   0.000298
2.8551   160   0.002700   0.000289
2.8553   160   0.002700   0.000293
2.8557   160   0.003100   0.000304
2.8567   160   0.002400   0.000253
2.8571   160   0.002300   0.000283
2.8579   160   0.002400   0.000288
2.8587   160   0.003500   0.000350
2.8603   160   0.002800   0.000274
2.8612   160   0.003200   0.000309
2.8620   160   0.002800   0.000314
2.8626   160   0.003400   0.000442
2.8630   160   0.003400   0.000539
2.8634   160   0.003900   0.000645
2.8638   160   0.002800   0.000573
2.8642   160   0.003300   0.000623
2.8646   160   0.003100   0.000590
2.8650   160   0.004300   0.000675
2.8654   160   0.003600   0.000611
2.8658   160   0.003400   0.000580
2.8666   160   0.004100   0.000637
2.8670   160   0.003800   0.000620
2.8674   160   0.003900   0.000639
2.8678   160   0.003600   0.000637
2.8682   160   0.004300   0.000725
2.8686   160   0.003800   0.000721
2.8690   160   0.004500   0.000836
2.8694   160   0.004400   0.000905
2.8698   160   0.004100   0.000943
2.8702   160   0.004500   0.001050
2.8706   160   0.003900   0.001030
2.8714   160   0.003600   0.000981
2.8718   160   0.004100   0.000991
2.8722   160   0.004500   0.000971
2.8726   160   0.004300   0.000872
2.8731   160   0.004500   0.000833
2.8735   160   0.004700   0.000802
2.8739   160   0.004400   0.000741
2.8743   160   0.004800   0.000724
2.8747   160   0.004300   0.000662
2.8751   160   0.004400   0.000645
2.8755   160   0.004700   0.000640
2.8759   160   0.004200   0.000593
2.8763   160   0.004900   0.000629
2.8767   160   0.004400   0.000582
2.8773   160   0.004400   0.000569
2.8779   160   0.004600   0.000573
2.8795   160   0.004500   0.000551
2.8803   160   0.004100   0.000520
2.8811   160   0.004200   0.000525
2.8833   160   0.003500   0.000477
2.8845   160   0.003300   0.000462
2.8857   160   0.003700   0.000502
2.8870   160   0.003300   0.000469
2.8882   160   0.002900   0.000444
2.8906   160   0.002700   0.000440
2.8918   160   0.002300   0.000403
2.8930   160   0.002700   0.000438
2.8942   160   0.001900   0.000368
2.8954   160   0.002100   0.000387
2.8978   160   0.001400   0.000311
2.8990   160   0.001800   0.000341
2.9015   160   0.001700   0.000326
2.9027   160   0.001800   0.000336
2.9039   160   0.001900   0.000338
2.9051   160   0.001500   0.000291
2.9055   160   0.002200   0.000356
2.9057   160   0.002400   0.000375
2.9059   160   0.001800   0.000326
2.9061   160   0.001800   0.000329
2.9063   160   0.002900   0.000429
2.9065   160   0.003100   0.000456
2.9067   160   0.002800   0.000457
2.9071   160   0.002700   0.000456
2.9073   160   0.002700   0.000444
2.9075   160   0.002300   0.000401
2.9079   160   0.002200   0.000372
2.9083   160   0.002500   0.000390
2.9087   160   0.002400   0.000381
2.9091   160   0.002800   0.000405
2.9097   160   0.003200   0.000432
2.9105   160   0.002300   0.000365
2.9113   160   0.002800   0.000401
2.9121   160   0.002100   0.000344
2.9129   160   0.001200   0.000260
2.9137   160   0.001300   0.000265
2.9156   160   0.001200   0.000257
2.9160   160   0.001200   0.000260
2.9164   160   0.001500   0.000318
2.9174   160   0.001100   0.000246
2.9176   160   0.001200   0.000260
3.0556   160   0.001100   0.000203
3.0580   160   0.001300   0.000218
