3.996020 	 0 	 0.00001368 	 0.00000086 
4.000970 	 0 	 0.00002049 	 0.00000128 
4.002940 	 0 	 0.00002219 	 0.00000134 
4.004970 	 0 	 0.00002778 	 0.00000165 
4.006970 	 0 	 0.00003445 	 0.00000197 
4.009090 	 0 	 0.00003123 	 0.00000189 
4.010030 	 0 	 0.00003636 	 0.00000214 
4.015070 	 0 	 0.00004001 	 0.00000223 
4.019110 	 0 	 0.00003769 	 0.00000207 
4.019920 	 0 	 0.00003592 	 0.00000207 
4.025040 	 0 	 0.00003204 	 0.00000188 
4.029980 	 0 	 0.00002916 	 0.00000167 
4.035140 	 0 	 0.00002329 	 0.00000138 
4.269960 	 0 	 0.00001422 	 0.00000097 
4.290050 	 0 	 0.00001982 	 0.00000125 
4.291120 	 0 	 0.00003142 	 0.00000191 
4.293190 	 0 	 0.00003794 	 0.00000224 
4.294200 	 0 	 0.00004612 	 0.00000266 
4.295150 	 0 	 0.00005780 	 0.00000322 
4.296150 	 0 	 0.00005865 	 0.00000332 
4.297220 	 0 	 0.00009454 	 0.00000523 
4.298080 	 0 	 0.00029075 	 0.00001568 
4.299090 	 0 	 0.00046500 	 0.00002489 
4.301050 	 0 	 0.00064750 	 0.00003458 
4.303100 	 0 	 0.00069043 	 0.00003638 
4.305230 	 0 	 0.00062772 	 0.00003342 
4.307250 	 0 	 0.00060836 	 0.00003261 
4.309300 	 0 	 0.00059600 	 0.00003199 
4.309960 	 0 	 0.00059013 	 0.00003147 
4.311170 	 0 	 0.00057768 	 0.00003084 
4.313110 	 0 	 0.00059827 	 0.00003191 
4.315130 	 0 	 0.00061664 	 0.00003295 
4.317200 	 0 	 0.00057695 	 0.00003070 
4.319170 	 0 	 0.00056295 	 0.00003023 
4.321160 	 0 	 0.00053509 	 0.00002853 
4.322980 	 0 	 0.00049528 	 0.00002635 
4.325210 	 0 	 0.00039165 	 0.00002078 
4.327110 	 0 	 0.00030382 	 0.00001617 
4.329080 	 0 	 0.00021621 	 0.00001151 
4.330120 	 0 	 0.00028995 	 0.00001556 
4.331190 	 0 	 0.00014760 	 0.00000797 
4.333240 	 0 	 0.00008942 	 0.00000490 
4.335150 	 0 	 0.00006797 	 0.00000377 
4.340040 	 0 	 0.00004332 	 0.00000253 
4.344880 	 0 	 0.00003369 	 0.00000204 
4.349980 	 0 	 0.00003186 	 0.00000186 
4.370050 	 0 	 0.00002989 	 0.00000177 
4.390150 	 0 	 0.00004161 	 0.00000237 
4.410030 	 0 	 0.00005566 	 0.00000311 
4.420240 	 0 	 0.00007988 	 0.00000442 
4.430180 	 0 	 0.00009514 	 0.00000516 
4.440040 	 0 	 0.00018514 	 0.00001023 
4.449940 	 0 	 0.00026625 	 0.00001451 
4.454990 	 0 	 0.00063478 	 0.00003492 
4.460120 	 0 	 0.00099572 	 0.00005375 
4.469960 	 0 	 0.00102574 	 0.00005471 
4.477980 	 0 	 0.00076434 	 0.00004141 
4.486130 	 0 	 0.00036043 	 0.00001968 
4.488190 	 0 	 0.00026642 	 0.00001468 
4.490070 	 0 	 0.00035595 	 0.00001923 
4.492220 	 0 	 0.00014488 	 0.00000805 
4.494990 	 0 	 0.00009976 	 0.00000547 
4.499970 	 0 	 0.00006355 	 0.00000358 
4.510210 	 0 	 0.00004863 	 0.00000274 
4.512180 	 0 	 0.00012685 	 0.00000694 
4.515080 	 0 	 0.00037695 	 0.00002033 
4.520070 	 0 	 0.00062887 	 0.00003349 
4.525240 	 0 	 0.00112849 	 0.00006006 
4.529410 	 0 	 0.00110988 	 0.00005814 
4.535060 	 0 	 0.00187185 	 0.00009865 
4.540240 	 0 	 0.00206700 	 0.00011037 
4.549800 	 0 	 0.00238130 	 0.00012167 
4.560180 	 0 	 0.00345170 	 0.00017817 
4.570130 	 0 	 0.00313841 	 0.00016276 
4.580030 	 0 	 0.00158594 	 0.00008482 
4.590080 	 0 	 0.00082803 	 0.00004430 
4.600270 	 0 	 0.00079180 	 0.00004233 
4.609990 	 0 	 0.00193971 	 0.00010131 
4.620230 	 0 	 0.00223094 	 0.00011786 
4.629940 	 0 	 0.00157459 	 0.00008251 
4.635170 	 0 	 0.00081157 	 0.00004336 
4.639960 	 0 	 0.00045865 	 0.00002480 
4.649960 	 0 	 0.00038498 	 0.00002080 
4.670120 	 0 	 0.00018463 	 0.00001014 
4.680150 	 0 	 0.00010439 	 0.00000588 
4.689930 	 0 	 0.00007791 	 0.00000444 
4.710020 	 0 	 0.00006311 	 0.00000351 
4.730000 	 0 	 0.00005779 	 0.00000333 
4.750000 	 0 	 0.00008330 	 0.00000472 
4.755180 	 0 	 0.00014773 	 0.00000829 
4.758880 	 0 	 0.00015262 	 0.00000858 
4.770040 	 0 	 0.00019899 	 0.00001103 
4.775020 	 0 	 0.00030860 	 0.00001683 
4.780180 	 0 	 0.00067299 	 0.00003639 
4.790120 	 0 	 0.00088425 	 0.00004674 
4.799920 	 0 	 0.00069689 	 0.00003693 
4.810030 	 0 	 0.00035754 	 0.00001973 
4.812160 	 0 	 0.00016492 	 0.00000949 
4.815270 	 0 	 0.00010690 	 0.00000616 
4.820060 	 0 	 0.00005202 	 0.00000315 
4.829890 	 0 	 0.00003220 	 0.00000196 
4.850030 	 0 	 0.00002550 	 0.00000164 
4.866290 	 0 	 0.00002523 	 0.00000169 
4.889890 	 0 	 0.00003001 	 0.00000183 
4.899910 	 0 	 0.00004367 	 0.00000274 
4.910130 	 0 	 0.00006358 	 0.00000369 
4.919960 	 0 	 0.00007197 	 0.00000421 
4.926150 	 0 	 0.00008121 	 0.00000443 
4.930190 	 0 	 0.00008886 	 0.00000503 
4.936920 	 0 	 0.00009017 	 0.00000490 
4.946750 	 0 	 0.00009280 	 0.00000501 
4.950270 	 0 	 0.00009824 	 0.00000551 
4.956760 	 0 	 0.00009647 	 0.00000525 
4.961870 	 0 	 0.00010606 	 0.00000571 
4.964750 	 0 	 0.00010840 	 0.00000586 
4.967870 	 0 	 0.00011732 	 0.00000635 
4.970040 	 0 	 0.00012414 	 0.00000689 
4.972800 	 0 	 0.00012178 	 0.00000644 
4.974630 	 0 	 0.00011497 	 0.00000624 
4.984710 	 0 	 0.00009601 	 0.00000520 
4.990070 	 0 	 0.00009974 	 0.00000564 
4.994670 	 0 	 0.00007743 	 0.00000424 
5.004640 	 0 	 0.00005645 	 0.00000313 
5.009990 	 0 	 0.00006328 	 0.00000377 
5.014840 	 0 	 0.00008710 	 0.00000479 
5.017740 	 0 	 0.00011394 	 0.00000617 
5.017860 	 0 	 0.00010003 	 0.00000545 
5.019820 	 0 	 0.00016848 	 0.00000911 
5.024800 	 0 	 0.00029549 	 0.00001603 
5.027830 	 0 	 0.00032441 	 0.00001779 
5.030100 	 0 	 0.00040686 	 0.00002222 
5.032780 	 0 	 0.00041640 	 0.00002235 
5.035900 	 0 	 0.00046753 	 0.00002485 
5.038710 	 0 	 0.00048494 	 0.00002580 
5.041980 	 0 	 0.00049922 	 0.00002676 
5.044790 	 0 	 0.00043249 	 0.00002325 
5.049970 	 0 	 0.00038582 	 0.00002088 
5.054840 	 0 	 0.00025202 	 0.00001370 
5.064880 	 0 	 0.00017035 	 0.00000943 
5.069910 	 0 	 0.00015273 	 0.00000882 
5.074480 	 0 	 0.00011389 	 0.00000637 
5.084190 	 0 	 0.00010414 	 0.00000601 
5.089990 	 0 	 0.00011656 	 0.00000671 
5.093720 	 0 	 0.00039500 	 0.00002172 
5.096760 	 0 	 0.00082668 	 0.00004280 
5.098890 	 0 	 0.00090879 	 0.00004747 
5.099990 	 0 	 0.00094577 	 0.00004969 
5.100430 	 0 	 0.00092330 	 0.00004855 
5.100710 	 0 	 0.00090878 	 0.00004779 
5.102880 	 0 	 0.00113200 	 0.00005929 
5.104860 	 0 	 0.00117370 	 0.00006118 
5.106900 	 0 	 0.00117701 	 0.00006155 
5.108780 	 0 	 0.00125692 	 0.00006532 
5.110040 	 0 	 0.00127523 	 0.00006649 
5.110750 	 0 	 0.00119712 	 0.00006249 
5.113840 	 0 	 0.00116388 	 0.00006051 
5.118800 	 0 	 0.00098103 	 0.00005083 
5.123770 	 0 	 0.00071249 	 0.00003779 
5.128520 	 0 	 0.00051310 	 0.00002701 
5.129940 	 0 	 0.00059346 	 0.00003154 
5.133810 	 0 	 0.00042166 	 0.00002227 
5.138880 	 0 	 0.00041968 	 0.00002224 
5.141650 	 0 	 0.00040527 	 0.00002140 
5.144740 	 0 	 0.00035846 	 0.00001907 
5.147990 	 0 	 0.00033056 	 0.00001780 
5.150010 	 0 	 0.00034708 	 0.00001890 
5.150980 	 0 	 0.00032030 	 0.00001695 
5.157040 	 0 	 0.00025831 	 0.00001378 
5.159370 	 0 	 0.00024411 	 0.00001292 
5.170050 	 0 	 0.00015432 	 0.00000879 
5.189840 	 0 	 0.00011882 	 0.00000654 
5.210030 	 0 	 0.00012987 	 0.00000726 
5.230030 	 0 	 0.00016619 	 0.00000973 
5.239500 	 0 	 0.00021704 	 0.00001172 
5.243060 	 0 	 0.00024352 	 0.00001387 
5.250130 	 0 	 0.00033253 	 0.00001927 
5.259940 	 0 	 0.00050195 	 0.00002792 
5.265040 	 0 	 0.00056817 	 0.00003233 
5.269980 	 0 	 0.00071800 	 0.00004001 
5.274960 	 0 	 0.00105526 	 0.00005708 
5.275020 	 0 	 0.00096906 	 0.00005085 
5.279810 	 0 	 0.00145046 	 0.00007829 
5.284950 	 0 	 0.00194573 	 0.00010431 
5.290160 	 0 	 0.00257308 	 0.00013311 
5.292940 	 0 	 0.00294018 	 0.00015197 
5.297670 	 0 	 0.00295080 	 0.00015049 
5.299720 	 0 	 0.00272783 	 0.00013998 
5.302380 	 0 	 0.00271674 	 0.00013973 
5.308230 	 0 	 0.00235807 	 0.00011994 
5.312880 	 0 	 0.00229643 	 0.00011712 
5.317520 	 0 	 0.00198821 	 0.00010154 
5.322810 	 0 	 0.00157292 	 0.00008053 
5.327680 	 0 	 0.00131232 	 0.00006757 
5.332880 	 0 	 0.00090026 	 0.00004729 
5.332910 	 0 	 0.00098811 	 0.00005106 
5.337470 	 0 	 0.00066305 	 0.00003456 
5.342740 	 0 	 0.00035383 	 0.00001927 
5.342930 	 0 	 0.00038575 	 0.00002058 
5.346940 	 0 	 0.00026034 	 0.00001430 
5.348260 	 0 	 0.00028003 	 0.00001503 
5.348580 	 0 	 0.00023452 	 0.00001270 
5.352050 	 0 	 0.00042167 	 0.00002287 
5.353600 	 0 	 0.00034925 	 0.00001821 
5.357900 	 0 	 0.00052039 	 0.00002793 
5.357970 	 0 	 0.00059608 	 0.00003086 
5.359830 	 0 	 0.00049149 	 0.00002648 
5.361890 	 0 	 0.00047382 	 0.00002555 
5.363860 	 0 	 0.00049386 	 0.00002648 
5.366050 	 0 	 0.00044587 	 0.00002425 
5.368040 	 0 	 0.00041919 	 0.00002204 
5.368270 	 0 	 0.00049172 	 0.00002556 
5.369650 	 0 	 0.00043115 	 0.00002324 
5.371490 	 0 	 0.00051438 	 0.00002670 
5.373420 	 0 	 0.00042089 	 0.00002176 
5.374800 	 0 	 0.00026870 	 0.00001417 
5.380090 	 0 	 0.00011123 	 0.00000640 
5.382920 	 0 	 0.00006091 	 0.00000392 
5.383340 	 0 	 0.00009159 	 0.00000528 
5.383340 	 0 	 0.00010493 	 0.00000587 
5.383860 	 0 	 0.00005948 	 0.00000367 
5.385960 	 0 	 0.00004709 	 0.00000315 
5.389860 	 0 	 0.00003408 	 0.00000225 
5.393080 	 0 	 0.00003987 	 0.00000267 
5.403410 	 0 	 0.00003863 	 0.00000258 
5.414080 	 0 	 0.00004080 	 0.00000278 
5.424360 	 0 	 0.00004486 	 0.00000299 
5.435410 	 0 	 0.00005295 	 0.00000316 
5.439260 	 0 	 0.00005759 	 0.00000351 
5.440820 	 0 	 0.00006185 	 0.00000399 
3.996020 	 15 	 0.00001185 	 0.00000095 
4.000970 	 15 	 0.00001963 	 0.00000146 
4.002940 	 15 	 0.00002512 	 0.00000168 
4.004970 	 15 	 0.00002613 	 0.00000184 
4.006970 	 15 	 0.00003095 	 0.00000199 
4.009090 	 15 	 0.00003201 	 0.00000220 
4.010030 	 15 	 0.00003401 	 0.00000230 
4.015070 	 15 	 0.00003806 	 0.00000234 
4.019110 	 15 	 0.00003677 	 0.00000222 
4.019920 	 15 	 0.00003367 	 0.00000221 
4.025040 	 15 	 0.00003307 	 0.00000218 
4.029980 	 15 	 0.00002886 	 0.00000187 
4.035140 	 15 	 0.00002116 	 0.00000144 
4.269960 	 15 	 0.00001299 	 0.00000112 
4.290050 	 15 	 0.00001927 	 0.00000144 
4.291120 	 15 	 0.00002703 	 0.00000201 
4.293190 	 15 	 0.00003552 	 0.00000241 
4.294200 	 15 	 0.00003776 	 0.00000257 
4.295150 	 15 	 0.00005196 	 0.00000331 
4.296150 	 15 	 0.00005725 	 0.00000367 
4.297220 	 15 	 0.00008369 	 0.00000514 
4.298080 	 15 	 0.00026972 	 0.00001566 
4.299090 	 15 	 0.00040808 	 0.00002351 
4.301050 	 15 	 0.00057968 	 0.00003328 
4.303100 	 15 	 0.00059720 	 0.00003353 
4.305230 	 15 	 0.00054726 	 0.00003127 
4.307250 	 15 	 0.00052374 	 0.00003048 
4.309300 	 15 	 0.00052438 	 0.00003043 
4.309960 	 15 	 0.00053073 	 0.00003031 
4.311170 	 15 	 0.00050618 	 0.00002907 
4.313110 	 15 	 0.00052766 	 0.00003030 
4.315130 	 15 	 0.00053277 	 0.00003075 
4.317200 	 15 	 0.00050543 	 0.00002888 
4.319170 	 15 	 0.00049875 	 0.00002897 
4.321160 	 15 	 0.00045557 	 0.00002622 
4.322980 	 15 	 0.00041894 	 0.00002406 
4.325210 	 15 	 0.00033973 	 0.00001941 
4.327110 	 15 	 0.00026581 	 0.00001518 
4.329080 	 15 	 0.00019117 	 0.00001093 
4.330120 	 15 	 0.00025940 	 0.00001503 
4.331190 	 15 	 0.00013131 	 0.00000773 
4.333240 	 15 	 0.00008530 	 0.00000509 
4.335150 	 15 	 0.00006538 	 0.00000396 
4.340040 	 15 	 0.00003862 	 0.00000260 
4.344880 	 15 	 0.00002791 	 0.00000206 
4.349980 	 15 	 0.00002795 	 0.00000197 
4.370050 	 15 	 0.00002903 	 0.00000198 
4.390150 	 15 	 0.00003774 	 0.00000244 
4.410030 	 15 	 0.00005008 	 0.00000315 
4.420240 	 15 	 0.00006954 	 0.00000425 
4.430180 	 15 	 0.00008972 	 0.00000527 
4.440040 	 15 	 0.00016396 	 0.00000999 
4.449940 	 15 	 0.00025765 	 0.00001513 
4.454990 	 15 	 0.00060474 	 0.00003620 
4.460120 	 15 	 0.00089895 	 0.00005241 
4.469960 	 15 	 0.00090868 	 0.00005207 
4.477980 	 15 	 0.00069277 	 0.00004065 
4.486130 	 15 	 0.00033187 	 0.00001974 
4.488190 	 15 	 0.00024284 	 0.00001471 
4.490070 	 15 	 0.00031668 	 0.00001858 
4.492220 	 15 	 0.00013153 	 0.00000805 
4.494990 	 15 	 0.00009110 	 0.00000549 
4.499970 	 15 	 0.00005507 	 0.00000356 
4.510210 	 15 	 0.00004369 	 0.00000286 
4.512180 	 15 	 0.00011471 	 0.00000699 
4.515080 	 15 	 0.00032634 	 0.00001917 
4.520070 	 15 	 0.00056104 	 0.00003199 
4.525240 	 15 	 0.00095330 	 0.00005473 
4.529410 	 15 	 0.00099205 	 0.00005478 
4.535060 	 15 	 0.00169469 	 0.00009448 
4.540240 	 15 	 0.00181064 	 0.00010394 
4.549800 	 15 	 0.00222021 	 0.00011605 
4.560180 	 15 	 0.00303055 	 0.00016256 
4.570130 	 15 	 0.00273832 	 0.00014828 
4.580030 	 15 	 0.00140317 	 0.00008094 
4.590080 	 15 	 0.00076320 	 0.00004369 
4.600270 	 15 	 0.00070544 	 0.00004066 
4.609990 	 15 	 0.00170940 	 0.00009387 
4.620230 	 15 	 0.00195215 	 0.00010982 
4.629940 	 15 	 0.00155748 	 0.00008525 
4.635170 	 15 	 0.00074149 	 0.00004240 
4.639960 	 15 	 0.00042290 	 0.00002487 
4.649960 	 15 	 0.00032986 	 0.00001962 
4.670120 	 15 	 0.00018555 	 0.00001108 
4.680150 	 15 	 0.00008962 	 0.00000587 
4.689930 	 15 	 0.00006997 	 0.00000459 
4.710020 	 15 	 0.00005665 	 0.00000353 
4.730000 	 15 	 0.00005517 	 0.00000365 
4.750000 	 15 	 0.00007426 	 0.00000485 
4.755180 	 15 	 0.00012497 	 0.00000831 
4.758880 	 15 	 0.00014898 	 0.00000950 
4.770040 	 15 	 0.00018345 	 0.00001140 
4.775020 	 15 	 0.00027694 	 0.00001663 
4.780180 	 15 	 0.00060578 	 0.00003553 
4.790120 	 15 	 0.00077340 	 0.00004360 
4.799920 	 15 	 0.00063007 	 0.00003558 
4.810030 	 15 	 0.00030780 	 0.00001911 
4.812160 	 15 	 0.00015678 	 0.00001039 
4.815270 	 15 	 0.00009603 	 0.00000644 
4.820060 	 15 	 0.00005004 	 0.00000363 
4.829890 	 15 	 0.00002955 	 0.00000221 
4.850030 	 15 	 0.00002059 	 0.00000174 
4.866290 	 15 	 0.00002294 	 0.00000197 
4.889890 	 15 	 0.00002542 	 0.00000193 
4.899910 	 15 	 0.00004425 	 0.00000323 
4.910130 	 15 	 0.00005793 	 0.00000385 
4.919960 	 15 	 0.00007429 	 0.00000498 
4.926150 	 15 	 0.00007548 	 0.00000452 
4.930190 	 15 	 0.00007574 	 0.00000496 
4.936920 	 15 	 0.00007805 	 0.00000467 
4.946750 	 15 	 0.00007689 	 0.00000462 
4.950270 	 15 	 0.00008258 	 0.00000527 
4.956760 	 15 	 0.00009249 	 0.00000546 
4.961870 	 15 	 0.00009359 	 0.00000552 
4.964750 	 15 	 0.00010046 	 0.00000591 
4.967870 	 15 	 0.00010248 	 0.00000608 
4.970040 	 15 	 0.00010230 	 0.00000648 
4.972800 	 15 	 0.00010702 	 0.00000605 
4.974630 	 15 	 0.00010185 	 0.00000606 
4.984710 	 15 	 0.00008843 	 0.00000526 
4.990070 	 15 	 0.00008477 	 0.00000546 
4.994670 	 15 	 0.00006506 	 0.00000403 
5.004640 	 15 	 0.00005424 	 0.00000333 
5.009990 	 15 	 0.00005834 	 0.00000414 
5.014840 	 15 	 0.00007483 	 0.00000463 
5.017740 	 15 	 0.00010305 	 0.00000613 
5.017860 	 15 	 0.00009954 	 0.00000589 
5.019820 	 15 	 0.00016804 	 0.00000975 
5.024800 	 15 	 0.00029560 	 0.00001730 
5.027830 	 15 	 0.00033046 	 0.00001967 
5.030100 	 15 	 0.00032838 	 0.00002024 
5.032780 	 15 	 0.00041071 	 0.00002350 
5.035900 	 15 	 0.00045145 	 0.00002558 
5.038710 	 15 	 0.00049038 	 0.00002756 
5.041980 	 15 	 0.00047459 	 0.00002734 
5.044790 	 15 	 0.00044067 	 0.00002515 
5.049970 	 15 	 0.00034105 	 0.00002025 
5.054840 	 15 	 0.00025950 	 0.00001513 
5.064880 	 15 	 0.00016914 	 0.00001038 
5.069910 	 15 	 0.00013424 	 0.00000899 
5.074480 	 15 	 0.00011029 	 0.00000688 
5.084190 	 15 	 0.00009332 	 0.00000632 
5.089990 	 15 	 0.00010154 	 0.00000702 
5.093720 	 15 	 0.00040701 	 0.00002426 
5.096760 	 15 	 0.00074328 	 0.00004020 
5.098890 	 15 	 0.00083859 	 0.00004615 
5.099990 	 15 	 0.00087646 	 0.00004880 
5.100430 	 15 	 0.00084970 	 0.00004731 
5.100710 	 15 	 0.00084532 	 0.00004708 
5.102880 	 15 	 0.00104700 	 0.00005779 
5.104860 	 15 	 0.00106866 	 0.00005853 
5.106900 	 15 	 0.00106559 	 0.00005881 
5.108780 	 15 	 0.00111814 	 0.00006099 
5.110040 	 15 	 0.00108625 	 0.00005978 
5.110750 	 15 	 0.00108339 	 0.00005956 
5.113840 	 15 	 0.00106467 	 0.00005798 
5.118800 	 15 	 0.00090330 	 0.00004868 
5.123770 	 15 	 0.00064786 	 0.00003659 
5.128520 	 15 	 0.00047731 	 0.00002652 
5.129940 	 15 	 0.00049248 	 0.00002840 
5.133810 	 15 	 0.00039292 	 0.00002201 
5.138880 	 15 	 0.00038993 	 0.00002203 
5.141650 	 15 	 0.00037851 	 0.00002118 
5.144740 	 15 	 0.00034788 	 0.00001959 
5.147990 	 15 	 0.00031332 	 0.00001806 
5.150010 	 15 	 0.00030241 	 0.00001811 
5.150980 	 15 	 0.00028743 	 0.00001625 
5.157040 	 15 	 0.00024218 	 0.00001387 
5.159370 	 15 	 0.00022103 	 0.00001253 
5.170050 	 15 	 0.00014129 	 0.00000914 
5.189840 	 15 	 0.00009992 	 0.00000629 
5.210030 	 15 	 0.00011133 	 0.00000724 
5.230030 	 15 	 0.00014391 	 0.00001012 
5.239500 	 15 	 0.00019487 	 0.00001179 
5.243060 	 15 	 0.00020030 	 0.00001393 
5.250130 	 15 	 0.00028471 	 0.00002016 
5.259940 	 15 	 0.00043082 	 0.00002794 
5.265040 	 15 	 0.00049869 	 0.00003339 
5.269980 	 15 	 0.00063965 	 0.00004078 
5.274960 	 15 	 0.00093390 	 0.00005588 
5.275020 	 15 	 0.00090962 	 0.00005079 
5.279810 	 15 	 0.00132592 	 0.00007859 
5.284950 	 15 	 0.00160810 	 0.00009516 
5.290160 	 15 	 0.00214334 	 0.00011690 
5.292940 	 15 	 0.00273786 	 0.00014734 
5.297670 	 15 	 0.00243952 	 0.00012844 
5.299720 	 15 	 0.00255428 	 0.00013554 
5.302380 	 15 	 0.00225040 	 0.00012095 
5.308230 	 15 	 0.00201470 	 0.00010509 
5.312880 	 15 	 0.00189272 	 0.00009954 
5.317520 	 15 	 0.00163454 	 0.00008616 
5.322810 	 15 	 0.00131186 	 0.00006947 
5.327680 	 15 	 0.00109433 	 0.00005865 
5.332880 	 15 	 0.00085262 	 0.00004705 
5.332910 	 15 	 0.00084043 	 0.00004531 
5.337470 	 15 	 0.00055561 	 0.00003060 
5.342740 	 15 	 0.00035608 	 0.00002086 
5.342930 	 15 	 0.00034504 	 0.00001978 
5.346940 	 15 	 0.00024976 	 0.00001506 
5.348260 	 15 	 0.00024250 	 0.00001415 
5.348580 	 15 	 0.00023724 	 0.00001381 
5.352050 	 15 	 0.00039142 	 0.00002308 
5.353600 	 15 	 0.00029940 	 0.00001647 
5.357900 	 15 	 0.00048322 	 0.00002803 
5.357970 	 15 	 0.00051127 	 0.00002776 
5.359830 	 15 	 0.00045299 	 0.00002632 
5.361890 	 15 	 0.00043989 	 0.00002570 
5.363860 	 15 	 0.00042466 	 0.00002491 
5.366050 	 15 	 0.00042697 	 0.00002519 
5.368040 	 15 	 0.00039803 	 0.00002208 
5.368270 	 15 	 0.00040597 	 0.00002231 
5.369650 	 15 	 0.00041743 	 0.00002423 
5.371490 	 15 	 0.00042617 	 0.00002334 
5.373420 	 15 	 0.00035779 	 0.00001936 
5.374800 	 15 	 0.00024006 	 0.00001353 
5.380090 	 15 	 0.00010335 	 0.00000693 
5.382920 	 15 	 0.00006602 	 0.00000499 
5.383340 	 15 	 0.00009710 	 0.00000619 
5.383340 	 15 	 0.00009382 	 0.00000598 
5.383860 	 15 	 0.00005650 	 0.00000424 
5.385960 	 15 	 0.00004444 	 0.00000361 
5.389860 	 15 	 0.00003764 	 0.00000300 
5.393080 	 15 	 0.00002971 	 0.00000286 
5.403410 	 15 	 0.00003057 	 0.00000297 
5.414080 	 15 	 0.00003671 	 0.00000324 
5.424360 	 15 	 0.00004087 	 0.00000352 
5.435410 	 15 	 0.00004604 	 0.00000334 
5.439260 	 15 	 0.00005440 	 0.00000402 
5.440820 	 15 	 0.00005098 	 0.00000430 
3.996020 	 30 	 0.00001258 	 0.00000092 
4.000970 	 30 	 0.00002115 	 0.00000153 
4.002940 	 30 	 0.00002363 	 0.00000165 
4.004970 	 30 	 0.00002609 	 0.00000182 
4.006970 	 30 	 0.00003147 	 0.00000203 
4.009090 	 30 	 0.00003305 	 0.00000227 
4.010030 	 30 	 0.00003506 	 0.00000232 
4.015070 	 30 	 0.00003826 	 0.00000236 
4.019110 	 30 	 0.00003860 	 0.00000230 
4.019920 	 30 	 0.00003489 	 0.00000227 
4.025040 	 30 	 0.00003613 	 0.00000233 
4.029980 	 30 	 0.00002835 	 0.00000182 
4.035140 	 30 	 0.00002296 	 0.00000153 
4.269960 	 30 	 0.00001268 	 0.00000105 
4.290050 	 30 	 0.00001920 	 0.00000146 
4.291120 	 30 	 0.00002925 	 0.00000210 
4.293190 	 30 	 0.00003766 	 0.00000247 
4.294200 	 30 	 0.00003950 	 0.00000270 
4.295150 	 30 	 0.00004605 	 0.00000304 
4.296150 	 30 	 0.00005601 	 0.00000363 
4.297220 	 30 	 0.00007934 	 0.00000497 
4.298080 	 30 	 0.00024346 	 0.00001453 
4.299090 	 30 	 0.00039391 	 0.00002306 
4.301050 	 30 	 0.00059791 	 0.00003434 
4.303100 	 30 	 0.00059978 	 0.00003386 
4.305230 	 30 	 0.00053330 	 0.00003075 
4.307250 	 30 	 0.00051596 	 0.00003020 
4.309300 	 30 	 0.00051855 	 0.00003041 
4.309960 	 30 	 0.00052373 	 0.00003020 
4.311170 	 30 	 0.00050756 	 0.00002933 
4.313110 	 30 	 0.00051216 	 0.00002964 
4.315130 	 30 	 0.00050710 	 0.00002973 
4.317200 	 30 	 0.00048797 	 0.00002812 
4.319170 	 30 	 0.00048324 	 0.00002837 
4.321160 	 30 	 0.00045067 	 0.00002620 
4.322980 	 30 	 0.00040529 	 0.00002349 
4.325210 	 30 	 0.00033771 	 0.00001939 
4.327110 	 30 	 0.00026533 	 0.00001521 
4.329080 	 30 	 0.00017367 	 0.00001011 
4.330120 	 30 	 0.00025043 	 0.00001468 
4.331190 	 30 	 0.00012664 	 0.00000756 
4.333240 	 30 	 0.00007924 	 0.00000486 
4.335150 	 30 	 0.00006062 	 0.00000376 
4.340040 	 30 	 0.00003638 	 0.00000247 
4.344880 	 30 	 0.00002988 	 0.00000217 
4.349980 	 30 	 0.00002885 	 0.00000205 
4.370050 	 30 	 0.00002887 	 0.00000197 
4.390150 	 30 	 0.00003753 	 0.00000242 
4.410030 	 30 	 0.00004908 	 0.00000310 
4.420240 	 30 	 0.00007798 	 0.00000471 
4.430180 	 30 	 0.00009442 	 0.00000550 
4.440040 	 30 	 0.00017876 	 0.00001072 
4.449940 	 30 	 0.00026924 	 0.00001572 
4.454990 	 30 	 0.00063675 	 0.00003789 
4.460120 	 30 	 0.00095697 	 0.00005547 
4.469960 	 30 	 0.00098235 	 0.00005584 
4.477980 	 30 	 0.00073390 	 0.00004272 
4.486130 	 30 	 0.00035505 	 0.00002094 
4.488190 	 30 	 0.00026753 	 0.00001593 
4.490070 	 30 	 0.00033396 	 0.00001952 
4.492220 	 30 	 0.00013132 	 0.00000812 
4.494990 	 30 	 0.00009511 	 0.00000569 
4.499970 	 30 	 0.00005673 	 0.00000367 
4.510210 	 30 	 0.00004257 	 0.00000278 
4.512180 	 30 	 0.00010846 	 0.00000670 
4.515080 	 30 	 0.00030879 	 0.00001841 
4.520070 	 30 	 0.00054842 	 0.00003142 
4.525240 	 30 	 0.00096575 	 0.00005550 
4.529410 	 30 	 0.00097938 	 0.00005426 
4.535060 	 30 	 0.00169129 	 0.00009457 
4.540240 	 30 	 0.00182708 	 0.00010507 
4.549800 	 30 	 0.00225204 	 0.00011772 
4.560180 	 30 	 0.00324331 	 0.00017323 
4.570130 	 30 	 0.00290350 	 0.00015660 
4.580030 	 30 	 0.00148856 	 0.00008533 
4.590080 	 30 	 0.00081200 	 0.00004613 
4.600270 	 30 	 0.00072974 	 0.00004210 
4.609990 	 30 	 0.00172798 	 0.00009548 
4.620230 	 30 	 0.00198049 	 0.00011189 
4.629940 	 30 	 0.00142591 	 0.00007911 
4.635170 	 30 	 0.00075726 	 0.00004342 
4.639960 	 30 	 0.00043941 	 0.00002586 
4.649960 	 30 	 0.00034734 	 0.00002059 
4.670120 	 30 	 0.00017670 	 0.00001093 
4.680150 	 30 	 0.00009325 	 0.00000615 
4.689930 	 30 	 0.00007016 	 0.00000469 
4.710020 	 30 	 0.00005855 	 0.00000366 
4.730000 	 30 	 0.00005700 	 0.00000381 
4.750000 	 30 	 0.00007322 	 0.00000506 
4.755180 	 30 	 0.00013532 	 0.00000915 
4.758880 	 30 	 0.00014588 	 0.00000975 
4.770040 	 30 	 0.00018278 	 0.00001172 
4.775020 	 30 	 0.00027965 	 0.00001696 
4.780180 	 30 	 0.00061105 	 0.00003586 
4.790120 	 30 	 0.00077140 	 0.00004362 
4.799920 	 30 	 0.00063855 	 0.00003603 
4.810030 	 30 	 0.00029752 	 0.00001867 
4.812160 	 30 	 0.00014536 	 0.00000965 
4.815270 	 30 	 0.00009389 	 0.00000639 
4.820060 	 30 	 0.00005213 	 0.00000368 
4.829890 	 30 	 0.00002966 	 0.00000214 
4.850030 	 30 	 0.00002310 	 0.00000183 
4.866290 	 30 	 0.00002087 	 0.00000193 
4.889890 	 30 	 0.00002380 	 0.00000175 
4.899910 	 30 	 0.00004547 	 0.00000336 
4.910130 	 30 	 0.00005811 	 0.00000386 
4.919960 	 30 	 0.00008018 	 0.00000528 
4.926150 	 30 	 0.00007920 	 0.00000470 
4.930190 	 30 	 0.00007925 	 0.00000514 
4.936920 	 30 	 0.00007740 	 0.00000463 
4.946750 	 30 	 0.00008030 	 0.00000483 
4.950270 	 30 	 0.00008494 	 0.00000548 
4.956760 	 30 	 0.00008561 	 0.00000519 
4.961870 	 30 	 0.00009795 	 0.00000577 
4.964750 	 30 	 0.00009891 	 0.00000590 
4.967870 	 30 	 0.00010010 	 0.00000604 
4.970040 	 30 	 0.00010478 	 0.00000664 
4.972800 	 30 	 0.00010301 	 0.00000590 
4.974630 	 30 	 0.00011237 	 0.00000662 
4.984710 	 30 	 0.00008277 	 0.00000501 
4.990070 	 30 	 0.00008862 	 0.00000570 
4.994670 	 30 	 0.00006903 	 0.00000426 
5.004640 	 30 	 0.00005447 	 0.00000338 
5.009990 	 30 	 0.00005914 	 0.00000423 
5.014840 	 30 	 0.00007425 	 0.00000460 
5.017740 	 30 	 0.00010032 	 0.00000602 
5.017860 	 30 	 0.00009611 	 0.00000578 
5.019820 	 30 	 0.00015800 	 0.00000931 
5.024800 	 30 	 0.00030037 	 0.00001767 
5.027830 	 30 	 0.00032171 	 0.00001929 
5.030100 	 30 	 0.00034044 	 0.00002090 
5.032780 	 30 	 0.00038325 	 0.00002230 
5.035900 	 30 	 0.00044116 	 0.00002516 
5.038710 	 30 	 0.00047182 	 0.00002673 
5.041980 	 30 	 0.00045633 	 0.00002655 
5.044790 	 30 	 0.00041121 	 0.00002376 
5.049970 	 30 	 0.00034220 	 0.00002036 
5.054840 	 30 	 0.00024327 	 0.00001440 
5.064880 	 30 	 0.00015836 	 0.00000990 
5.069910 	 30 	 0.00012814 	 0.00000873 
5.074480 	 30 	 0.00011326 	 0.00000722 
5.084190 	 30 	 0.00008947 	 0.00000620 
5.089990 	 30 	 0.00009725 	 0.00000687 
5.093720 	 30 	 0.00040021 	 0.00002425 
5.096760 	 30 	 0.00072816 	 0.00003968 
5.098890 	 30 	 0.00081046 	 0.00004506 
5.099990 	 30 	 0.00084334 	 0.00004747 
5.100430 	 30 	 0.00082152 	 0.00004625 
5.100710 	 30 	 0.00081306 	 0.00004575 
5.102880 	 30 	 0.00101552 	 0.00005635 
5.104860 	 30 	 0.00106445 	 0.00005855 
5.106900 	 30 	 0.00106411 	 0.00005885 
5.108780 	 30 	 0.00108185 	 0.00005925 
5.110040 	 30 	 0.00109551 	 0.00006041 
5.110750 	 30 	 0.00107142 	 0.00005913 
5.113840 	 30 	 0.00103185 	 0.00005649 
5.118800 	 30 	 0.00087209 	 0.00004725 
5.123770 	 30 	 0.00065676 	 0.00003706 
5.128520 	 30 	 0.00046795 	 0.00002609 
5.129940 	 30 	 0.00050032 	 0.00002876 
5.133810 	 30 	 0.00038703 	 0.00002172 
5.138880 	 30 	 0.00037647 	 0.00002141 
5.141650 	 30 	 0.00036683 	 0.00002070 
5.144740 	 30 	 0.00033286 	 0.00001896 
5.147990 	 30 	 0.00030941 	 0.00001797 
5.150010 	 30 	 0.00029939 	 0.00001812 
5.150980 	 30 	 0.00028906 	 0.00001650 
5.157040 	 30 	 0.00023246 	 0.00001350 
5.159370 	 30 	 0.00021172 	 0.00001217 
5.170050 	 30 	 0.00013300 	 0.00000887 
5.189840 	 30 	 0.00010179 	 0.00000650 
5.210030 	 30 	 0.00011407 	 0.00000758 
5.230030 	 30 	 0.00014876 	 0.00001086 
5.239500 	 30 	 0.00019893 	 0.00001251 
5.243060 	 30 	 0.00021560 	 0.00001549 
5.250130 	 30 	 0.00028767 	 0.00002190 
5.259940 	 30 	 0.00043916 	 0.00002947 
5.265040 	 30 	 0.00051133 	 0.00003601 
5.269980 	 30 	 0.00064418 	 0.00004265 
5.274960 	 30 	 0.00084309 	 0.00005325 
5.275020 	 30 	 0.00087289 	 0.00004985 
5.279810 	 30 	 0.00127115 	 0.00007746 
5.284950 	 30 	 0.00160638 	 0.00009695 
5.290160 	 30 	 0.00208005 	 0.00011486 
5.292940 	 30 	 0.00255324 	 0.00013899 
5.297670 	 30 	 0.00246057 	 0.00012992 
5.299720 	 30 	 0.00243667 	 0.00013042 
5.302380 	 30 	 0.00227747 	 0.00012295 
5.308230 	 30 	 0.00197758 	 0.00010355 
5.312880 	 30 	 0.00188914 	 0.00009961 
5.317520 	 30 	 0.00162159 	 0.00008562 
5.322810 	 30 	 0.00129693 	 0.00006883 
5.327680 	 30 	 0.00106659 	 0.00005738 
5.332880 	 30 	 0.00082889 	 0.00004588 
5.332910 	 30 	 0.00083312 	 0.00004497 
5.337470 	 30 	 0.00053876 	 0.00002971 
5.342740 	 30 	 0.00034583 	 0.00002017 
5.342930 	 30 	 0.00033669 	 0.00001925 
5.346940 	 30 	 0.00025962 	 0.00001536 
5.348260 	 30 	 0.00023934 	 0.00001389 
5.348580 	 30 	 0.00022333 	 0.00001302 
5.352050 	 30 	 0.00039430 	 0.00002305 
5.353600 	 30 	 0.00029825 	 0.00001634 
5.357900 	 30 	 0.00045989 	 0.00002693 
5.357970 	 30 	 0.00049680 	 0.00002700 
5.359830 	 30 	 0.00044333 	 0.00002595 
5.361890 	 30 	 0.00042453 	 0.00002502 
5.363860 	 30 	 0.00042388 	 0.00002491 
5.366050 	 30 	 0.00040286 	 0.00002418 
5.368040 	 30 	 0.00040120 	 0.00002224 
5.368270 	 30 	 0.00040276 	 0.00002219 
5.369650 	 30 	 0.00038649 	 0.00002271 
5.371490 	 30 	 0.00041919 	 0.00002298 
5.373420 	 30 	 0.00034675 	 0.00001882 
5.374800 	 30 	 0.00023637 	 0.00001333 
5.380090 	 30 	 0.00010180 	 0.00000693 
5.382920 	 30 	 0.00006186 	 0.00000474 
5.383340 	 30 	 0.00010488 	 0.00000655 
5.383340 	 30 	 0.00008944 	 0.00000571 
5.383860 	 30 	 0.00005580 	 0.00000414 
5.385960 	 30 	 0.00004157 	 0.00000340 
5.389860 	 30 	 0.00003763 	 0.00000301 
5.393080 	 30 	 0.00003133 	 0.00000315 
5.403410 	 30 	 0.00002991 	 0.00000281 
5.414080 	 30 	 0.00003986 	 0.00000342 
5.424360 	 30 	 0.00004097 	 0.00000348 
5.435410 	 30 	 0.00004854 	 0.00000344 
5.439260 	 30 	 0.00005122 	 0.00000381 
5.440820 	 30 	 0.00004651 	 0.00000409 
3.996020 	 45 	 0.00001356 	 0.00000101 
4.000970 	 45 	 0.00002220 	 0.00000155 
4.002940 	 45 	 0.00002579 	 0.00000171 
4.004970 	 45 	 0.00002937 	 0.00000197 
4.006970 	 45 	 0.00003395 	 0.00000217 
4.009090 	 45 	 0.00003603 	 0.00000239 
4.010030 	 45 	 0.00003437 	 0.00000230 
4.015070 	 45 	 0.00004083 	 0.00000248 
4.019110 	 45 	 0.00003885 	 0.00000231 
4.019920 	 45 	 0.00003559 	 0.00000229 
4.025040 	 45 	 0.00003744 	 0.00000239 
4.029980 	 45 	 0.00003186 	 0.00000199 
4.035140 	 45 	 0.00002414 	 0.00000158 
4.269960 	 45 	 0.00001399 	 0.00000122 
4.290050 	 45 	 0.00001897 	 0.00000143 
4.291120 	 45 	 0.00002665 	 0.00000200 
4.293190 	 45 	 0.00002863 	 0.00000212 
4.294200 	 45 	 0.00003774 	 0.00000262 
4.295150 	 45 	 0.00004456 	 0.00000294 
4.296150 	 45 	 0.00005087 	 0.00000350 
4.297220 	 45 	 0.00007907 	 0.00000499 
4.298080 	 45 	 0.00022509 	 0.00001369 
4.299090 	 45 	 0.00036263 	 0.00002152 
4.301050 	 45 	 0.00053495 	 0.00003133 
4.303100 	 45 	 0.00053816 	 0.00003089 
4.305230 	 45 	 0.00050302 	 0.00002940 
4.307250 	 45 	 0.00048280 	 0.00002878 
4.309300 	 45 	 0.00047850 	 0.00002844 
4.309960 	 45 	 0.00047368 	 0.00002783 
4.311170 	 45 	 0.00045183 	 0.00002673 
4.313110 	 45 	 0.00048401 	 0.00002835 
4.315130 	 45 	 0.00047978 	 0.00002845 
4.317200 	 45 	 0.00045234 	 0.00002655 
4.319170 	 45 	 0.00045762 	 0.00002724 
4.321160 	 45 	 0.00041068 	 0.00002429 
4.322980 	 45 	 0.00037343 	 0.00002204 
4.325210 	 45 	 0.00030581 	 0.00001792 
4.327110 	 45 	 0.00024184 	 0.00001411 
4.329080 	 45 	 0.00016518 	 0.00000974 
4.330120 	 45 	 0.00023276 	 0.00001383 
4.331190 	 45 	 0.00011704 	 0.00000708 
4.333240 	 45 	 0.00007799 	 0.00000477 
4.335150 	 45 	 0.00005894 	 0.00000371 
4.340040 	 45 	 0.00003677 	 0.00000247 
4.344880 	 45 	 0.00003299 	 0.00000236 
4.349980 	 45 	 0.00003052 	 0.00000214 
4.370050 	 45 	 0.00003632 	 0.00000236 
4.390150 	 45 	 0.00003875 	 0.00000251 
4.410030 	 45 	 0.00005478 	 0.00000339 
4.420240 	 45 	 0.00007906 	 0.00000474 
4.430180 	 45 	 0.00009790 	 0.00000567 
4.440040 	 45 	 0.00018484 	 0.00001105 
4.449940 	 45 	 0.00028815 	 0.00001669 
4.454990 	 45 	 0.00066716 	 0.00003955 
4.460120 	 45 	 0.00100243 	 0.00005779 
4.469960 	 45 	 0.00104251 	 0.00005885 
4.477980 	 45 	 0.00077637 	 0.00004501 
4.486130 	 45 	 0.00037665 	 0.00002205 
4.488190 	 45 	 0.00027270 	 0.00001624 
4.490070 	 45 	 0.00036082 	 0.00002088 
4.492220 	 45 	 0.00014299 	 0.00000869 
4.494990 	 45 	 0.00009469 	 0.00000571 
4.499970 	 45 	 0.00005541 	 0.00000360 
4.510210 	 45 	 0.00004278 	 0.00000281 
4.512180 	 45 	 0.00009909 	 0.00000626 
4.515080 	 45 	 0.00030314 	 0.00001809 
4.520070 	 45 	 0.00050517 	 0.00002932 
4.525240 	 45 	 0.00093411 	 0.00005390 
4.529410 	 45 	 0.00091601 	 0.00005111 
4.535060 	 45 	 0.00157996 	 0.00008906 
4.540240 	 45 	 0.00180465 	 0.00010406 
4.549800 	 45 	 0.00222516 	 0.00011646 
4.560180 	 45 	 0.00325669 	 0.00017407 
4.570130 	 45 	 0.00303828 	 0.00016345 
4.580030 	 45 	 0.00151815 	 0.00008688 
4.590080 	 45 	 0.00082123 	 0.00004664 
4.600270 	 45 	 0.00069760 	 0.00004061 
4.609990 	 45 	 0.00161314 	 0.00008990 
4.620230 	 45 	 0.00176322 	 0.00010161 
4.629940 	 45 	 0.00136577 	 0.00007656 
4.635170 	 45 	 0.00068840 	 0.00004030 
4.639960 	 45 	 0.00040762 	 0.00002434 
4.649960 	 45 	 0.00031826 	 0.00001940 
4.670120 	 45 	 0.00017548 	 0.00001100 
4.680150 	 45 	 0.00009596 	 0.00000639 
4.689930 	 45 	 0.00007384 	 0.00000490 
4.710020 	 45 	 0.00005386 	 0.00000344 
4.730000 	 45 	 0.00005117 	 0.00000360 
4.750000 	 45 	 0.00007013 	 0.00000484 
4.755180 	 45 	 0.00012390 	 0.00000876 
4.758880 	 45 	 0.00014362 	 0.00000984 
4.770040 	 45 	 0.00016840 	 0.00001116 
4.775020 	 45 	 0.00026437 	 0.00001630 
4.780180 	 45 	 0.00059656 	 0.00003528 
4.790120 	 45 	 0.00071882 	 0.00004100 
4.799920 	 45 	 0.00059305 	 0.00003382 
4.810030 	 45 	 0.00028480 	 0.00001800 
4.812160 	 45 	 0.00013730 	 0.00000929 
4.815270 	 45 	 0.00008195 	 0.00000571 
4.820060 	 45 	 0.00004679 	 0.00000340 
4.829890 	 45 	 0.00003094 	 0.00000223 
4.850030 	 45 	 0.00001897 	 0.00000161 
4.866290 	 45 	 0.00002101 	 0.00000185 
4.889890 	 45 	 0.00002648 	 0.00000196 
4.899910 	 45 	 0.00004158 	 0.00000326 
4.910130 	 45 	 0.00006365 	 0.00000415 
4.919960 	 45 	 0.00007458 	 0.00000498 
4.926150 	 45 	 0.00008108 	 0.00000482 
4.930190 	 45 	 0.00008581 	 0.00000546 
4.936920 	 45 	 0.00007847 	 0.00000470 
4.946750 	 45 	 0.00008307 	 0.00000499 
4.950270 	 45 	 0.00008366 	 0.00000541 
4.956760 	 45 	 0.00008712 	 0.00000524 
4.961870 	 45 	 0.00009143 	 0.00000548 
4.964750 	 45 	 0.00009620 	 0.00000581 
4.967870 	 45 	 0.00010024 	 0.00000603 
4.970040 	 45 	 0.00010158 	 0.00000644 
4.972800 	 45 	 0.00010207 	 0.00000584 
4.974630 	 45 	 0.00009754 	 0.00000592 
4.984710 	 45 	 0.00008240 	 0.00000501 
4.990070 	 45 	 0.00008046 	 0.00000532 
4.994670 	 45 	 0.00006549 	 0.00000409 
5.004640 	 45 	 0.00005103 	 0.00000322 
5.009990 	 45 	 0.00005264 	 0.00000390 
5.014840 	 45 	 0.00007088 	 0.00000452 
5.017740 	 45 	 0.00009215 	 0.00000565 
5.017860 	 45 	 0.00009248 	 0.00000566 
5.019820 	 45 	 0.00015021 	 0.00000899 
5.024800 	 45 	 0.00027592 	 0.00001647 
5.027830 	 45 	 0.00031489 	 0.00001906 
5.030100 	 45 	 0.00031530 	 0.00001974 
5.032780 	 45 	 0.00037243 	 0.00002179 
5.035900 	 45 	 0.00041710 	 0.00002396 
5.038710 	 45 	 0.00044265 	 0.00002537 
5.041980 	 45 	 0.00042691 	 0.00002520 
5.044790 	 45 	 0.00038741 	 0.00002265 
5.049970 	 45 	 0.00032054 	 0.00001935 
5.054840 	 45 	 0.00022511 	 0.00001357 
5.064880 	 45 	 0.00015568 	 0.00000992 
5.069910 	 45 	 0.00012131 	 0.00000851 
5.074480 	 45 	 0.00009618 	 0.00000638 
5.084190 	 45 	 0.00008753 	 0.00000630 
5.089990 	 45 	 0.00009361 	 0.00000688 
5.093720 	 45 	 0.00035077 	 0.00002207 
5.096760 	 45 	 0.00065653 	 0.00003621 
5.098890 	 45 	 0.00072682 	 0.00004110 
5.099990 	 45 	 0.00077901 	 0.00004444 
5.100430 	 45 	 0.00076228 	 0.00004348 
5.100710 	 45 	 0.00075173 	 0.00004285 
5.102880 	 45 	 0.00096802 	 0.00005409 
5.104860 	 45 	 0.00098638 	 0.00005478 
5.106900 	 45 	 0.00097491 	 0.00005456 
5.108780 	 45 	 0.00100282 	 0.00005540 
5.110040 	 45 	 0.00100471 	 0.00005604 
5.110750 	 45 	 0.00096528 	 0.00005398 
5.113840 	 45 	 0.00097416 	 0.00005369 
5.118800 	 45 	 0.00081024 	 0.00004420 
5.123770 	 45 	 0.00059428 	 0.00003404 
5.128520 	 45 	 0.00042932 	 0.00002412 
5.129940 	 45 	 0.00045433 	 0.00002649 
5.133810 	 45 	 0.00034986 	 0.00001987 
5.138880 	 45 	 0.00034411 	 0.00001984 
5.141650 	 45 	 0.00033515 	 0.00001913 
5.144740 	 45 	 0.00030815 	 0.00001780 
5.147990 	 45 	 0.00029155 	 0.00001713 
5.150010 	 45 	 0.00027932 	 0.00001722 
5.150980 	 45 	 0.00026438 	 0.00001537 
5.157040 	 45 	 0.00022344 	 0.00001312 
5.159370 	 45 	 0.00019495 	 0.00001138 
5.170050 	 45 	 0.00012596 	 0.00000865 
5.189840 	 45 	 0.00009241 	 0.00000610 
5.210030 	 45 	 0.00010178 	 0.00000696 
5.230030 	 45 	 0.00013425 	 0.00001044 
5.239500 	 45 	 0.00017495 	 0.00001153 
5.243060 	 45 	 0.00019952 	 0.00001506 
5.250130 	 45 	 0.00026728 	 0.00002155 
5.259940 	 45 	 0.00040735 	 0.00002922 
5.265040 	 45 	 0.00049648 	 0.00003616 
5.269980 	 45 	 0.00057845 	 0.00004025 
5.274960 	 45 	 0.00079646 	 0.00005119 
5.275020 	 45 	 0.00080850 	 0.00004704 
5.279810 	 45 	 0.00119292 	 0.00007401 
5.284950 	 45 	 0.00152498 	 0.00009365 
5.290160 	 45 	 0.00193277 	 0.00010788 
5.292940 	 45 	 0.00238339 	 0.00013120 
5.297670 	 45 	 0.00224638 	 0.00011952 
5.299720 	 45 	 0.00227334 	 0.00012270 
5.302380 	 45 	 0.00210269 	 0.00011453 
5.308230 	 45 	 0.00180833 	 0.00009534 
5.312880 	 45 	 0.00171855 	 0.00009125 
5.317520 	 45 	 0.00149508 	 0.00007949 
5.322810 	 45 	 0.00119426 	 0.00006374 
5.327680 	 45 	 0.00099887 	 0.00005396 
5.332880 	 45 	 0.00075610 	 0.00004232 
5.332910 	 45 	 0.00074963 	 0.00004076 
5.337470 	 45 	 0.00050575 	 0.00002803 
5.342740 	 45 	 0.00032177 	 0.00001902 
5.342930 	 45 	 0.00031288 	 0.00001801 
5.346940 	 45 	 0.00024066 	 0.00001437 
5.348260 	 45 	 0.00022064 	 0.00001291 
5.348580 	 45 	 0.00021596 	 0.00001262 
5.352050 	 45 	 0.00035955 	 0.00002130 
5.353600 	 45 	 0.00027776 	 0.00001532 
5.357900 	 45 	 0.00043133 	 0.00002549 
5.357970 	 45 	 0.00045762 	 0.00002505 
5.359830 	 45 	 0.00040828 	 0.00002414 
5.361890 	 45 	 0.00040358 	 0.00002399 
5.363860 	 45 	 0.00040001 	 0.00002376 
5.366050 	 45 	 0.00038656 	 0.00002324 
5.368040 	 45 	 0.00036456 	 0.00002046 
5.368270 	 45 	 0.00037033 	 0.00002059 
5.369650 	 45 	 0.00036496 	 0.00002164 
5.371490 	 45 	 0.00039787 	 0.00002193 
5.373420 	 45 	 0.00032072 	 0.00001757 
5.374800 	 45 	 0.00021993 	 0.00001260 
5.380090 	 45 	 0.00009516 	 0.00000643 
5.382920 	 45 	 0.00006095 	 0.00000475 
5.383340 	 45 	 0.00010786 	 0.00000672 
5.383340 	 45 	 0.00008537 	 0.00000553 
5.383860 	 45 	 0.00005331 	 0.00000398 
5.385960 	 45 	 0.00003922 	 0.00000329 
5.389860 	 45 	 0.00003464 	 0.00000284 
5.393080 	 45 	 0.00003283 	 0.00000294 
5.403410 	 45 	 0.00002933 	 0.00000268 
5.414080 	 45 	 0.00003780 	 0.00000326 
5.424360 	 45 	 0.00003773 	 0.00000333 
5.435410 	 45 	 0.00004393 	 0.00000318 
5.439260 	 45 	 0.00005170 	 0.00000381 
5.440820 	 45 	 0.00004942 	 0.00000425 
3.996020 	 60 	 0.00001203 	 0.00000086 
4.000970 	 60 	 0.00001977 	 0.00000130 
4.002940 	 60 	 0.00002486 	 0.00000153 
4.004970 	 60 	 0.00002865 	 0.00000177 
4.006970 	 60 	 0.00003414 	 0.00000204 
4.009090 	 60 	 0.00003704 	 0.00000227 
4.010030 	 60 	 0.00003672 	 0.00000227 
4.015070 	 60 	 0.00004001 	 0.00000232 
4.019110 	 60 	 0.00004116 	 0.00000232 
4.019920 	 60 	 0.00003779 	 0.00000226 
4.025040 	 60 	 0.00003751 	 0.00000226 
4.029980 	 60 	 0.00003185 	 0.00000188 
4.035140 	 60 	 0.00002578 	 0.00000158 
4.269960 	 60 	 0.00001291 	 0.00000095 
4.290050 	 60 	 0.00001946 	 0.00000132 
4.291120 	 60 	 0.00002666 	 0.00000185 
4.293190 	 60 	 0.00002987 	 0.00000197 
4.294200 	 60 	 0.00003524 	 0.00000226 
4.295150 	 60 	 0.00004177 	 0.00000263 
4.296150 	 60 	 0.00004508 	 0.00000289 
4.297220 	 60 	 0.00007197 	 0.00000433 
4.298080 	 60 	 0.00020050 	 0.00001172 
4.299090 	 60 	 0.00032164 	 0.00001855 
4.301050 	 60 	 0.00048107 	 0.00002737 
4.303100 	 60 	 0.00048905 	 0.00002731 
4.305230 	 60 	 0.00046274 	 0.00002616 
4.307250 	 60 	 0.00043002 	 0.00002485 
4.309300 	 60 	 0.00044687 	 0.00002564 
4.309960 	 60 	 0.00044833 	 0.00002544 
4.311170 	 60 	 0.00043918 	 0.00002487 
4.313110 	 60 	 0.00042813 	 0.00002445 
4.315130 	 60 	 0.00043196 	 0.00002480 
4.317200 	 60 	 0.00041257 	 0.00002344 
4.319170 	 60 	 0.00039647 	 0.00002299 
4.321160 	 60 	 0.00038422 	 0.00002190 
4.322980 	 60 	 0.00035427 	 0.00002010 
4.325210 	 60 	 0.00027862 	 0.00001580 
4.327110 	 60 	 0.00022723 	 0.00001278 
4.329080 	 60 	 0.00015417 	 0.00000875 
4.330120 	 60 	 0.00021370 	 0.00001227 
4.331190 	 60 	 0.00010636 	 0.00000620 
4.333240 	 60 	 0.00007510 	 0.00000436 
4.335150 	 60 	 0.00005545 	 0.00000330 
4.340040 	 60 	 0.00003343 	 0.00000212 
4.344880 	 60 	 0.00003183 	 0.00000205 
4.349980 	 60 	 0.00002956 	 0.00000187 
4.370050 	 60 	 0.00003016 	 0.00000190 
4.390150 	 60 	 0.00004072 	 0.00000243 
4.410030 	 60 	 0.00005808 	 0.00000335 
4.420240 	 60 	 0.00008309 	 0.00000474 
4.430180 	 60 	 0.00010524 	 0.00000582 
4.440040 	 60 	 0.00019733 	 0.00001119 
4.449940 	 60 	 0.00031132 	 0.00001725 
4.454990 	 60 	 0.00071263 	 0.00004011 
4.460120 	 60 	 0.00108459 	 0.00005985 
4.469960 	 60 	 0.00118183 	 0.00006404 
4.477980 	 60 	 0.00083763 	 0.00004644 
4.486130 	 60 	 0.00041109 	 0.00002294 
4.488190 	 60 	 0.00029153 	 0.00001648 
4.490070 	 60 	 0.00039805 	 0.00002198 
4.492220 	 60 	 0.00015143 	 0.00000868 
4.494990 	 60 	 0.00010272 	 0.00000581 
4.499970 	 60 	 0.00005682 	 0.00000342 
4.510210 	 60 	 0.00004011 	 0.00000247 
4.512180 	 60 	 0.00009596 	 0.00000570 
4.515080 	 60 	 0.00027804 	 0.00001609 
4.520070 	 60 	 0.00048169 	 0.00002701 
4.525240 	 60 	 0.00088077 	 0.00004936 
4.529410 	 60 	 0.00087841 	 0.00004785 
4.535060 	 60 	 0.00152745 	 0.00008374 
4.540240 	 60 	 0.00168653 	 0.00009459 
4.549800 	 60 	 0.00223350 	 0.00011548 
4.560180 	 60 	 0.00341270 	 0.00017894 
4.570130 	 60 	 0.00314626 	 0.00016579 
4.580030 	 60 	 0.00164397 	 0.00009035 
4.590080 	 60 	 0.00085155 	 0.00004673 
4.600270 	 60 	 0.00068345 	 0.00003830 
4.609990 	 60 	 0.00150658 	 0.00008212 
4.620230 	 60 	 0.00175094 	 0.00009712 
4.629940 	 60 	 0.00122194 	 0.00006701 
4.635170 	 60 	 0.00066499 	 0.00003752 
4.639960 	 60 	 0.00040234 	 0.00002294 
4.649960 	 60 	 0.00032641 	 0.00001879 
4.670120 	 60 	 0.00016867 	 0.00000994 
4.680150 	 60 	 0.00008705 	 0.00000546 
4.689930 	 60 	 0.00006690 	 0.00000416 
4.710020 	 60 	 0.00005411 	 0.00000322 
4.730000 	 60 	 0.00004926 	 0.00000318 
4.750000 	 60 	 0.00006755 	 0.00000430 
4.755180 	 60 	 0.00011660 	 0.00000758 
4.758880 	 60 	 0.00013809 	 0.00000861 
4.770040 	 60 	 0.00017065 	 0.00001036 
4.775020 	 60 	 0.00025731 	 0.00001505 
4.780180 	 60 	 0.00056580 	 0.00003228 
4.790120 	 60 	 0.00066881 	 0.00003707 
4.799920 	 60 	 0.00054524 	 0.00003027 
4.810030 	 60 	 0.00026035 	 0.00001564 
4.812160 	 60 	 0.00012687 	 0.00000802 
4.815270 	 60 	 0.00007883 	 0.00000512 
4.820060 	 60 	 0.00004280 	 0.00000289 
4.829890 	 60 	 0.00002723 	 0.00000182 
4.850030 	 60 	 0.00001931 	 0.00000149 
4.866290 	 60 	 0.00001825 	 0.00000144 
4.889890 	 60 	 0.00002109 	 0.00000149 
4.899910 	 60 	 0.00004688 	 0.00000311 
4.910130 	 60 	 0.00006229 	 0.00000380 
4.919960 	 60 	 0.00007958 	 0.00000489 
4.926150 	 60 	 0.00008072 	 0.00000456 
4.930190 	 60 	 0.00007922 	 0.00000477 
4.936920 	 60 	 0.00007798 	 0.00000445 
4.946750 	 60 	 0.00008038 	 0.00000460 
4.950270 	 60 	 0.00008138 	 0.00000493 
4.956760 	 60 	 0.00008411 	 0.00000483 
4.961870 	 60 	 0.00008827 	 0.00000504 
4.964750 	 60 	 0.00009135 	 0.00000525 
4.967870 	 60 	 0.00009453 	 0.00000544 
4.970040 	 60 	 0.00010511 	 0.00000621 
4.972800 	 60 	 0.00009553 	 0.00000530 
4.974630 	 60 	 0.00009560 	 0.00000552 
4.984710 	 60 	 0.00007992 	 0.00000462 
4.990070 	 60 	 0.00008219 	 0.00000501 
4.994670 	 60 	 0.00006064 	 0.00000362 
5.004640 	 60 	 0.00004941 	 0.00000293 
5.009990 	 60 	 0.00005298 	 0.00000352 
5.014840 	 60 	 0.00006718 	 0.00000398 
5.017740 	 60 	 0.00009293 	 0.00000537 
5.017860 	 60 	 0.00008757 	 0.00000505 
5.019820 	 60 	 0.00014320 	 0.00000817 
5.024800 	 60 	 0.00026951 	 0.00001535 
5.027830 	 60 	 0.00029119 	 0.00001682 
5.030100 	 60 	 0.00030704 	 0.00001817 
5.032780 	 60 	 0.00033458 	 0.00001895 
5.035900 	 60 	 0.00039643 	 0.00002198 
5.038710 	 60 	 0.00041096 	 0.00002283 
5.041980 	 60 	 0.00039816 	 0.00002260 
5.044790 	 60 	 0.00036833 	 0.00002076 
5.049970 	 60 	 0.00028739 	 0.00001672 
5.054840 	 60 	 0.00021152 	 0.00001220 
5.064880 	 60 	 0.00013677 	 0.00000829 
5.069910 	 60 	 0.00011202 	 0.00000729 
5.074480 	 60 	 0.00009038 	 0.00000557 
5.084190 	 60 	 0.00007431 	 0.00000501 
5.089990 	 60 	 0.00008477 	 0.00000573 
5.093720 	 60 	 0.00031572 	 0.00001884 
5.096760 	 60 	 0.00061174 	 0.00003291 
5.098890 	 60 	 0.00067930 	 0.00003723 
5.099990 	 60 	 0.00072400 	 0.00004000 
5.100430 	 60 	 0.00070574 	 0.00003902 
5.100710 	 60 	 0.00071656 	 0.00003948 
5.102880 	 60 	 0.00085479 	 0.00004673 
5.104860 	 60 	 0.00092174 	 0.00004989 
5.106900 	 60 	 0.00089348 	 0.00004869 
5.108780 	 60 	 0.00091894 	 0.00004962 
5.110040 	 60 	 0.00091266 	 0.00004968 
5.110750 	 60 	 0.00092692 	 0.00005026 
5.113840 	 60 	 0.00089679 	 0.00004825 
5.118800 	 60 	 0.00074957 	 0.00004003 
5.123770 	 60 	 0.00055713 	 0.00003087 
5.128520 	 60 	 0.00039729 	 0.00002179 
5.129940 	 60 	 0.00041697 	 0.00002353 
5.133810 	 60 	 0.00031945 	 0.00001769 
5.138880 	 60 	 0.00032232 	 0.00001800 
5.141650 	 60 	 0.00031267 	 0.00001733 
5.144740 	 60 	 0.00028394 	 0.00001589 
5.147990 	 60 	 0.00027117 	 0.00001541 
5.150010 	 60 	 0.00026201 	 0.00001537 
5.150980 	 60 	 0.00024359 	 0.00001370 
5.157040 	 60 	 0.00021051 	 0.00001187 
5.159370 	 60 	 0.00018454 	 0.00001037 
5.170050 	 60 	 0.00011993 	 0.00000761 
5.189840 	 60 	 0.00008498 	 0.00000524 
5.210030 	 60 	 0.00009100 	 0.00000582 
5.230030 	 60 	 0.00012878 	 0.00000890 
5.239500 	 60 	 0.00016609 	 0.00001011 
5.243060 	 60 	 0.00017492 	 0.00001226 
5.250130 	 60 	 0.00024524 	 0.00001786 
5.259940 	 60 	 0.00036540 	 0.00002391 
5.265040 	 60 	 0.00044063 	 0.00002979 
5.269980 	 60 	 0.00054514 	 0.00003499 
5.274960 	 60 	 0.00072686 	 0.00004415 
5.275020 	 60 	 0.00070662 	 0.00003985 
5.279810 	 60 	 0.00108527 	 0.00006401 
5.284950 	 60 	 0.00142815 	 0.00008290 
5.290160 	 60 	 0.00185612 	 0.00010035 
5.292940 	 60 	 0.00210180 	 0.00011309 
5.297670 	 60 	 0.00211330 	 0.00011045 
5.299720 	 60 	 0.00204707 	 0.00010834 
5.302380 	 60 	 0.00194519 	 0.00010351 
5.308230 	 60 	 0.00167842 	 0.00008718 
5.312880 	 60 	 0.00158961 	 0.00008310 
5.317520 	 60 	 0.00136848 	 0.00007170 
5.322810 	 60 	 0.00108962 	 0.00005730 
5.327680 	 60 	 0.00090364 	 0.00004803 
5.332880 	 60 	 0.00065654 	 0.00003600 
5.332910 	 60 	 0.00070215 	 0.00003743 
5.337470 	 60 	 0.00047106 	 0.00002548 
5.342740 	 60 	 0.00029251 	 0.00001666 
5.342930 	 60 	 0.00028834 	 0.00001607 
5.346940 	 60 	 0.00022052 	 0.00001264 
5.348260 	 60 	 0.00020649 	 0.00001163 
5.348580 	 60 	 0.00019580 	 0.00001101 
5.352050 	 60 	 0.00033255 	 0.00001899 
5.353600 	 60 	 0.00025422 	 0.00001369 
5.357900 	 60 	 0.00040750 	 0.00002309 
5.357970 	 60 	 0.00042434 	 0.00002274 
5.359830 	 60 	 0.00038650 	 0.00002189 
5.361890 	 60 	 0.00037675 	 0.00002152 
5.363860 	 60 	 0.00035904 	 0.00002058 
5.366050 	 60 	 0.00035297 	 0.00002043 
5.368040 	 60 	 0.00033626 	 0.00001835 
5.368270 	 60 	 0.00034457 	 0.00001867 
5.369650 	 60 	 0.00034341 	 0.00001955 
5.371490 	 60 	 0.00036863 	 0.00001984 
5.373420 	 60 	 0.00029829 	 0.00001595 
5.374800 	 60 	 0.00019899 	 0.00001103 
5.380090 	 60 	 0.00008873 	 0.00000566 
5.382920 	 60 	 0.00005775 	 0.00000401 
5.383340 	 60 	 0.00008970 	 0.00000548 
5.383340 	 60 	 0.00008050 	 0.00000486 
5.383860 	 60 	 0.00004994 	 0.00000337 
5.385960 	 60 	 0.00003924 	 0.00000281 
5.389860 	 60 	 0.00003427 	 0.00000241 
5.393080 	 60 	 0.00003170 	 0.00000241 
5.403410 	 60 	 0.00003283 	 0.00000242 
5.414080 	 60 	 0.00003732 	 0.00000273 
5.424360 	 60 	 0.00003719 	 0.00000276 
5.435410 	 60 	 0.00003931 	 0.00000262 
5.439260 	 60 	 0.00004740 	 0.00000315 
5.440820 	 60 	 0.00005040 	 0.00000371 
3.996020 	 75 	 0.00001272 	 0.00000086 
4.000970 	 75 	 0.00001897 	 0.00000126 
4.002940 	 75 	 0.00002196 	 0.00000141 
4.004970 	 75 	 0.00002387 	 0.00000158 
4.006970 	 75 	 0.00003241 	 0.00000196 
4.009090 	 75 	 0.00003414 	 0.00000214 
4.010030 	 75 	 0.00003523 	 0.00000221 
4.015070 	 75 	 0.00004009 	 0.00000233 
4.019110 	 75 	 0.00003816 	 0.00000218 
4.019920 	 75 	 0.00003726 	 0.00000227 
4.025040 	 75 	 0.00003629 	 0.00000222 
4.029980 	 75 	 0.00003048 	 0.00000185 
4.035140 	 75 	 0.00002546 	 0.00000159 
4.269960 	 75 	 0.00001337 	 0.00000097 
4.290050 	 75 	 0.00001806 	 0.00000129 
4.291120 	 75 	 0.00002414 	 0.00000163 
4.293190 	 75 	 0.00002918 	 0.00000193 
4.294200 	 75 	 0.00003354 	 0.00000221 
4.295150 	 75 	 0.00003954 	 0.00000253 
4.296150 	 75 	 0.00004524 	 0.00000284 
4.297220 	 75 	 0.00006719 	 0.00000412 
4.298080 	 75 	 0.00018176 	 0.00001088 
4.299090 	 75 	 0.00029060 	 0.00001709 
4.301050 	 75 	 0.00044342 	 0.00002559 
4.303100 	 75 	 0.00042889 	 0.00002444 
4.305230 	 75 	 0.00042124 	 0.00002424 
4.307250 	 75 	 0.00039386 	 0.00002326 
4.309300 	 75 	 0.00039343 	 0.00002312 
4.309960 	 75 	 0.00040577 	 0.00002335 
4.311170 	 75 	 0.00039214 	 0.00002269 
4.313110 	 75 	 0.00038864 	 0.00002266 
4.315130 	 75 	 0.00038346 	 0.00002250 
4.317200 	 75 	 0.00038623 	 0.00002227 
4.319170 	 75 	 0.00036762 	 0.00002180 
4.321160 	 75 	 0.00034809 	 0.00002022 
4.322980 	 75 	 0.00031268 	 0.00001814 
4.325210 	 75 	 0.00025648 	 0.00001475 
4.327110 	 75 	 0.00020111 	 0.00001158 
4.329080 	 75 	 0.00013625 	 0.00000792 
4.330120 	 75 	 0.00018937 	 0.00001113 
4.331190 	 75 	 0.00009826 	 0.00000586 
4.333240 	 75 	 0.00006509 	 0.00000393 
4.335150 	 75 	 0.00005496 	 0.00000327 
4.340040 	 75 	 0.00003052 	 0.00000200 
4.344880 	 75 	 0.00002896 	 0.00000193 
4.349980 	 75 	 0.00002636 	 0.00000174 
4.370050 	 75 	 0.00003135 	 0.00000194 
4.390150 	 75 	 0.00003999 	 0.00000242 
4.410030 	 75 	 0.00005590 	 0.00000329 
4.420240 	 75 	 0.00008517 	 0.00000489 
4.430180 	 75 	 0.00010267 	 0.00000574 
4.440040 	 75 	 0.00019348 	 0.00001114 
4.449940 	 75 	 0.00030592 	 0.00001717 
4.454990 	 75 	 0.00073591 	 0.00004156 
4.460120 	 75 	 0.00109445 	 0.00006082 
4.469960 	 75 	 0.00115768 	 0.00006327 
4.477980 	 75 	 0.00086504 	 0.00004822 
4.486130 	 75 	 0.00040817 	 0.00002299 
4.488190 	 75 	 0.00030446 	 0.00001727 
4.490070 	 75 	 0.00039675 	 0.00002209 
4.492220 	 75 	 0.00015384 	 0.00000887 
4.494990 	 75 	 0.00010090 	 0.00000578 
4.499970 	 75 	 0.00005558 	 0.00000335 
4.510210 	 75 	 0.00003902 	 0.00000243 
4.512180 	 75 	 0.00008516 	 0.00000523 
4.515080 	 75 	 0.00024881 	 0.00001477 
4.520070 	 75 	 0.00043901 	 0.00002510 
4.525240 	 75 	 0.00082447 	 0.00004700 
4.529410 	 75 	 0.00081110 	 0.00004484 
4.535060 	 75 	 0.00142927 	 0.00007942 
4.540240 	 75 	 0.00160986 	 0.00009168 
4.549800 	 75 	 0.00211543 	 0.00010993 
4.560180 	 75 	 0.00341409 	 0.00017969 
4.570130 	 75 	 0.00309863 	 0.00016419 
4.580030 	 75 	 0.00162618 	 0.00009012 
4.590080 	 75 	 0.00083077 	 0.00004604 
4.600270 	 75 	 0.00065396 	 0.00003706 
4.609990 	 75 	 0.00139420 	 0.00007666 
4.620230 	 75 	 0.00150580 	 0.00008542 
4.629940 	 75 	 0.00111148 	 0.00006169 
4.635170 	 75 	 0.00060963 	 0.00003488 
4.639960 	 75 	 0.00036089 	 0.00002105 
4.649960 	 75 	 0.00032445 	 0.00001869 
4.670120 	 75 	 0.00016003 	 0.00000950 
4.680150 	 75 	 0.00008282 	 0.00000523 
4.689930 	 75 	 0.00006527 	 0.00000409 
4.710020 	 75 	 0.00005306 	 0.00000313 
4.730000 	 75 	 0.00004729 	 0.00000309 
4.750000 	 75 	 0.00006542 	 0.00000419 
4.755180 	 75 	 0.00011956 	 0.00000753 
4.758880 	 75 	 0.00014274 	 0.00000858 
4.770040 	 75 	 0.00016726 	 0.00001016 
4.775020 	 75 	 0.00024848 	 0.00001468 
4.780180 	 75 	 0.00048935 	 0.00002877 
4.790120 	 75 	 0.00062233 	 0.00003503 
4.799920 	 75 	 0.00051175 	 0.00002881 
4.810030 	 75 	 0.00024697 	 0.00001508 
4.812160 	 75 	 0.00011805 	 0.00000768 
4.815270 	 75 	 0.00007283 	 0.00000490 
4.820060 	 75 	 0.00003858 	 0.00000272 
4.829890 	 75 	 0.00002600 	 0.00000175 
4.850030 	 75 	 0.00001932 	 0.00000154 
4.866290 	 75 	 0.00001945 	 0.00000152 
4.889890 	 75 	 0.00002159 	 0.00000145 
4.899910 	 75 	 0.00004151 	 0.00000293 
4.910130 	 75 	 0.00006549 	 0.00000395 
4.919960 	 75 	 0.00008345 	 0.00000514 
4.926150 	 75 	 0.00007859 	 0.00000447 
4.930190 	 75 	 0.00008002 	 0.00000483 
4.936920 	 75 	 0.00007671 	 0.00000441 
4.946750 	 75 	 0.00007896 	 0.00000456 
4.950270 	 75 	 0.00007855 	 0.00000483 
4.956760 	 75 	 0.00008353 	 0.00000486 
4.961870 	 75 	 0.00008844 	 0.00000508 
4.964750 	 75 	 0.00009645 	 0.00000554 
4.967870 	 75 	 0.00009197 	 0.00000540 
4.970040 	 75 	 0.00009670 	 0.00000582 
4.972800 	 75 	 0.00009261 	 0.00000520 
4.974630 	 75 	 0.00009373 	 0.00000547 
4.984710 	 75 	 0.00007887 	 0.00000458 
4.990070 	 75 	 0.00007083 	 0.00000450 
4.994670 	 75 	 0.00006183 	 0.00000367 
5.004640 	 75 	 0.00004884 	 0.00000291 
5.009990 	 75 	 0.00005292 	 0.00000356 
5.014840 	 75 	 0.00006375 	 0.00000387 
5.017740 	 75 	 0.00008745 	 0.00000513 
5.017860 	 75 	 0.00008611 	 0.00000501 
5.019820 	 75 	 0.00013708 	 0.00000795 
5.024800 	 75 	 0.00024165 	 0.00001417 
5.027830 	 75 	 0.00026992 	 0.00001592 
5.030100 	 75 	 0.00028917 	 0.00001738 
5.032780 	 75 	 0.00031790 	 0.00001835 
5.035900 	 75 	 0.00037286 	 0.00002096 
5.038710 	 75 	 0.00038149 	 0.00002155 
5.041980 	 75 	 0.00036765 	 0.00002135 
5.044790 	 75 	 0.00034208 	 0.00001969 
5.049970 	 75 	 0.00026411 	 0.00001574 
5.054840 	 75 	 0.00019179 	 0.00001133 
5.064880 	 75 	 0.00012906 	 0.00000800 
5.069910 	 75 	 0.00010366 	 0.00000694 
5.074480 	 75 	 0.00008449 	 0.00000536 
5.084190 	 75 	 0.00007590 	 0.00000508 
5.089990 	 75 	 0.00008163 	 0.00000556 
5.093720 	 75 	 0.00029966 	 0.00001807 
5.096760 	 75 	 0.00056802 	 0.00003082 
5.098890 	 75 	 0.00063746 	 0.00003526 
5.099990 	 75 	 0.00066127 	 0.00003703 
5.100430 	 75 	 0.00066384 	 0.00003706 
5.100710 	 75 	 0.00064280 	 0.00003597 
5.102880 	 75 	 0.00080397 	 0.00004437 
5.104860 	 75 	 0.00083769 	 0.00004586 
5.106900 	 75 	 0.00086304 	 0.00004739 
5.108780 	 75 	 0.00084308 	 0.00004607 
5.110040 	 75 	 0.00085424 	 0.00004689 
5.110750 	 75 	 0.00084227 	 0.00004636 
5.113840 	 75 	 0.00083937 	 0.00004561 
5.118800 	 75 	 0.00070451 	 0.00003804 
5.123770 	 75 	 0.00050348 	 0.00002852 
5.128520 	 75 	 0.00038992 	 0.00002154 
5.129940 	 75 	 0.00039351 	 0.00002248 
5.133810 	 75 	 0.00030173 	 0.00001699 
5.138880 	 75 	 0.00030548 	 0.00001733 
5.141650 	 75 	 0.00028929 	 0.00001630 
5.144740 	 75 	 0.00027080 	 0.00001529 
5.147990 	 75 	 0.00024662 	 0.00001434 
5.150010 	 75 	 0.00023052 	 0.00001398 
5.150980 	 75 	 0.00022205 	 0.00001271 
5.157040 	 75 	 0.00019331 	 0.00001111 
5.159370 	 75 	 0.00017345 	 0.00000986 
5.170050 	 75 	 0.00010771 	 0.00000703 
5.189840 	 75 	 0.00008185 	 0.00000508 
5.210030 	 75 	 0.00008771 	 0.00000563 
5.230030 	 75 	 0.00011947 	 0.00000800 
5.239500 	 75 	 0.00015885 	 0.00000957 
5.243060 	 75 	 0.00017514 	 0.00001177 
5.250130 	 75 	 0.00023789 	 0.00001661 
5.259940 	 75 	 0.00036925 	 0.00002357 
5.265040 	 75 	 0.00042352 	 0.00002787 
5.269980 	 75 	 0.00049878 	 0.00003181 
5.274960 	 75 	 0.00068195 	 0.00004132 
5.275020 	 75 	 0.00065423 	 0.00003700 
5.279810 	 75 	 0.00102992 	 0.00006089 
5.284950 	 75 	 0.00132919 	 0.00007792 
5.290160 	 75 	 0.00169350 	 0.00009227 
5.292940 	 75 	 0.00194624 	 0.00010532 
5.297670 	 75 	 0.00195580 	 0.00010259 
5.299720 	 75 	 0.00189373 	 0.00010068 
5.302380 	 75 	 0.00182283 	 0.00009741 
5.308230 	 75 	 0.00157354 	 0.00008196 
5.312880 	 75 	 0.00150440 	 0.00007891 
5.317520 	 75 	 0.00127466 	 0.00006715 
5.322810 	 75 	 0.00098610 	 0.00005234 
5.327680 	 75 	 0.00085505 	 0.00004586 
5.332880 	 75 	 0.00060001 	 0.00003356 
5.332910 	 75 	 0.00064772 	 0.00003495 
5.337470 	 75 	 0.00043346 	 0.00002381 
5.342740 	 75 	 0.00026034 	 0.00001536 
5.342930 	 75 	 0.00026978 	 0.00001540 
5.346940 	 75 	 0.00020458 	 0.00001213 
5.348260 	 75 	 0.00019363 	 0.00001120 
5.348580 	 75 	 0.00017841 	 0.00001040 
5.352050 	 75 	 0.00030600 	 0.00001796 
5.353600 	 75 	 0.00023308 	 0.00001278 
5.357900 	 75 	 0.00037124 	 0.00002150 
5.357970 	 75 	 0.00039001 	 0.00002118 
5.359830 	 75 	 0.00034905 	 0.00002031 
5.361890 	 75 	 0.00032273 	 0.00001910 
5.363860 	 75 	 0.00032697 	 0.00001919 
5.366050 	 75 	 0.00032763 	 0.00001938 
5.368040 	 75 	 0.00031080 	 0.00001725 
5.368270 	 75 	 0.00031958 	 0.00001756 
5.369650 	 75 	 0.00032392 	 0.00001868 
5.371490 	 75 	 0.00034201 	 0.00001865 
5.373420 	 75 	 0.00027336 	 0.00001481 
5.374800 	 75 	 0.00018381 	 0.00001036 
5.380090 	 75 	 0.00008247 	 0.00000545 
5.382920 	 75 	 0.00005464 	 0.00000375 
5.383340 	 75 	 0.00007689 	 0.00000489 
5.383340 	 75 	 0.00007291 	 0.00000455 
5.383860 	 75 	 0.00005104 	 0.00000335 
5.385960 	 75 	 0.00003661 	 0.00000282 
5.389860 	 75 	 0.00003275 	 0.00000242 
5.393080 	 75 	 0.00003255 	 0.00000235 
5.403410 	 75 	 0.00002972 	 0.00000243 
5.414080 	 75 	 0.00003607 	 0.00000274 
5.424360 	 75 	 0.00003704 	 0.00000297 
5.435410 	 75 	 0.00003956 	 0.00000270 
5.439260 	 75 	 0.00004503 	 0.00000308 
5.440820 	 75 	 0.00004370 	 0.00000334 
3.996020 	 90 	 0.00001045 	 0.00000092 
4.000970 	 90 	 0.00001257 	 0.00000116 
4.002940 	 90 	 0.00001489 	 0.00000136 
4.004970 	 90 	 0.00002007 	 0.00000175 
4.006970 	 90 	 0.00002785 	 0.00000212 
4.009090 	 90 	 0.00002980 	 0.00000236 
4.010030 	 90 	 0.00003156 	 0.00000251 
4.015070 	 90 	 0.00003420 	 0.00000240 
4.019110 	 90 	 0.00003544 	 0.00000237 
4.019920 	 90 	 0.00003182 	 0.00000246 
4.025040 	 90 	 0.00003027 	 0.00000233 
4.029980 	 90 	 0.00002746 	 0.00000200 
4.035140 	 90 	 0.00001909 	 0.00000158 
4.269960 	 90 	 0.00001292 	 0.00000118 
4.290050 	 90 	 0.00001671 	 0.00000149 
4.291120 	 90 	 0.00001991 	 0.00000185 
4.293190 	 90 	 0.00002883 	 0.00000234 
4.294200 	 90 	 0.00002957 	 0.00000241 
4.295150 	 90 	 0.00003617 	 0.00000288 
4.296150 	 90 	 0.00003426 	 0.00000299 
4.297220 	 90 	 0.00006007 	 0.00000444 
4.298080 	 90 	 0.00016752 	 0.00001204 
4.299090 	 90 	 0.00025481 	 0.00001817 
4.301050 	 90 	 0.00040551 	 0.00002744 
4.303100 	 90 	 0.00040859 	 0.00002677 
4.305230 	 90 	 0.00035852 	 0.00002444 
4.307250 	 90 	 0.00034888 	 0.00002468 
4.309300 	 90 	 0.00035143 	 0.00002474 
4.309960 	 90 	 0.00036982 	 0.00002484 
4.311170 	 90 	 0.00034349 	 0.00002343 
4.313110 	 90 	 0.00034644 	 0.00002369 
4.315130 	 90 	 0.00032903 	 0.00002331 
4.317200 	 90 	 0.00034590 	 0.00002343 
4.319170 	 90 	 0.00033918 	 0.00002404 
4.321160 	 90 	 0.00030056 	 0.00002089 
4.322980 	 90 	 0.00027215 	 0.00001886 
4.325210 	 90 	 0.00022102 	 0.00001513 
4.327110 	 90 	 0.00018373 	 0.00001241 
4.329080 	 90 	 0.00011634 	 0.00000804 
4.330120 	 90 	 0.00017689 	 0.00001238 
4.331190 	 90 	 0.00008442 	 0.00000616 
4.333240 	 90 	 0.00006514 	 0.00000468 
4.335150 	 90 	 0.00004514 	 0.00000335 
4.340040 	 90 	 0.00002828 	 0.00000229 
4.344880 	 90 	 0.00002523 	 0.00000217 
4.349980 	 90 	 0.00002586 	 0.00000206 
4.370050 	 90 	 0.00002818 	 0.00000217 
4.390150 	 90 	 0.00004249 	 0.00000298 
4.410030 	 90 	 0.00005395 	 0.00000368 
4.420240 	 90 	 0.00007458 	 0.00000501 
4.430180 	 90 	 0.00009981 	 0.00000624 
4.440040 	 90 	 0.00019117 	 0.00001253 
4.449940 	 90 	 0.00030536 	 0.00001910 
4.454990 	 90 	 0.00072808 	 0.00004657 
4.460120 	 90 	 0.00104063 	 0.00006482 
4.469960 	 90 	 0.00110761 	 0.00006674 
4.477980 	 90 	 0.00082198 	 0.00005123 
4.486130 	 90 	 0.00037356 	 0.00002402 
4.488190 	 90 	 0.00028656 	 0.00001870 
4.490070 	 90 	 0.00038601 	 0.00002398 
4.492220 	 90 	 0.00013931 	 0.00000946 
4.494990 	 90 	 0.00009100 	 0.00000604 
4.499970 	 90 	 0.00004898 	 0.00000362 
4.510210 	 90 	 0.00004214 	 0.00000299 
4.512180 	 90 	 0.00008100 	 0.00000595 
4.515080 	 90 	 0.00021949 	 0.00001580 
4.520070 	 90 	 0.00041433 	 0.00002734 
4.525240 	 90 	 0.00074243 	 0.00004886 
4.529410 	 90 	 0.00075111 	 0.00004653 
4.535060 	 90 	 0.00134972 	 0.00008458 
4.540240 	 90 	 0.00149226 	 0.00009742 
4.549800 	 90 	 0.00206868 	 0.00011206 
4.560180 	 90 	 0.00320914 	 0.00017948 
4.570130 	 90 	 0.00305816 	 0.00017228 
4.580030 	 90 	 0.00149711 	 0.00009306 
4.590080 	 90 	 0.00085419 	 0.00005204 
4.600270 	 90 	 0.00059688 	 0.00003886 
4.609990 	 90 	 0.00130923 	 0.00007957 
4.620230 	 90 	 0.00146543 	 0.00009377 
4.629940 	 90 	 0.00099534 	 0.00006212 
4.635170 	 90 	 0.00055208 	 0.00003656 
4.639960 	 90 	 0.00033658 	 0.00002274 
4.649960 	 90 	 0.00028846 	 0.00001952 
4.670120 	 90 	 0.00015001 	 0.00001020 
4.680150 	 90 	 0.00008032 	 0.00000600 
4.689930 	 90 	 0.00005965 	 0.00000448 
4.710020 	 90 	 0.00005115 	 0.00000356 
4.730000 	 90 	 0.00004453 	 0.00000340 
4.750000 	 90 	 0.00006150 	 0.00000480 
4.755180 	 90 	 0.00011258 	 0.00000842 
4.758880 	 90 	 0.00012158 	 0.00000886 
4.770040 	 90 	 0.00014866 	 0.00001076 
4.775020 	 90 	 0.00022270 	 0.00001535 
4.780180 	 90 	 0.00043135 	 0.00003036 
4.790120 	 90 	 0.00058569 	 0.00003749 
4.799920 	 90 	 0.00049869 	 0.00003127 
4.810030 	 90 	 0.00023707 	 0.00001717 
4.812160 	 90 	 0.00011030 	 0.00000892 
4.815270 	 90 	 0.00006803 	 0.00000560 
4.820060 	 90 	 0.00003791 	 0.00000331 
4.829890 	 90 	 0.00002726 	 0.00000221 
4.850030 	 90 	 0.00002043 	 0.00000174 
4.866290 	 90 	 0.00001830 	 0.00000199 
4.889890 	 90 	 0.00002130 	 0.00000175 
4.899910 	 90 	 0.00003878 	 0.00000345 
4.910130 	 90 	 0.00006187 	 0.00000442 
4.919960 	 90 	 0.00007528 	 0.00000566 
4.926150 	 90 	 0.00008214 	 0.00000516 
4.930190 	 90 	 0.00007913 	 0.00000568 
4.936920 	 90 	 0.00007422 	 0.00000479 
4.946750 	 90 	 0.00008038 	 0.00000512 
4.950270 	 90 	 0.00007239 	 0.00000534 
4.956760 	 90 	 0.00008622 	 0.00000552 
4.961870 	 90 	 0.00008595 	 0.00000545 
4.964750 	 90 	 0.00008994 	 0.00000581 
4.967870 	 90 	 0.00008998 	 0.00000586 
4.970040 	 90 	 0.00008977 	 0.00000639 
4.972800 	 90 	 0.00009157 	 0.00000564 
4.974630 	 90 	 0.00009001 	 0.00000589 
4.984710 	 90 	 0.00007703 	 0.00000506 
4.990070 	 90 	 0.00007416 	 0.00000534 
4.994670 	 90 	 0.00005945 	 0.00000403 
5.004640 	 90 	 0.00004730 	 0.00000325 
5.009990 	 90 	 0.00005034 	 0.00000404 
5.014840 	 90 	 0.00006137 	 0.00000438 
5.017740 	 90 	 0.00008648 	 0.00000573 
5.017860 	 90 	 0.00008314 	 0.00000546 
5.019820 	 90 	 0.00012829 	 0.00000848 
5.024800 	 90 	 0.00023768 	 0.00001580 
5.027830 	 90 	 0.00025707 	 0.00001746 
5.030100 	 90 	 0.00028458 	 0.00001983 
5.032780 	 90 	 0.00032242 	 0.00002071 
5.035900 	 90 	 0.00036088 	 0.00002269 
5.038710 	 90 	 0.00038024 	 0.00002376 
5.041980 	 90 	 0.00036969 	 0.00002402 
5.044790 	 90 	 0.00033126 	 0.00002139 
5.049970 	 90 	 0.00025502 	 0.00001768 
5.054840 	 90 	 0.00017237 	 0.00001200 
5.064880 	 90 	 0.00012736 	 0.00000907 
5.069910 	 90 	 0.00010904 	 0.00000871 
5.074480 	 90 	 0.00008554 	 0.00000630 
5.084190 	 90 	 0.00007109 	 0.00000573 
5.089990 	 90 	 0.00008622 	 0.00000675 
5.093720 	 90 	 0.00027827 	 0.00001931 
5.096760 	 90 	 0.00055077 	 0.00003205 
5.098890 	 90 	 0.00061080 	 0.00003677 
5.099990 	 90 	 0.00063491 	 0.00003927 
5.100430 	 90 	 0.00061489 	 0.00003795 
5.100710 	 90 	 0.00062979 	 0.00003863 
5.102880 	 90 	 0.00077139 	 0.00004673 
5.104860 	 90 	 0.00080596 	 0.00004800 
5.106900 	 90 	 0.00081650 	 0.00004912 
5.108780 	 90 	 0.00079950 	 0.00004753 
5.110040 	 90 	 0.00084725 	 0.00005071 
5.110750 	 90 	 0.00082629 	 0.00004927 
5.113840 	 90 	 0.00080777 	 0.00004755 
5.118800 	 90 	 0.00067275 	 0.00003915 
5.123770 	 90 	 0.00049257 	 0.00003099 
5.128520 	 90 	 0.00035633 	 0.00002198 
5.129940 	 90 	 0.00037312 	 0.00002421 
5.133810 	 90 	 0.00028909 	 0.00001823 
5.138880 	 90 	 0.00029404 	 0.00001877 
5.141650 	 90 	 0.00027376 	 0.00001722 
5.144740 	 90 	 0.00025889 	 0.00001652 
5.147990 	 90 	 0.00023293 	 0.00001566 
5.150010 	 90 	 0.00022732 	 0.00001626 
5.150980 	 90 	 0.00022544 	 0.00001426 
5.157040 	 90 	 0.00018432 	 0.00001211 
5.159370 	 90 	 0.00017065 	 0.00001082 
5.170050 	 90 	 0.00010544 	 0.00000835 
5.189840 	 90 	 0.00008341 	 0.00000579 
5.210030 	 90 	 0.00009142 	 0.00000666 
5.230030 	 90 	 0.00012531 	 0.00000988 
5.239500 	 90 	 0.00014598 	 0.00000998 
5.243060 	 90 	 0.00016821 	 0.00001291 
5.250130 	 90 	 0.00024326 	 0.00001933 
5.259940 	 90 	 0.00034382 	 0.00002534 
5.265040 	 90 	 0.00040752 	 0.00003172 
5.269980 	 90 	 0.00050100 	 0.00003652 
5.274960 	 90 	 0.00063255 	 0.00004434 
5.275020 	 90 	 0.00065276 	 0.00003987 
5.279810 	 90 	 0.00098877 	 0.00006678 
5.284950 	 90 	 0.00124106 	 0.00008257 
5.290160 	 90 	 0.00172625 	 0.00010045 
5.292940 	 90 	 0.00193176 	 0.00011196 
5.297670 	 90 	 0.00188519 	 0.00010375 
5.299720 	 90 	 0.00182585 	 0.00010302 
5.302380 	 90 	 0.00172812 	 0.00009876 
5.308230 	 90 	 0.00151336 	 0.00008219 
5.312880 	 90 	 0.00143066 	 0.00007903 
5.317520 	 90 	 0.00120994 	 0.00006739 
5.322810 	 90 	 0.00097925 	 0.00005500 
5.327680 	 90 	 0.00083588 	 0.00004797 
5.332880 	 90 	 0.00060443 	 0.00003715 
5.332910 	 90 	 0.00062058 	 0.00003631 
5.337470 	 90 	 0.00043319 	 0.00002610 
5.342740 	 90 	 0.00026192 	 0.00001771 
5.342930 	 90 	 0.00027240 	 0.00001742 
5.346940 	 90 	 0.00020196 	 0.00001373 
5.348260 	 90 	 0.00019917 	 0.00001299 
5.348580 	 90 	 0.00018486 	 0.00001211 
5.352050 	 90 	 0.00028889 	 0.00001982 
5.353600 	 90 	 0.00023220 	 0.00001402 
5.357900 	 90 	 0.00036272 	 0.00002397 
5.357970 	 90 	 0.00038942 	 0.00002285 
5.359830 	 90 	 0.00034828 	 0.00002288 
5.361890 	 90 	 0.00034740 	 0.00002283 
5.363860 	 90 	 0.00033031 	 0.00002194 
5.366050 	 90 	 0.00031023 	 0.00002113 
5.368040 	 90 	 0.00030076 	 0.00001840 
5.368270 	 90 	 0.00031053 	 0.00001870 
5.369650 	 90 	 0.00031464 	 0.00002044 
5.371490 	 90 	 0.00033182 	 0.00001969 
5.373420 	 90 	 0.00026818 	 0.00001567 
5.374800 	 90 	 0.00018275 	 0.00001147 
5.380090 	 90 	 0.00007629 	 0.00000637 
5.382920 	 90 	 0.00005176 	 0.00000485 
5.383340 	 90 	 0.00008547 	 0.00000630 
5.383340 	 90 	 0.00007547 	 0.00000568 
5.383860 	 90 	 0.00004132 	 0.00000387 
5.385960 	 90 	 0.00003950 	 0.00000355 
5.389860 	 90 	 0.00003180 	 0.00000335 
5.393080 	 90 	 0.00003032 	 0.00000301 
5.403410 	 90 	 0.00003248 	 0.00000322 
5.414080 	 90 	 0.00003881 	 0.00000372 
5.424360 	 90 	 0.00003584 	 0.00000368 
5.435410 	 90 	 0.00004116 	 0.00000353 
5.439260 	 90 	 0.00004806 	 0.00000404 
5.440820 	 90 	 0.00005556 	 0.00000448 
